chart,hero_position,scenario,vs,villain_type,hand,aggressive_action,aggressive_pct,call_action,call_pct,other_action,other_pct,fold_pct,source_video,video_date,timestamp,notes,situational
RFI - EP - 200BB,EP,open,,,AA,raise,100,,0,,0,0,Live Poker Preflop Guide (2026),2026-01-06,before 6:29,,no
RFI - EP - 200BB,EP,open,,,AKs,raise,100,,0,,0,0,Live Poker Preflop Guide (2026),2026-01-06,before 6:29,,no
RFI - EP - 200BB,EP,open,,,AQs,raise,100,,0,,0,0,Live Poker Preflop Guide (2026),2026-01-06,before 6:29,,no
RFI - EP - 200BB,EP,open,,,AJs,raise,100,,0,,0,0,Live Poker Preflop Guide (2026),2026-01-06,before 6:29,,no
RFI - EP - 200BB,EP,open,,,ATs,raise,100,,0,,0,0,Live Poker Preflop Guide (2026),2026-01-06,before 6:29,,no
RFI - EP - 200BB,EP,open,,,A9s,raise,100,,0,,0,0,Live Poker Preflop Guide (2026),2026-01-06,before 6:29,,no
RFI - EP - 200BB,EP,open,,,A8s,raise,0,,0,,0,100,Live Poker Preflop Guide (2026),2026-01-06,before 6:29,,no
RFI - EP - 200BB,EP,open,,,A7s,raise,0,,0,,0,100,Live Poker Preflop Guide (2026),2026-01-06,before 6:29,,no
RFI - EP - 200BB,EP,open,,,A6s,raise,0,,0,,0,100,Live Poker Preflop Guide (2026),2026-01-06,before 6:29,,no
RFI - EP - 200BB,EP,open,,,A5s,raise,100,,0,,0,0,Live Poker Preflop Guide (2026),2026-01-06,before 6:29,,no
RFI - EP - 200BB,EP,open,,,A4s,raise,100,,0,,0,0,Live Poker Preflop Guide (2026),2026-01-06,before 6:29,,no
RFI - EP - 200BB,EP,open,,,A3s,raise,100,,0,,0,0,Live Poker Preflop Guide (2026),2026-01-06,before 6:29,,no
RFI - EP - 200BB,EP,open,,,A2s,raise,0,,0,,0,100,Live Poker Preflop Guide (2026),2026-01-06,before 6:29,,no
RFI - EP - 200BB,EP,open,,,AKo,raise,100,,0,,0,0,Live Poker Preflop Guide (2026),2026-01-06,before 6:29,,no
RFI - EP - 200BB,EP,open,,,KK,raise,100,,0,,0,0,Live Poker Preflop Guide (2026),2026-01-06,before 6:29,,no
RFI - EP - 200BB,EP,open,,,KQs,raise,100,,0,,0,0,Live Poker Preflop Guide (2026),2026-01-06,before 6:29,,no
RFI - EP - 200BB,EP,open,,,KJs,raise,100,,0,,0,0,Live Poker Preflop Guide (2026),2026-01-06,before 6:29,,no
RFI - EP - 200BB,EP,open,,,KTs,raise,100,,0,,0,0,Live Poker Preflop Guide (2026),2026-01-06,before 6:29,,no
RFI - EP - 200BB,EP,open,,,K9s,raise,100,,0,,0,0,Live Poker Preflop Guide (2026),2026-01-06,before 6:29,,no
RFI - EP - 200BB,EP,open,,,K8s,raise,0,,0,,0,100,Live Poker Preflop Guide (2026),2026-01-06,before 6:29,,no
RFI - EP - 200BB,EP,open,,,K7s,raise,0,,0,,0,100,Live Poker Preflop Guide (2026),2026-01-06,before 6:29,,no
RFI - EP - 200BB,EP,open,,,K6s,raise,0,,0,,0,100,Live Poker Preflop Guide (2026),2026-01-06,before 6:29,,no
RFI - EP - 200BB,EP,open,,,K5s,raise,0,,0,,0,100,Live Poker Preflop Guide (2026),2026-01-06,before 6:29,,no
RFI - EP - 200BB,EP,open,,,K4s,raise,0,,0,,0,100,Live Poker Preflop Guide (2026),2026-01-06,before 6:29,,no
RFI - EP - 200BB,EP,open,,,K3s,raise,0,,0,,0,100,Live Poker Preflop Guide (2026),2026-01-06,before 6:29,,no
RFI - EP - 200BB,EP,open,,,K2s,raise,0,,0,,0,100,Live Poker Preflop Guide (2026),2026-01-06,before 6:29,,no
RFI - EP - 200BB,EP,open,,,AQo,raise,100,,0,,0,0,Live Poker Preflop Guide (2026),2026-01-06,before 6:29,,no
RFI - EP - 200BB,EP,open,,,KQo,raise,0,,0,,0,100,Live Poker Preflop Guide (2026),2026-01-06,before 6:29,,no
RFI - EP - 200BB,EP,open,,,QQ,raise,100,,0,,0,0,Live Poker Preflop Guide (2026),2026-01-06,before 6:29,,no
RFI - EP - 200BB,EP,open,,,QJs,raise,100,,0,,0,0,Live Poker Preflop Guide (2026),2026-01-06,before 6:29,,no
RFI - EP - 200BB,EP,open,,,QTs,raise,100,,0,,0,0,Live Poker Preflop Guide (2026),2026-01-06,before 6:29,,no
RFI - EP - 200BB,EP,open,,,Q9s,raise,100,,0,,0,0,Live Poker Preflop Guide (2026),2026-01-06,before 6:29,,no
RFI - EP - 200BB,EP,open,,,Q8s,raise,0,,0,,0,100,Live Poker Preflop Guide (2026),2026-01-06,before 6:29,,no
RFI - EP - 200BB,EP,open,,,Q7s,raise,0,,0,,0,100,Live Poker Preflop Guide (2026),2026-01-06,before 6:29,,no
RFI - EP - 200BB,EP,open,,,Q6s,raise,0,,0,,0,100,Live Poker Preflop Guide (2026),2026-01-06,before 6:29,,no
RFI - EP - 200BB,EP,open,,,Q5s,raise,0,,0,,0,100,Live Poker Preflop Guide (2026),2026-01-06,before 6:29,,no
RFI - EP - 200BB,EP,open,,,Q4s,raise,0,,0,,0,100,Live Poker Preflop Guide (2026),2026-01-06,before 6:29,,no
RFI - EP - 200BB,EP,open,,,Q3s,raise,0,,0,,0,100,Live Poker Preflop Guide (2026),2026-01-06,before 6:29,,no
RFI - EP - 200BB,EP,open,,,Q2s,raise,0,,0,,0,100,Live Poker Preflop Guide (2026),2026-01-06,before 6:29,,no
RFI - EP - 200BB,EP,open,,,AJo,raise,0,,0,,0,100,Live Poker Preflop Guide (2026),2026-01-06,before 6:29,,no
RFI - EP - 200BB,EP,open,,,KJo,raise,0,,0,,0,100,Live Poker Preflop Guide (2026),2026-01-06,before 6:29,,no
RFI - EP - 200BB,EP,open,,,QJo,raise,0,,0,,0,100,Live Poker Preflop Guide (2026),2026-01-06,before 6:29,,no
RFI - EP - 200BB,EP,open,,,JJ,raise,100,,0,,0,0,Live Poker Preflop Guide (2026),2026-01-06,before 6:29,,no
RFI - EP - 200BB,EP,open,,,JTs,raise,100,,0,,0,0,Live Poker Preflop Guide (2026),2026-01-06,before 6:29,,no
RFI - EP - 200BB,EP,open,,,J9s,raise,100,,0,,0,0,Live Poker Preflop Guide (2026),2026-01-06,before 6:29,,no
RFI - EP - 200BB,EP,open,,,J8s,raise,0,,0,,0,100,Live Poker Preflop Guide (2026),2026-01-06,before 6:29,,no
RFI - EP - 200BB,EP,open,,,J7s,raise,0,,0,,0,100,Live Poker Preflop Guide (2026),2026-01-06,before 6:29,,no
RFI - EP - 200BB,EP,open,,,J6s,raise,0,,0,,0,100,Live Poker Preflop Guide (2026),2026-01-06,before 6:29,,no
RFI - EP - 200BB,EP,open,,,J5s,raise,0,,0,,0,100,Live Poker Preflop Guide (2026),2026-01-06,before 6:29,,no
RFI - EP - 200BB,EP,open,,,J4s,raise,0,,0,,0,100,Live Poker Preflop Guide (2026),2026-01-06,before 6:29,,no
RFI - EP - 200BB,EP,open,,,J3s,raise,0,,0,,0,100,Live Poker Preflop Guide (2026),2026-01-06,before 6:29,,no
RFI - EP - 200BB,EP,open,,,J2s,raise,0,,0,,0,100,Live Poker Preflop Guide (2026),2026-01-06,before 6:29,,no
RFI - EP - 200BB,EP,open,,,ATo,raise,0,,0,,0,100,Live Poker Preflop Guide (2026),2026-01-06,before 6:29,,no
RFI - EP - 200BB,EP,open,,,KTo,raise,0,,0,,0,100,Live Poker Preflop Guide (2026),2026-01-06,before 6:29,,no
RFI - EP - 200BB,EP,open,,,QTo,raise,0,,0,,0,100,Live Poker Preflop Guide (2026),2026-01-06,before 6:29,,no
RFI - EP - 200BB,EP,open,,,JTo,raise,0,,0,,0,100,Live Poker Preflop Guide (2026),2026-01-06,before 6:29,,no
RFI - EP - 200BB,EP,open,,,TT,raise,100,,0,,0,0,Live Poker Preflop Guide (2026),2026-01-06,before 6:29,,no
RFI - EP - 200BB,EP,open,,,T9s,raise,100,,0,,0,0,Live Poker Preflop Guide (2026),2026-01-06,before 6:29,,no
RFI - EP - 200BB,EP,open,,,T8s,raise,0,,0,,0,100,Live Poker Preflop Guide (2026),2026-01-06,before 6:29,,no
RFI - EP - 200BB,EP,open,,,T7s,raise,0,,0,,0,100,Live Poker Preflop Guide (2026),2026-01-06,before 6:29,,no
RFI - EP - 200BB,EP,open,,,T6s,raise,0,,0,,0,100,Live Poker Preflop Guide (2026),2026-01-06,before 6:29,,no
RFI - EP - 200BB,EP,open,,,T5s,raise,0,,0,,0,100,Live Poker Preflop Guide (2026),2026-01-06,before 6:29,,no
RFI - EP - 200BB,EP,open,,,T4s,raise,0,,0,,0,100,Live Poker Preflop Guide (2026),2026-01-06,before 6:29,,no
RFI - EP - 200BB,EP,open,,,T3s,raise,0,,0,,0,100,Live Poker Preflop Guide (2026),2026-01-06,before 6:29,,no
RFI - EP - 200BB,EP,open,,,T2s,raise,0,,0,,0,100,Live Poker Preflop Guide (2026),2026-01-06,before 6:29,,no
RFI - EP - 200BB,EP,open,,,A9o,raise,0,,0,,0,100,Live Poker Preflop Guide (2026),2026-01-06,before 6:29,,no
RFI - EP - 200BB,EP,open,,,K9o,raise,0,,0,,0,100,Live Poker Preflop Guide (2026),2026-01-06,before 6:29,,no
RFI - EP - 200BB,EP,open,,,Q9o,raise,0,,0,,0,100,Live Poker Preflop Guide (2026),2026-01-06,before 6:29,,no
RFI - EP - 200BB,EP,open,,,J9o,raise,0,,0,,0,100,Live Poker Preflop Guide (2026),2026-01-06,before 6:29,,no
RFI - EP - 200BB,EP,open,,,T9o,raise,0,,0,,0,100,Live Poker Preflop Guide (2026),2026-01-06,before 6:29,,no
RFI - EP - 200BB,EP,open,,,99,raise,100,,0,,0,0,Live Poker Preflop Guide (2026),2026-01-06,before 6:29,,no
RFI - EP - 200BB,EP,open,,,98s,raise,100,,0,,0,0,Live Poker Preflop Guide (2026),2026-01-06,before 6:29,,no
RFI - EP - 200BB,EP,open,,,97s,raise,0,,0,,0,100,Live Poker Preflop Guide (2026),2026-01-06,before 6:29,,no
RFI - EP - 200BB,EP,open,,,96s,raise,0,,0,,0,100,Live Poker Preflop Guide (2026),2026-01-06,before 6:29,,no
RFI - EP - 200BB,EP,open,,,95s,raise,0,,0,,0,100,Live Poker Preflop Guide (2026),2026-01-06,before 6:29,,no
RFI - EP - 200BB,EP,open,,,94s,raise,0,,0,,0,100,Live Poker Preflop Guide (2026),2026-01-06,before 6:29,,no
RFI - EP - 200BB,EP,open,,,93s,raise,0,,0,,0,100,Live Poker Preflop Guide (2026),2026-01-06,before 6:29,,no
RFI - EP - 200BB,EP,open,,,92s,raise,0,,0,,0,100,Live Poker Preflop Guide (2026),2026-01-06,before 6:29,,no
RFI - EP - 200BB,EP,open,,,A8o,raise,0,,0,,0,100,Live Poker Preflop Guide (2026),2026-01-06,before 6:29,,no
RFI - EP - 200BB,EP,open,,,K8o,raise,0,,0,,0,100,Live Poker Preflop Guide (2026),2026-01-06,before 6:29,,no
RFI - EP - 200BB,EP,open,,,Q8o,raise,0,,0,,0,100,Live Poker Preflop Guide (2026),2026-01-06,before 6:29,,no
RFI - EP - 200BB,EP,open,,,J8o,raise,0,,0,,0,100,Live Poker Preflop Guide (2026),2026-01-06,before 6:29,,no
RFI - EP - 200BB,EP,open,,,T8o,raise,0,,0,,0,100,Live Poker Preflop Guide (2026),2026-01-06,before 6:29,,no
RFI - EP - 200BB,EP,open,,,98o,raise,0,,0,,0,100,Live Poker Preflop Guide (2026),2026-01-06,before 6:29,,no
RFI - EP - 200BB,EP,open,,,88,raise,100,,0,,0,0,Live Poker Preflop Guide (2026),2026-01-06,before 6:29,,no
RFI - EP - 200BB,EP,open,,,87s,raise,100,,0,,0,0,Live Poker Preflop Guide (2026),2026-01-06,before 6:29,,no
RFI - EP - 200BB,EP,open,,,86s,raise,0,,0,,0,100,Live Poker Preflop Guide (2026),2026-01-06,before 6:29,,no
RFI - EP - 200BB,EP,open,,,85s,raise,0,,0,,0,100,Live Poker Preflop Guide (2026),2026-01-06,before 6:29,,no
RFI - EP - 200BB,EP,open,,,84s,raise,0,,0,,0,100,Live Poker Preflop Guide (2026),2026-01-06,before 6:29,,no
RFI - EP - 200BB,EP,open,,,83s,raise,0,,0,,0,100,Live Poker Preflop Guide (2026),2026-01-06,before 6:29,,no
RFI - EP - 200BB,EP,open,,,82s,raise,0,,0,,0,100,Live Poker Preflop Guide (2026),2026-01-06,before 6:29,,no
RFI - EP - 200BB,EP,open,,,A7o,raise,0,,0,,0,100,Live Poker Preflop Guide (2026),2026-01-06,before 6:29,,no
RFI - EP - 200BB,EP,open,,,K7o,raise,0,,0,,0,100,Live Poker Preflop Guide (2026),2026-01-06,before 6:29,,no
RFI - EP - 200BB,EP,open,,,Q7o,raise,0,,0,,0,100,Live Poker Preflop Guide (2026),2026-01-06,before 6:29,,no
RFI - EP - 200BB,EP,open,,,J7o,raise,0,,0,,0,100,Live Poker Preflop Guide (2026),2026-01-06,before 6:29,,no
RFI - EP - 200BB,EP,open,,,T7o,raise,0,,0,,0,100,Live Poker Preflop Guide (2026),2026-01-06,before 6:29,,no
RFI - EP - 200BB,EP,open,,,97o,raise,0,,0,,0,100,Live Poker Preflop Guide (2026),2026-01-06,before 6:29,,no
RFI - EP - 200BB,EP,open,,,87o,raise,0,,0,,0,100,Live Poker Preflop Guide (2026),2026-01-06,before 6:29,,no
RFI - EP - 200BB,EP,open,,,77,raise,100,,0,,0,0,Live Poker Preflop Guide (2026),2026-01-06,before 6:29,,no
RFI - EP - 200BB,EP,open,,,76s,raise,100,,0,,0,0,Live Poker Preflop Guide (2026),2026-01-06,before 6:29,,no
RFI - EP - 200BB,EP,open,,,75s,raise,0,,0,,0,100,Live Poker Preflop Guide (2026),2026-01-06,before 6:29,,no
RFI - EP - 200BB,EP,open,,,74s,raise,0,,0,,0,100,Live Poker Preflop Guide (2026),2026-01-06,before 6:29,,no
RFI - EP - 200BB,EP,open,,,73s,raise,0,,0,,0,100,Live Poker Preflop Guide (2026),2026-01-06,before 6:29,,no
RFI - EP - 200BB,EP,open,,,72s,raise,0,,0,,0,100,Live Poker Preflop Guide (2026),2026-01-06,before 6:29,,no
RFI - EP - 200BB,EP,open,,,A6o,raise,0,,0,,0,100,Live Poker Preflop Guide (2026),2026-01-06,before 6:29,,no
RFI - EP - 200BB,EP,open,,,K6o,raise,0,,0,,0,100,Live Poker Preflop Guide (2026),2026-01-06,before 6:29,,no
RFI - EP - 200BB,EP,open,,,Q6o,raise,0,,0,,0,100,Live Poker Preflop Guide (2026),2026-01-06,before 6:29,,no
RFI - EP - 200BB,EP,open,,,J6o,raise,0,,0,,0,100,Live Poker Preflop Guide (2026),2026-01-06,before 6:29,,no
RFI - EP - 200BB,EP,open,,,T6o,raise,0,,0,,0,100,Live Poker Preflop Guide (2026),2026-01-06,before 6:29,,no
RFI - EP - 200BB,EP,open,,,96o,raise,0,,0,,0,100,Live Poker Preflop Guide (2026),2026-01-06,before 6:29,,no
RFI - EP - 200BB,EP,open,,,86o,raise,0,,0,,0,100,Live Poker Preflop Guide (2026),2026-01-06,before 6:29,,no
RFI - EP - 200BB,EP,open,,,76o,raise,0,,0,,0,100,Live Poker Preflop Guide (2026),2026-01-06,before 6:29,,no
RFI - EP - 200BB,EP,open,,,66,raise,100,,0,,0,0,Live Poker Preflop Guide (2026),2026-01-06,before 6:29,,no
RFI - EP - 200BB,EP,open,,,65s,raise,100,,0,,0,0,Live Poker Preflop Guide (2026),2026-01-06,before 6:29,,no
RFI - EP - 200BB,EP,open,,,64s,raise,0,,0,,0,100,Live Poker Preflop Guide (2026),2026-01-06,before 6:29,,no
RFI - EP - 200BB,EP,open,,,63s,raise,0,,0,,0,100,Live Poker Preflop Guide (2026),2026-01-06,before 6:29,,no
RFI - EP - 200BB,EP,open,,,62s,raise,0,,0,,0,100,Live Poker Preflop Guide (2026),2026-01-06,before 6:29,,no
RFI - EP - 200BB,EP,open,,,A5o,raise,0,,0,,0,100,Live Poker Preflop Guide (2026),2026-01-06,before 6:29,,no
RFI - EP - 200BB,EP,open,,,K5o,raise,0,,0,,0,100,Live Poker Preflop Guide (2026),2026-01-06,before 6:29,,no
RFI - EP - 200BB,EP,open,,,Q5o,raise,0,,0,,0,100,Live Poker Preflop Guide (2026),2026-01-06,before 6:29,,no
RFI - EP - 200BB,EP,open,,,J5o,raise,0,,0,,0,100,Live Poker Preflop Guide (2026),2026-01-06,before 6:29,,no
RFI - EP - 200BB,EP,open,,,T5o,raise,0,,0,,0,100,Live Poker Preflop Guide (2026),2026-01-06,before 6:29,,no
RFI - EP - 200BB,EP,open,,,95o,raise,0,,0,,0,100,Live Poker Preflop Guide (2026),2026-01-06,before 6:29,,no
RFI - EP - 200BB,EP,open,,,85o,raise,0,,0,,0,100,Live Poker Preflop Guide (2026),2026-01-06,before 6:29,,no
RFI - EP - 200BB,EP,open,,,75o,raise,0,,0,,0,100,Live Poker Preflop Guide (2026),2026-01-06,before 6:29,,no
RFI - EP - 200BB,EP,open,,,65o,raise,0,,0,,0,100,Live Poker Preflop Guide (2026),2026-01-06,before 6:29,,no
RFI - EP - 200BB,EP,open,,,55,raise,0,,0,,0,100,Live Poker Preflop Guide (2026),2026-01-06,before 6:29,,no
RFI - EP - 200BB,EP,open,,,54s,raise,0,,0,,0,100,Live Poker Preflop Guide (2026),2026-01-06,before 6:29,,no
RFI - EP - 200BB,EP,open,,,53s,raise,0,,0,,0,100,Live Poker Preflop Guide (2026),2026-01-06,before 6:29,,no
RFI - EP - 200BB,EP,open,,,52s,raise,0,,0,,0,100,Live Poker Preflop Guide (2026),2026-01-06,before 6:29,,no
RFI - EP - 200BB,EP,open,,,A4o,raise,0,,0,,0,100,Live Poker Preflop Guide (2026),2026-01-06,before 6:29,,no
RFI - EP - 200BB,EP,open,,,K4o,raise,0,,0,,0,100,Live Poker Preflop Guide (2026),2026-01-06,before 6:29,,no
RFI - EP - 200BB,EP,open,,,Q4o,raise,0,,0,,0,100,Live Poker Preflop Guide (2026),2026-01-06,before 6:29,,no
RFI - EP - 200BB,EP,open,,,J4o,raise,0,,0,,0,100,Live Poker Preflop Guide (2026),2026-01-06,before 6:29,,no
RFI - EP - 200BB,EP,open,,,T4o,raise,0,,0,,0,100,Live Poker Preflop Guide (2026),2026-01-06,before 6:29,,no
RFI - EP - 200BB,EP,open,,,94o,raise,0,,0,,0,100,Live Poker Preflop Guide (2026),2026-01-06,before 6:29,,no
RFI - EP - 200BB,EP,open,,,84o,raise,0,,0,,0,100,Live Poker Preflop Guide (2026),2026-01-06,before 6:29,,no
RFI - EP - 200BB,EP,open,,,74o,raise,0,,0,,0,100,Live Poker Preflop Guide (2026),2026-01-06,before 6:29,,no
RFI - EP - 200BB,EP,open,,,64o,raise,0,,0,,0,100,Live Poker Preflop Guide (2026),2026-01-06,before 6:29,,no
RFI - EP - 200BB,EP,open,,,54o,raise,0,,0,,0,100,Live Poker Preflop Guide (2026),2026-01-06,before 6:29,,no
RFI - EP - 200BB,EP,open,,,44,raise,0,,0,,0,100,Live Poker Preflop Guide (2026),2026-01-06,before 6:29,,no
RFI - EP - 200BB,EP,open,,,43s,raise,0,,0,,0,100,Live Poker Preflop Guide (2026),2026-01-06,before 6:29,,no
RFI - EP - 200BB,EP,open,,,42s,raise,0,,0,,0,100,Live Poker Preflop Guide (2026),2026-01-06,before 6:29,,no
RFI - EP - 200BB,EP,open,,,A3o,raise,0,,0,,0,100,Live Poker Preflop Guide (2026),2026-01-06,before 6:29,,no
RFI - EP - 200BB,EP,open,,,K3o,raise,0,,0,,0,100,Live Poker Preflop Guide (2026),2026-01-06,before 6:29,,no
RFI - EP - 200BB,EP,open,,,Q3o,raise,0,,0,,0,100,Live Poker Preflop Guide (2026),2026-01-06,before 6:29,,no
RFI - EP - 200BB,EP,open,,,J3o,raise,0,,0,,0,100,Live Poker Preflop Guide (2026),2026-01-06,before 6:29,,no
RFI - EP - 200BB,EP,open,,,T3o,raise,0,,0,,0,100,Live Poker Preflop Guide (2026),2026-01-06,before 6:29,,no
RFI - EP - 200BB,EP,open,,,93o,raise,0,,0,,0,100,Live Poker Preflop Guide (2026),2026-01-06,before 6:29,,no
RFI - EP - 200BB,EP,open,,,83o,raise,0,,0,,0,100,Live Poker Preflop Guide (2026),2026-01-06,before 6:29,,no
RFI - EP - 200BB,EP,open,,,73o,raise,0,,0,,0,100,Live Poker Preflop Guide (2026),2026-01-06,before 6:29,,no
RFI - EP - 200BB,EP,open,,,63o,raise,0,,0,,0,100,Live Poker Preflop Guide (2026),2026-01-06,before 6:29,,no
RFI - EP - 200BB,EP,open,,,53o,raise,0,,0,,0,100,Live Poker Preflop Guide (2026),2026-01-06,before 6:29,,no
RFI - EP - 200BB,EP,open,,,43o,raise,0,,0,,0,100,Live Poker Preflop Guide (2026),2026-01-06,before 6:29,,no
RFI - EP - 200BB,EP,open,,,33,raise,0,,0,,0,100,Live Poker Preflop Guide (2026),2026-01-06,before 6:29,,no
RFI - EP - 200BB,EP,open,,,32s,raise,0,,0,,0,100,Live Poker Preflop Guide (2026),2026-01-06,before 6:29,,no
RFI - EP - 200BB,EP,open,,,A2o,raise,0,,0,,0,100,Live Poker Preflop Guide (2026),2026-01-06,before 6:29,,no
RFI - EP - 200BB,EP,open,,,K2o,raise,0,,0,,0,100,Live Poker Preflop Guide (2026),2026-01-06,before 6:29,,no
RFI - EP - 200BB,EP,open,,,Q2o,raise,0,,0,,0,100,Live Poker Preflop Guide (2026),2026-01-06,before 6:29,,no
RFI - EP - 200BB,EP,open,,,J2o,raise,0,,0,,0,100,Live Poker Preflop Guide (2026),2026-01-06,before 6:29,,no
RFI - EP - 200BB,EP,open,,,T2o,raise,0,,0,,0,100,Live Poker Preflop Guide (2026),2026-01-06,before 6:29,,no
RFI - EP - 200BB,EP,open,,,92o,raise,0,,0,,0,100,Live Poker Preflop Guide (2026),2026-01-06,before 6:29,,no
RFI - EP - 200BB,EP,open,,,82o,raise,0,,0,,0,100,Live Poker Preflop Guide (2026),2026-01-06,before 6:29,,no
RFI - EP - 200BB,EP,open,,,72o,raise,0,,0,,0,100,Live Poker Preflop Guide (2026),2026-01-06,before 6:29,,no
RFI - EP - 200BB,EP,open,,,62o,raise,0,,0,,0,100,Live Poker Preflop Guide (2026),2026-01-06,before 6:29,,no
RFI - EP - 200BB,EP,open,,,52o,raise,0,,0,,0,100,Live Poker Preflop Guide (2026),2026-01-06,before 6:29,,no
RFI - EP - 200BB,EP,open,,,42o,raise,0,,0,,0,100,Live Poker Preflop Guide (2026),2026-01-06,before 6:29,,no
RFI - EP - 200BB,EP,open,,,32o,raise,0,,0,,0,100,Live Poker Preflop Guide (2026),2026-01-06,before 6:29,,no
RFI - EP - 200BB,EP,open,,,22,raise,0,,0,,0,100,Live Poker Preflop Guide (2026),2026-01-06,before 6:29,,no
RFI - HJ - 200BB,HJ,open,,,AA,raise,100,,0,,0,0,Live Poker Preflop Guide (2026),2026-01-06,6:29,,no
RFI - HJ - 200BB,HJ,open,,,AKs,raise,100,,0,,0,0,Live Poker Preflop Guide (2026),2026-01-06,6:29,,no
RFI - HJ - 200BB,HJ,open,,,AQs,raise,100,,0,,0,0,Live Poker Preflop Guide (2026),2026-01-06,6:29,,no
RFI - HJ - 200BB,HJ,open,,,AJs,raise,100,,0,,0,0,Live Poker Preflop Guide (2026),2026-01-06,6:29,,no
RFI - HJ - 200BB,HJ,open,,,ATs,raise,100,,0,,0,0,Live Poker Preflop Guide (2026),2026-01-06,6:29,,no
RFI - HJ - 200BB,HJ,open,,,A9s,raise,100,,0,,0,0,Live Poker Preflop Guide (2026),2026-01-06,6:29,,no
RFI - HJ - 200BB,HJ,open,,,A8s,raise,100,,0,,0,0,Live Poker Preflop Guide (2026),2026-01-06,6:29,,no
RFI - HJ - 200BB,HJ,open,,,A7s,raise,100,,0,,0,0,Live Poker Preflop Guide (2026),2026-01-06,6:29,,no
RFI - HJ - 200BB,HJ,open,,,A6s,raise,100,,0,,0,0,Live Poker Preflop Guide (2026),2026-01-06,6:29,,no
RFI - HJ - 200BB,HJ,open,,,A5s,raise,100,,0,,0,0,Live Poker Preflop Guide (2026),2026-01-06,6:29,,no
RFI - HJ - 200BB,HJ,open,,,A4s,raise,100,,0,,0,0,Live Poker Preflop Guide (2026),2026-01-06,6:29,,no
RFI - HJ - 200BB,HJ,open,,,A3s,raise,100,,0,,0,0,Live Poker Preflop Guide (2026),2026-01-06,6:29,,no
RFI - HJ - 200BB,HJ,open,,,A2s,raise,100,,0,,0,0,Live Poker Preflop Guide (2026),2026-01-06,6:29,,no
RFI - HJ - 200BB,HJ,open,,,AKo,raise,100,,0,,0,0,Live Poker Preflop Guide (2026),2026-01-06,6:29,,no
RFI - HJ - 200BB,HJ,open,,,KK,raise,100,,0,,0,0,Live Poker Preflop Guide (2026),2026-01-06,6:29,,no
RFI - HJ - 200BB,HJ,open,,,KQs,raise,100,,0,,0,0,Live Poker Preflop Guide (2026),2026-01-06,6:29,,no
RFI - HJ - 200BB,HJ,open,,,KJs,raise,100,,0,,0,0,Live Poker Preflop Guide (2026),2026-01-06,6:29,,no
RFI - HJ - 200BB,HJ,open,,,KTs,raise,100,,0,,0,0,Live Poker Preflop Guide (2026),2026-01-06,6:29,,no
RFI - HJ - 200BB,HJ,open,,,K9s,raise,100,,0,,0,0,Live Poker Preflop Guide (2026),2026-01-06,6:29,,no
RFI - HJ - 200BB,HJ,open,,,K8s,raise,100,,0,,0,0,Live Poker Preflop Guide (2026),2026-01-06,6:29,,no
RFI - HJ - 200BB,HJ,open,,,K7s,raise,100,,0,,0,0,Live Poker Preflop Guide (2026),2026-01-06,6:29,,no
RFI - HJ - 200BB,HJ,open,,,K6s,raise,0,,0,,0,100,Live Poker Preflop Guide (2026),2026-01-06,6:29,,no
RFI - HJ - 200BB,HJ,open,,,K5s,raise,0,,0,,0,100,Live Poker Preflop Guide (2026),2026-01-06,6:29,,no
RFI - HJ - 200BB,HJ,open,,,K4s,raise,0,,0,,0,100,Live Poker Preflop Guide (2026),2026-01-06,6:29,,no
RFI - HJ - 200BB,HJ,open,,,K3s,raise,0,,0,,0,100,Live Poker Preflop Guide (2026),2026-01-06,6:29,,no
RFI - HJ - 200BB,HJ,open,,,K2s,raise,0,,0,,0,100,Live Poker Preflop Guide (2026),2026-01-06,6:29,,no
RFI - HJ - 200BB,HJ,open,,,AQo,raise,100,,0,,0,0,Live Poker Preflop Guide (2026),2026-01-06,6:29,,no
RFI - HJ - 200BB,HJ,open,,,KQo,raise,100,,0,,0,0,Live Poker Preflop Guide (2026),2026-01-06,6:29,,no
RFI - HJ - 200BB,HJ,open,,,QQ,raise,100,,0,,0,0,Live Poker Preflop Guide (2026),2026-01-06,6:29,,no
RFI - HJ - 200BB,HJ,open,,,QJs,raise,100,,0,,0,0,Live Poker Preflop Guide (2026),2026-01-06,6:29,,no
RFI - HJ - 200BB,HJ,open,,,QTs,raise,100,,0,,0,0,Live Poker Preflop Guide (2026),2026-01-06,6:29,,no
RFI - HJ - 200BB,HJ,open,,,Q9s,raise,100,,0,,0,0,Live Poker Preflop Guide (2026),2026-01-06,6:29,,no
RFI - HJ - 200BB,HJ,open,,,Q8s,raise,100,,0,,0,0,Live Poker Preflop Guide (2026),2026-01-06,6:29,,no
RFI - HJ - 200BB,HJ,open,,,Q7s,raise,0,,0,,0,100,Live Poker Preflop Guide (2026),2026-01-06,6:29,,no
RFI - HJ - 200BB,HJ,open,,,Q6s,raise,0,,0,,0,100,Live Poker Preflop Guide (2026),2026-01-06,6:29,,no
RFI - HJ - 200BB,HJ,open,,,Q5s,raise,0,,0,,0,100,Live Poker Preflop Guide (2026),2026-01-06,6:29,,no
RFI - HJ - 200BB,HJ,open,,,Q4s,raise,0,,0,,0,100,Live Poker Preflop Guide (2026),2026-01-06,6:29,,no
RFI - HJ - 200BB,HJ,open,,,Q3s,raise,0,,0,,0,100,Live Poker Preflop Guide (2026),2026-01-06,6:29,,no
RFI - HJ - 200BB,HJ,open,,,Q2s,raise,0,,0,,0,100,Live Poker Preflop Guide (2026),2026-01-06,6:29,,no
RFI - HJ - 200BB,HJ,open,,,AJo,raise,100,,0,,0,0,Live Poker Preflop Guide (2026),2026-01-06,6:29,,no
RFI - HJ - 200BB,HJ,open,,,KJo,raise,100,,0,,0,0,Live Poker Preflop Guide (2026),2026-01-06,6:29,,no
RFI - HJ - 200BB,HJ,open,,,QJo,raise,0,,0,,0,100,Live Poker Preflop Guide (2026),2026-01-06,6:29,,no
RFI - HJ - 200BB,HJ,open,,,JJ,raise,100,,0,,0,0,Live Poker Preflop Guide (2026),2026-01-06,6:29,,no
RFI - HJ - 200BB,HJ,open,,,JTs,raise,100,,0,,0,0,Live Poker Preflop Guide (2026),2026-01-06,6:29,,no
RFI - HJ - 200BB,HJ,open,,,J9s,raise,100,,0,,0,0,Live Poker Preflop Guide (2026),2026-01-06,6:29,,no
RFI - HJ - 200BB,HJ,open,,,J8s,raise,100,,0,,0,0,Live Poker Preflop Guide (2026),2026-01-06,6:29,,no
RFI - HJ - 200BB,HJ,open,,,J7s,raise,0,,0,,0,100,Live Poker Preflop Guide (2026),2026-01-06,6:29,,no
RFI - HJ - 200BB,HJ,open,,,J6s,raise,0,,0,,0,100,Live Poker Preflop Guide (2026),2026-01-06,6:29,,no
RFI - HJ - 200BB,HJ,open,,,J5s,raise,0,,0,,0,100,Live Poker Preflop Guide (2026),2026-01-06,6:29,,no
RFI - HJ - 200BB,HJ,open,,,J4s,raise,0,,0,,0,100,Live Poker Preflop Guide (2026),2026-01-06,6:29,,no
RFI - HJ - 200BB,HJ,open,,,J3s,raise,0,,0,,0,100,Live Poker Preflop Guide (2026),2026-01-06,6:29,,no
RFI - HJ - 200BB,HJ,open,,,J2s,raise,0,,0,,0,100,Live Poker Preflop Guide (2026),2026-01-06,6:29,,no
RFI - HJ - 200BB,HJ,open,,,ATo,raise,100,,0,,0,0,Live Poker Preflop Guide (2026),2026-01-06,6:29,,no
RFI - HJ - 200BB,HJ,open,,,KTo,raise,0,,0,,0,100,Live Poker Preflop Guide (2026),2026-01-06,6:29,,no
RFI - HJ - 200BB,HJ,open,,,QTo,raise,0,,0,,0,100,Live Poker Preflop Guide (2026),2026-01-06,6:29,,no
RFI - HJ - 200BB,HJ,open,,,JTo,raise,0,,0,,0,100,Live Poker Preflop Guide (2026),2026-01-06,6:29,,no
RFI - HJ - 200BB,HJ,open,,,TT,raise,100,,0,,0,0,Live Poker Preflop Guide (2026),2026-01-06,6:29,,no
RFI - HJ - 200BB,HJ,open,,,T9s,raise,100,,0,,0,0,Live Poker Preflop Guide (2026),2026-01-06,6:29,,no
RFI - HJ - 200BB,HJ,open,,,T8s,raise,100,,0,,0,0,Live Poker Preflop Guide (2026),2026-01-06,6:29,,no
RFI - HJ - 200BB,HJ,open,,,T7s,raise,0,,0,,0,100,Live Poker Preflop Guide (2026),2026-01-06,6:29,,no
RFI - HJ - 200BB,HJ,open,,,T6s,raise,0,,0,,0,100,Live Poker Preflop Guide (2026),2026-01-06,6:29,,no
RFI - HJ - 200BB,HJ,open,,,T5s,raise,0,,0,,0,100,Live Poker Preflop Guide (2026),2026-01-06,6:29,,no
RFI - HJ - 200BB,HJ,open,,,T4s,raise,0,,0,,0,100,Live Poker Preflop Guide (2026),2026-01-06,6:29,,no
RFI - HJ - 200BB,HJ,open,,,T3s,raise,0,,0,,0,100,Live Poker Preflop Guide (2026),2026-01-06,6:29,,no
RFI - HJ - 200BB,HJ,open,,,T2s,raise,0,,0,,0,100,Live Poker Preflop Guide (2026),2026-01-06,6:29,,no
RFI - HJ - 200BB,HJ,open,,,A9o,raise,0,,0,,0,100,Live Poker Preflop Guide (2026),2026-01-06,6:29,,no
RFI - HJ - 200BB,HJ,open,,,K9o,raise,0,,0,,0,100,Live Poker Preflop Guide (2026),2026-01-06,6:29,,no
RFI - HJ - 200BB,HJ,open,,,Q9o,raise,0,,0,,0,100,Live Poker Preflop Guide (2026),2026-01-06,6:29,,no
RFI - HJ - 200BB,HJ,open,,,J9o,raise,0,,0,,0,100,Live Poker Preflop Guide (2026),2026-01-06,6:29,,no
RFI - HJ - 200BB,HJ,open,,,T9o,raise,0,,0,,0,100,Live Poker Preflop Guide (2026),2026-01-06,6:29,,no
RFI - HJ - 200BB,HJ,open,,,99,raise,100,,0,,0,0,Live Poker Preflop Guide (2026),2026-01-06,6:29,,no
RFI - HJ - 200BB,HJ,open,,,98s,raise,100,,0,,0,0,Live Poker Preflop Guide (2026),2026-01-06,6:29,,no
RFI - HJ - 200BB,HJ,open,,,97s,raise,0,,0,,0,100,Live Poker Preflop Guide (2026),2026-01-06,6:29,,no
RFI - HJ - 200BB,HJ,open,,,96s,raise,0,,0,,0,100,Live Poker Preflop Guide (2026),2026-01-06,6:29,,no
RFI - HJ - 200BB,HJ,open,,,95s,raise,0,,0,,0,100,Live Poker Preflop Guide (2026),2026-01-06,6:29,,no
RFI - HJ - 200BB,HJ,open,,,94s,raise,0,,0,,0,100,Live Poker Preflop Guide (2026),2026-01-06,6:29,,no
RFI - HJ - 200BB,HJ,open,,,93s,raise,0,,0,,0,100,Live Poker Preflop Guide (2026),2026-01-06,6:29,,no
RFI - HJ - 200BB,HJ,open,,,92s,raise,0,,0,,0,100,Live Poker Preflop Guide (2026),2026-01-06,6:29,,no
RFI - HJ - 200BB,HJ,open,,,A8o,raise,0,,0,,0,100,Live Poker Preflop Guide (2026),2026-01-06,6:29,,no
RFI - HJ - 200BB,HJ,open,,,K8o,raise,0,,0,,0,100,Live Poker Preflop Guide (2026),2026-01-06,6:29,,no
RFI - HJ - 200BB,HJ,open,,,Q8o,raise,0,,0,,0,100,Live Poker Preflop Guide (2026),2026-01-06,6:29,,no
RFI - HJ - 200BB,HJ,open,,,J8o,raise,0,,0,,0,100,Live Poker Preflop Guide (2026),2026-01-06,6:29,,no
RFI - HJ - 200BB,HJ,open,,,T8o,raise,0,,0,,0,100,Live Poker Preflop Guide (2026),2026-01-06,6:29,,no
RFI - HJ - 200BB,HJ,open,,,98o,raise,0,,0,,0,100,Live Poker Preflop Guide (2026),2026-01-06,6:29,,no
RFI - HJ - 200BB,HJ,open,,,88,raise,100,,0,,0,0,Live Poker Preflop Guide (2026),2026-01-06,6:29,,no
RFI - HJ - 200BB,HJ,open,,,87s,raise,100,,0,,0,0,Live Poker Preflop Guide (2026),2026-01-06,6:29,,no
RFI - HJ - 200BB,HJ,open,,,86s,raise,0,,0,,0,100,Live Poker Preflop Guide (2026),2026-01-06,6:29,,no
RFI - HJ - 200BB,HJ,open,,,85s,raise,0,,0,,0,100,Live Poker Preflop Guide (2026),2026-01-06,6:29,,no
RFI - HJ - 200BB,HJ,open,,,84s,raise,0,,0,,0,100,Live Poker Preflop Guide (2026),2026-01-06,6:29,,no
RFI - HJ - 200BB,HJ,open,,,83s,raise,0,,0,,0,100,Live Poker Preflop Guide (2026),2026-01-06,6:29,,no
RFI - HJ - 200BB,HJ,open,,,82s,raise,0,,0,,0,100,Live Poker Preflop Guide (2026),2026-01-06,6:29,,no
RFI - HJ - 200BB,HJ,open,,,A7o,raise,0,,0,,0,100,Live Poker Preflop Guide (2026),2026-01-06,6:29,,no
RFI - HJ - 200BB,HJ,open,,,K7o,raise,0,,0,,0,100,Live Poker Preflop Guide (2026),2026-01-06,6:29,,no
RFI - HJ - 200BB,HJ,open,,,Q7o,raise,0,,0,,0,100,Live Poker Preflop Guide (2026),2026-01-06,6:29,,no
RFI - HJ - 200BB,HJ,open,,,J7o,raise,0,,0,,0,100,Live Poker Preflop Guide (2026),2026-01-06,6:29,,no
RFI - HJ - 200BB,HJ,open,,,T7o,raise,0,,0,,0,100,Live Poker Preflop Guide (2026),2026-01-06,6:29,,no
RFI - HJ - 200BB,HJ,open,,,97o,raise,0,,0,,0,100,Live Poker Preflop Guide (2026),2026-01-06,6:29,,no
RFI - HJ - 200BB,HJ,open,,,87o,raise,0,,0,,0,100,Live Poker Preflop Guide (2026),2026-01-06,6:29,,no
RFI - HJ - 200BB,HJ,open,,,77,raise,100,,0,,0,0,Live Poker Preflop Guide (2026),2026-01-06,6:29,,no
RFI - HJ - 200BB,HJ,open,,,76s,raise,100,,0,,0,0,Live Poker Preflop Guide (2026),2026-01-06,6:29,,no
RFI - HJ - 200BB,HJ,open,,,75s,raise,0,,0,,0,100,Live Poker Preflop Guide (2026),2026-01-06,6:29,,no
RFI - HJ - 200BB,HJ,open,,,74s,raise,0,,0,,0,100,Live Poker Preflop Guide (2026),2026-01-06,6:29,,no
RFI - HJ - 200BB,HJ,open,,,73s,raise,0,,0,,0,100,Live Poker Preflop Guide (2026),2026-01-06,6:29,,no
RFI - HJ - 200BB,HJ,open,,,72s,raise,0,,0,,0,100,Live Poker Preflop Guide (2026),2026-01-06,6:29,,no
RFI - HJ - 200BB,HJ,open,,,A6o,raise,0,,0,,0,100,Live Poker Preflop Guide (2026),2026-01-06,6:29,,no
RFI - HJ - 200BB,HJ,open,,,K6o,raise,0,,0,,0,100,Live Poker Preflop Guide (2026),2026-01-06,6:29,,no
RFI - HJ - 200BB,HJ,open,,,Q6o,raise,0,,0,,0,100,Live Poker Preflop Guide (2026),2026-01-06,6:29,,no
RFI - HJ - 200BB,HJ,open,,,J6o,raise,0,,0,,0,100,Live Poker Preflop Guide (2026),2026-01-06,6:29,,no
RFI - HJ - 200BB,HJ,open,,,T6o,raise,0,,0,,0,100,Live Poker Preflop Guide (2026),2026-01-06,6:29,,no
RFI - HJ - 200BB,HJ,open,,,96o,raise,0,,0,,0,100,Live Poker Preflop Guide (2026),2026-01-06,6:29,,no
RFI - HJ - 200BB,HJ,open,,,86o,raise,0,,0,,0,100,Live Poker Preflop Guide (2026),2026-01-06,6:29,,no
RFI - HJ - 200BB,HJ,open,,,76o,raise,0,,0,,0,100,Live Poker Preflop Guide (2026),2026-01-06,6:29,,no
RFI - HJ - 200BB,HJ,open,,,66,raise,100,,0,,0,0,Live Poker Preflop Guide (2026),2026-01-06,6:29,,no
RFI - HJ - 200BB,HJ,open,,,65s,raise,100,,0,,0,0,Live Poker Preflop Guide (2026),2026-01-06,6:29,,no
RFI - HJ - 200BB,HJ,open,,,64s,raise,0,,0,,0,100,Live Poker Preflop Guide (2026),2026-01-06,6:29,,no
RFI - HJ - 200BB,HJ,open,,,63s,raise,0,,0,,0,100,Live Poker Preflop Guide (2026),2026-01-06,6:29,,no
RFI - HJ - 200BB,HJ,open,,,62s,raise,0,,0,,0,100,Live Poker Preflop Guide (2026),2026-01-06,6:29,,no
RFI - HJ - 200BB,HJ,open,,,A5o,raise,0,,0,,0,100,Live Poker Preflop Guide (2026),2026-01-06,6:29,,no
RFI - HJ - 200BB,HJ,open,,,K5o,raise,0,,0,,0,100,Live Poker Preflop Guide (2026),2026-01-06,6:29,,no
RFI - HJ - 200BB,HJ,open,,,Q5o,raise,0,,0,,0,100,Live Poker Preflop Guide (2026),2026-01-06,6:29,,no
RFI - HJ - 200BB,HJ,open,,,J5o,raise,0,,0,,0,100,Live Poker Preflop Guide (2026),2026-01-06,6:29,,no
RFI - HJ - 200BB,HJ,open,,,T5o,raise,0,,0,,0,100,Live Poker Preflop Guide (2026),2026-01-06,6:29,,no
RFI - HJ - 200BB,HJ,open,,,95o,raise,0,,0,,0,100,Live Poker Preflop Guide (2026),2026-01-06,6:29,,no
RFI - HJ - 200BB,HJ,open,,,85o,raise,0,,0,,0,100,Live Poker Preflop Guide (2026),2026-01-06,6:29,,no
RFI - HJ - 200BB,HJ,open,,,75o,raise,0,,0,,0,100,Live Poker Preflop Guide (2026),2026-01-06,6:29,,no
RFI - HJ - 200BB,HJ,open,,,65o,raise,0,,0,,0,100,Live Poker Preflop Guide (2026),2026-01-06,6:29,,no
RFI - HJ - 200BB,HJ,open,,,55,raise,100,,0,,0,0,Live Poker Preflop Guide (2026),2026-01-06,6:29,,no
RFI - HJ - 200BB,HJ,open,,,54s,raise,100,,0,,0,0,Live Poker Preflop Guide (2026),2026-01-06,6:29,,no
RFI - HJ - 200BB,HJ,open,,,53s,raise,0,,0,,0,100,Live Poker Preflop Guide (2026),2026-01-06,6:29,,no
RFI - HJ - 200BB,HJ,open,,,52s,raise,0,,0,,0,100,Live Poker Preflop Guide (2026),2026-01-06,6:29,,no
RFI - HJ - 200BB,HJ,open,,,A4o,raise,0,,0,,0,100,Live Poker Preflop Guide (2026),2026-01-06,6:29,,no
RFI - HJ - 200BB,HJ,open,,,K4o,raise,0,,0,,0,100,Live Poker Preflop Guide (2026),2026-01-06,6:29,,no
RFI - HJ - 200BB,HJ,open,,,Q4o,raise,0,,0,,0,100,Live Poker Preflop Guide (2026),2026-01-06,6:29,,no
RFI - HJ - 200BB,HJ,open,,,J4o,raise,0,,0,,0,100,Live Poker Preflop Guide (2026),2026-01-06,6:29,,no
RFI - HJ - 200BB,HJ,open,,,T4o,raise,0,,0,,0,100,Live Poker Preflop Guide (2026),2026-01-06,6:29,,no
RFI - HJ - 200BB,HJ,open,,,94o,raise,0,,0,,0,100,Live Poker Preflop Guide (2026),2026-01-06,6:29,,no
RFI - HJ - 200BB,HJ,open,,,84o,raise,0,,0,,0,100,Live Poker Preflop Guide (2026),2026-01-06,6:29,,no
RFI - HJ - 200BB,HJ,open,,,74o,raise,0,,0,,0,100,Live Poker Preflop Guide (2026),2026-01-06,6:29,,no
RFI - HJ - 200BB,HJ,open,,,64o,raise,0,,0,,0,100,Live Poker Preflop Guide (2026),2026-01-06,6:29,,no
RFI - HJ - 200BB,HJ,open,,,54o,raise,0,,0,,0,100,Live Poker Preflop Guide (2026),2026-01-06,6:29,,no
RFI - HJ - 200BB,HJ,open,,,44,raise,100,,0,,0,0,Live Poker Preflop Guide (2026),2026-01-06,6:29,,no
RFI - HJ - 200BB,HJ,open,,,43s,raise,0,,0,,0,100,Live Poker Preflop Guide (2026),2026-01-06,6:29,,no
RFI - HJ - 200BB,HJ,open,,,42s,raise,0,,0,,0,100,Live Poker Preflop Guide (2026),2026-01-06,6:29,,no
RFI - HJ - 200BB,HJ,open,,,A3o,raise,0,,0,,0,100,Live Poker Preflop Guide (2026),2026-01-06,6:29,,no
RFI - HJ - 200BB,HJ,open,,,K3o,raise,0,,0,,0,100,Live Poker Preflop Guide (2026),2026-01-06,6:29,,no
RFI - HJ - 200BB,HJ,open,,,Q3o,raise,0,,0,,0,100,Live Poker Preflop Guide (2026),2026-01-06,6:29,,no
RFI - HJ - 200BB,HJ,open,,,J3o,raise,0,,0,,0,100,Live Poker Preflop Guide (2026),2026-01-06,6:29,,no
RFI - HJ - 200BB,HJ,open,,,T3o,raise,0,,0,,0,100,Live Poker Preflop Guide (2026),2026-01-06,6:29,,no
RFI - HJ - 200BB,HJ,open,,,93o,raise,0,,0,,0,100,Live Poker Preflop Guide (2026),2026-01-06,6:29,,no
RFI - HJ - 200BB,HJ,open,,,83o,raise,0,,0,,0,100,Live Poker Preflop Guide (2026),2026-01-06,6:29,,no
RFI - HJ - 200BB,HJ,open,,,73o,raise,0,,0,,0,100,Live Poker Preflop Guide (2026),2026-01-06,6:29,,no
RFI - HJ - 200BB,HJ,open,,,63o,raise,0,,0,,0,100,Live Poker Preflop Guide (2026),2026-01-06,6:29,,no
RFI - HJ - 200BB,HJ,open,,,53o,raise,0,,0,,0,100,Live Poker Preflop Guide (2026),2026-01-06,6:29,,no
RFI - HJ - 200BB,HJ,open,,,43o,raise,0,,0,,0,100,Live Poker Preflop Guide (2026),2026-01-06,6:29,,no
RFI - HJ - 200BB,HJ,open,,,33,raise,0,,0,,0,100,Live Poker Preflop Guide (2026),2026-01-06,6:29,,no
RFI - HJ - 200BB,HJ,open,,,32s,raise,0,,0,,0,100,Live Poker Preflop Guide (2026),2026-01-06,6:29,,no
RFI - HJ - 200BB,HJ,open,,,A2o,raise,0,,0,,0,100,Live Poker Preflop Guide (2026),2026-01-06,6:29,,no
RFI - HJ - 200BB,HJ,open,,,K2o,raise,0,,0,,0,100,Live Poker Preflop Guide (2026),2026-01-06,6:29,,no
RFI - HJ - 200BB,HJ,open,,,Q2o,raise,0,,0,,0,100,Live Poker Preflop Guide (2026),2026-01-06,6:29,,no
RFI - HJ - 200BB,HJ,open,,,J2o,raise,0,,0,,0,100,Live Poker Preflop Guide (2026),2026-01-06,6:29,,no
RFI - HJ - 200BB,HJ,open,,,T2o,raise,0,,0,,0,100,Live Poker Preflop Guide (2026),2026-01-06,6:29,,no
RFI - HJ - 200BB,HJ,open,,,92o,raise,0,,0,,0,100,Live Poker Preflop Guide (2026),2026-01-06,6:29,,no
RFI - HJ - 200BB,HJ,open,,,82o,raise,0,,0,,0,100,Live Poker Preflop Guide (2026),2026-01-06,6:29,,no
RFI - HJ - 200BB,HJ,open,,,72o,raise,0,,0,,0,100,Live Poker Preflop Guide (2026),2026-01-06,6:29,,no
RFI - HJ - 200BB,HJ,open,,,62o,raise,0,,0,,0,100,Live Poker Preflop Guide (2026),2026-01-06,6:29,,no
RFI - HJ - 200BB,HJ,open,,,52o,raise,0,,0,,0,100,Live Poker Preflop Guide (2026),2026-01-06,6:29,,no
RFI - HJ - 200BB,HJ,open,,,42o,raise,0,,0,,0,100,Live Poker Preflop Guide (2026),2026-01-06,6:29,,no
RFI - HJ - 200BB,HJ,open,,,32o,raise,0,,0,,0,100,Live Poker Preflop Guide (2026),2026-01-06,6:29,,no
RFI - HJ - 200BB,HJ,open,,,22,raise,0,,0,,0,100,Live Poker Preflop Guide (2026),2026-01-06,6:29,,no
RFI - BTN - 200BB,BTN,open,,,AA,raise,100,,0,,0,0,Live Poker Preflop Guide (2026),2026-01-06,6:46,,no
RFI - BTN - 200BB,BTN,open,,,AKs,raise,100,,0,,0,0,Live Poker Preflop Guide (2026),2026-01-06,6:46,,no
RFI - BTN - 200BB,BTN,open,,,AQs,raise,100,,0,,0,0,Live Poker Preflop Guide (2026),2026-01-06,6:46,,no
RFI - BTN - 200BB,BTN,open,,,AJs,raise,100,,0,,0,0,Live Poker Preflop Guide (2026),2026-01-06,6:46,,no
RFI - BTN - 200BB,BTN,open,,,ATs,raise,100,,0,,0,0,Live Poker Preflop Guide (2026),2026-01-06,6:46,,no
RFI - BTN - 200BB,BTN,open,,,A9s,raise,100,,0,,0,0,Live Poker Preflop Guide (2026),2026-01-06,6:46,,no
RFI - BTN - 200BB,BTN,open,,,A8s,raise,100,,0,,0,0,Live Poker Preflop Guide (2026),2026-01-06,6:46,,no
RFI - BTN - 200BB,BTN,open,,,A7s,raise,100,,0,,0,0,Live Poker Preflop Guide (2026),2026-01-06,6:46,,no
RFI - BTN - 200BB,BTN,open,,,A6s,raise,100,,0,,0,0,Live Poker Preflop Guide (2026),2026-01-06,6:46,,no
RFI - BTN - 200BB,BTN,open,,,A5s,raise,100,,0,,0,0,Live Poker Preflop Guide (2026),2026-01-06,6:46,,no
RFI - BTN - 200BB,BTN,open,,,A4s,raise,100,,0,,0,0,Live Poker Preflop Guide (2026),2026-01-06,6:46,,no
RFI - BTN - 200BB,BTN,open,,,A3s,raise,100,,0,,0,0,Live Poker Preflop Guide (2026),2026-01-06,6:46,,no
RFI - BTN - 200BB,BTN,open,,,A2s,raise,100,,0,,0,0,Live Poker Preflop Guide (2026),2026-01-06,6:46,,no
RFI - BTN - 200BB,BTN,open,,,AKo,raise,100,,0,,0,0,Live Poker Preflop Guide (2026),2026-01-06,6:46,,no
RFI - BTN - 200BB,BTN,open,,,KK,raise,100,,0,,0,0,Live Poker Preflop Guide (2026),2026-01-06,6:46,,no
RFI - BTN - 200BB,BTN,open,,,KQs,raise,100,,0,,0,0,Live Poker Preflop Guide (2026),2026-01-06,6:46,,no
RFI - BTN - 200BB,BTN,open,,,KJs,raise,100,,0,,0,0,Live Poker Preflop Guide (2026),2026-01-06,6:46,,no
RFI - BTN - 200BB,BTN,open,,,KTs,raise,100,,0,,0,0,Live Poker Preflop Guide (2026),2026-01-06,6:46,,no
RFI - BTN - 200BB,BTN,open,,,K9s,raise,100,,0,,0,0,Live Poker Preflop Guide (2026),2026-01-06,6:46,,no
RFI - BTN - 200BB,BTN,open,,,K8s,raise,100,,0,,0,0,Live Poker Preflop Guide (2026),2026-01-06,6:46,,no
RFI - BTN - 200BB,BTN,open,,,K7s,raise,100,,0,,0,0,Live Poker Preflop Guide (2026),2026-01-06,6:46,,no
RFI - BTN - 200BB,BTN,open,,,K6s,raise,100,,0,,0,0,Live Poker Preflop Guide (2026),2026-01-06,6:46,,no
RFI - BTN - 200BB,BTN,open,,,K5s,raise,100,,0,,0,0,Live Poker Preflop Guide (2026),2026-01-06,6:46,,no
RFI - BTN - 200BB,BTN,open,,,K4s,raise,100,,0,,0,0,Live Poker Preflop Guide (2026),2026-01-06,6:46,,no
RFI - BTN - 200BB,BTN,open,,,K3s,raise,100,,0,,0,0,Live Poker Preflop Guide (2026),2026-01-06,6:46,,no
RFI - BTN - 200BB,BTN,open,,,K2s,raise,100,,0,,0,0,Live Poker Preflop Guide (2026),2026-01-06,6:46,,no
RFI - BTN - 200BB,BTN,open,,,AQo,raise,100,,0,,0,0,Live Poker Preflop Guide (2026),2026-01-06,6:46,,no
RFI - BTN - 200BB,BTN,open,,,KQo,raise,100,,0,,0,0,Live Poker Preflop Guide (2026),2026-01-06,6:46,,no
RFI - BTN - 200BB,BTN,open,,,QQ,raise,100,,0,,0,0,Live Poker Preflop Guide (2026),2026-01-06,6:46,,no
RFI - BTN - 200BB,BTN,open,,,QJs,raise,100,,0,,0,0,Live Poker Preflop Guide (2026),2026-01-06,6:46,,no
RFI - BTN - 200BB,BTN,open,,,QTs,raise,100,,0,,0,0,Live Poker Preflop Guide (2026),2026-01-06,6:46,,no
RFI - BTN - 200BB,BTN,open,,,Q9s,raise,100,,0,,0,0,Live Poker Preflop Guide (2026),2026-01-06,6:46,,no
RFI - BTN - 200BB,BTN,open,,,Q8s,raise,100,,0,,0,0,Live Poker Preflop Guide (2026),2026-01-06,6:46,,no
RFI - BTN - 200BB,BTN,open,,,Q7s,raise,100,,0,,0,0,Live Poker Preflop Guide (2026),2026-01-06,6:46,,no
RFI - BTN - 200BB,BTN,open,,,Q6s,raise,100,,0,,0,0,Live Poker Preflop Guide (2026),2026-01-06,6:46,,no
RFI - BTN - 200BB,BTN,open,,,Q5s,raise,100,,0,,0,0,Live Poker Preflop Guide (2026),2026-01-06,6:46,,no
RFI - BTN - 200BB,BTN,open,,,Q4s,raise,100,,0,,0,0,Live Poker Preflop Guide (2026),2026-01-06,6:46,,no
RFI - BTN - 200BB,BTN,open,,,Q3s,raise,100,,0,,0,0,Live Poker Preflop Guide (2026),2026-01-06,6:46,,no
RFI - BTN - 200BB,BTN,open,,,Q2s,raise,100,,0,,0,0,Live Poker Preflop Guide (2026),2026-01-06,6:46,,no
RFI - BTN - 200BB,BTN,open,,,AJo,raise,100,,0,,0,0,Live Poker Preflop Guide (2026),2026-01-06,6:46,,no
RFI - BTN - 200BB,BTN,open,,,KJo,raise,100,,0,,0,0,Live Poker Preflop Guide (2026),2026-01-06,6:46,,no
RFI - BTN - 200BB,BTN,open,,,QJo,raise,100,,0,,0,0,Live Poker Preflop Guide (2026),2026-01-06,6:46,,no
RFI - BTN - 200BB,BTN,open,,,JJ,raise,100,,0,,0,0,Live Poker Preflop Guide (2026),2026-01-06,6:46,,no
RFI - BTN - 200BB,BTN,open,,,JTs,raise,100,,0,,0,0,Live Poker Preflop Guide (2026),2026-01-06,6:46,,no
RFI - BTN - 200BB,BTN,open,,,J9s,raise,100,,0,,0,0,Live Poker Preflop Guide (2026),2026-01-06,6:46,,no
RFI - BTN - 200BB,BTN,open,,,J8s,raise,100,,0,,0,0,Live Poker Preflop Guide (2026),2026-01-06,6:46,,no
RFI - BTN - 200BB,BTN,open,,,J7s,raise,100,,0,,0,0,Live Poker Preflop Guide (2026),2026-01-06,6:46,,no
RFI - BTN - 200BB,BTN,open,,,J6s,raise,100,,0,,0,0,Live Poker Preflop Guide (2026),2026-01-06,6:46,,no
RFI - BTN - 200BB,BTN,open,,,J5s,raise,100,,0,,0,0,Live Poker Preflop Guide (2026),2026-01-06,6:46,,no
RFI - BTN - 200BB,BTN,open,,,J4s,raise,0,,0,,0,100,Live Poker Preflop Guide (2026),2026-01-06,6:46,,no
RFI - BTN - 200BB,BTN,open,,,J3s,raise,0,,0,,0,100,Live Poker Preflop Guide (2026),2026-01-06,6:46,,no
RFI - BTN - 200BB,BTN,open,,,J2s,raise,0,,0,,0,100,Live Poker Preflop Guide (2026),2026-01-06,6:46,,no
RFI - BTN - 200BB,BTN,open,,,ATo,raise,100,,0,,0,0,Live Poker Preflop Guide (2026),2026-01-06,6:46,,no
RFI - BTN - 200BB,BTN,open,,,KTo,raise,100,,0,,0,0,Live Poker Preflop Guide (2026),2026-01-06,6:46,,no
RFI - BTN - 200BB,BTN,open,,,QTo,raise,100,,0,,0,0,Live Poker Preflop Guide (2026),2026-01-06,6:46,,no
RFI - BTN - 200BB,BTN,open,,,JTo,raise,100,,0,,0,0,Live Poker Preflop Guide (2026),2026-01-06,6:46,,no
RFI - BTN - 200BB,BTN,open,,,TT,raise,100,,0,,0,0,Live Poker Preflop Guide (2026),2026-01-06,6:46,,no
RFI - BTN - 200BB,BTN,open,,,T9s,raise,100,,0,,0,0,Live Poker Preflop Guide (2026),2026-01-06,6:46,,no
RFI - BTN - 200BB,BTN,open,,,T8s,raise,100,,0,,0,0,Live Poker Preflop Guide (2026),2026-01-06,6:46,,no
RFI - BTN - 200BB,BTN,open,,,T7s,raise,100,,0,,0,0,Live Poker Preflop Guide (2026),2026-01-06,6:46,,no
RFI - BTN - 200BB,BTN,open,,,T6s,raise,100,,0,,0,0,Live Poker Preflop Guide (2026),2026-01-06,6:46,,no
RFI - BTN - 200BB,BTN,open,,,T5s,raise,0,,0,,0,100,Live Poker Preflop Guide (2026),2026-01-06,6:46,,no
RFI - BTN - 200BB,BTN,open,,,T4s,raise,0,,0,,0,100,Live Poker Preflop Guide (2026),2026-01-06,6:46,,no
RFI - BTN - 200BB,BTN,open,,,T3s,raise,0,,0,,0,100,Live Poker Preflop Guide (2026),2026-01-06,6:46,,no
RFI - BTN - 200BB,BTN,open,,,T2s,raise,0,,0,,0,100,Live Poker Preflop Guide (2026),2026-01-06,6:46,,no
RFI - BTN - 200BB,BTN,open,,,A9o,raise,100,,0,,0,0,Live Poker Preflop Guide (2026),2026-01-06,6:46,,no
RFI - BTN - 200BB,BTN,open,,,K9o,raise,100,,0,,0,0,Live Poker Preflop Guide (2026),2026-01-06,6:46,,no
RFI - BTN - 200BB,BTN,open,,,Q9o,raise,100,,0,,0,0,Live Poker Preflop Guide (2026),2026-01-06,6:46,,no
RFI - BTN - 200BB,BTN,open,,,J9o,raise,100,,0,,0,0,Live Poker Preflop Guide (2026),2026-01-06,6:46,,no
RFI - BTN - 200BB,BTN,open,,,T9o,raise,100,,0,,0,0,Live Poker Preflop Guide (2026),2026-01-06,6:46,,no
RFI - BTN - 200BB,BTN,open,,,99,raise,100,,0,,0,0,Live Poker Preflop Guide (2026),2026-01-06,6:46,,no
RFI - BTN - 200BB,BTN,open,,,98s,raise,100,,0,,0,0,Live Poker Preflop Guide (2026),2026-01-06,6:46,,no
RFI - BTN - 200BB,BTN,open,,,97s,raise,100,,0,,0,0,Live Poker Preflop Guide (2026),2026-01-06,6:46,,no
RFI - BTN - 200BB,BTN,open,,,96s,raise,100,,0,,0,0,Live Poker Preflop Guide (2026),2026-01-06,6:46,,no
RFI - BTN - 200BB,BTN,open,,,95s,raise,0,,0,,0,100,Live Poker Preflop Guide (2026),2026-01-06,6:46,,no
RFI - BTN - 200BB,BTN,open,,,94s,raise,0,,0,,0,100,Live Poker Preflop Guide (2026),2026-01-06,6:46,,no
RFI - BTN - 200BB,BTN,open,,,93s,raise,0,,0,,0,100,Live Poker Preflop Guide (2026),2026-01-06,6:46,,no
RFI - BTN - 200BB,BTN,open,,,92s,raise,0,,0,,0,100,Live Poker Preflop Guide (2026),2026-01-06,6:46,,no
RFI - BTN - 200BB,BTN,open,,,A8o,raise,100,,0,,0,0,Live Poker Preflop Guide (2026),2026-01-06,6:46,,no
RFI - BTN - 200BB,BTN,open,,,K8o,raise,100,,0,,0,0,Live Poker Preflop Guide (2026),2026-01-06,6:46,,no
RFI - BTN - 200BB,BTN,open,,,Q8o,raise,0,,0,,0,100,Live Poker Preflop Guide (2026),2026-01-06,6:46,,no
RFI - BTN - 200BB,BTN,open,,,J8o,raise,0,,0,,0,100,Live Poker Preflop Guide (2026),2026-01-06,6:46,,no
RFI - BTN - 200BB,BTN,open,,,T8o,raise,100,,0,,0,0,Live Poker Preflop Guide (2026),2026-01-06,6:46,,no
RFI - BTN - 200BB,BTN,open,,,98o,raise,100,,0,,0,0,Live Poker Preflop Guide (2026),2026-01-06,6:46,,no
RFI - BTN - 200BB,BTN,open,,,88,raise,100,,0,,0,0,Live Poker Preflop Guide (2026),2026-01-06,6:46,,no
RFI - BTN - 200BB,BTN,open,,,87s,raise,100,,0,,0,0,Live Poker Preflop Guide (2026),2026-01-06,6:46,,no
RFI - BTN - 200BB,BTN,open,,,86s,raise,100,,0,,0,0,Live Poker Preflop Guide (2026),2026-01-06,6:46,,no
RFI - BTN - 200BB,BTN,open,,,85s,raise,100,,0,,0,0,Live Poker Preflop Guide (2026),2026-01-06,6:46,,no
RFI - BTN - 200BB,BTN,open,,,84s,raise,0,,0,,0,100,Live Poker Preflop Guide (2026),2026-01-06,6:46,,no
RFI - BTN - 200BB,BTN,open,,,83s,raise,0,,0,,0,100,Live Poker Preflop Guide (2026),2026-01-06,6:46,,no
RFI - BTN - 200BB,BTN,open,,,82s,raise,0,,0,,0,100,Live Poker Preflop Guide (2026),2026-01-06,6:46,,no
RFI - BTN - 200BB,BTN,open,,,A7o,raise,100,,0,,0,0,Live Poker Preflop Guide (2026),2026-01-06,6:46,,no
RFI - BTN - 200BB,BTN,open,,,K7o,raise,0,,0,,0,100,Live Poker Preflop Guide (2026),2026-01-06,6:46,,no
RFI - BTN - 200BB,BTN,open,,,Q7o,raise,0,,0,,0,100,Live Poker Preflop Guide (2026),2026-01-06,6:46,,no
RFI - BTN - 200BB,BTN,open,,,J7o,raise,0,,0,,0,100,Live Poker Preflop Guide (2026),2026-01-06,6:46,,no
RFI - BTN - 200BB,BTN,open,,,T7o,raise,0,,0,,0,100,Live Poker Preflop Guide (2026),2026-01-06,6:46,,no
RFI - BTN - 200BB,BTN,open,,,97o,raise,0,,0,,0,100,Live Poker Preflop Guide (2026),2026-01-06,6:46,,no
RFI - BTN - 200BB,BTN,open,,,87o,raise,0,,0,,0,100,Live Poker Preflop Guide (2026),2026-01-06,6:46,,no
RFI - BTN - 200BB,BTN,open,,,77,raise,100,,0,,0,0,Live Poker Preflop Guide (2026),2026-01-06,6:46,,no
RFI - BTN - 200BB,BTN,open,,,76s,raise,100,,0,,0,0,Live Poker Preflop Guide (2026),2026-01-06,6:46,,no
RFI - BTN - 200BB,BTN,open,,,75s,raise,100,,0,,0,0,Live Poker Preflop Guide (2026),2026-01-06,6:46,,no
RFI - BTN - 200BB,BTN,open,,,74s,raise,100,,0,,0,0,Live Poker Preflop Guide (2026),2026-01-06,6:46,,no
RFI - BTN - 200BB,BTN,open,,,73s,raise,0,,0,,0,100,Live Poker Preflop Guide (2026),2026-01-06,6:46,,no
RFI - BTN - 200BB,BTN,open,,,72s,raise,0,,0,,0,100,Live Poker Preflop Guide (2026),2026-01-06,6:46,,no
RFI - BTN - 200BB,BTN,open,,,A6o,raise,100,,0,,0,0,Live Poker Preflop Guide (2026),2026-01-06,6:46,,no
RFI - BTN - 200BB,BTN,open,,,K6o,raise,0,,0,,0,100,Live Poker Preflop Guide (2026),2026-01-06,6:46,,no
RFI - BTN - 200BB,BTN,open,,,Q6o,raise,0,,0,,0,100,Live Poker Preflop Guide (2026),2026-01-06,6:46,,no
RFI - BTN - 200BB,BTN,open,,,J6o,raise,0,,0,,0,100,Live Poker Preflop Guide (2026),2026-01-06,6:46,,no
RFI - BTN - 200BB,BTN,open,,,T6o,raise,0,,0,,0,100,Live Poker Preflop Guide (2026),2026-01-06,6:46,,no
RFI - BTN - 200BB,BTN,open,,,96o,raise,0,,0,,0,100,Live Poker Preflop Guide (2026),2026-01-06,6:46,,no
RFI - BTN - 200BB,BTN,open,,,86o,raise,0,,0,,0,100,Live Poker Preflop Guide (2026),2026-01-06,6:46,,no
RFI - BTN - 200BB,BTN,open,,,76o,raise,0,,0,,0,100,Live Poker Preflop Guide (2026),2026-01-06,6:46,,no
RFI - BTN - 200BB,BTN,open,,,66,raise,100,,0,,0,0,Live Poker Preflop Guide (2026),2026-01-06,6:46,,no
RFI - BTN - 200BB,BTN,open,,,65s,raise,100,,0,,0,0,Live Poker Preflop Guide (2026),2026-01-06,6:46,,no
RFI - BTN - 200BB,BTN,open,,,64s,raise,100,,0,,0,0,Live Poker Preflop Guide (2026),2026-01-06,6:46,,no
RFI - BTN - 200BB,BTN,open,,,63s,raise,0,,0,,0,100,Live Poker Preflop Guide (2026),2026-01-06,6:46,,no
RFI - BTN - 200BB,BTN,open,,,62s,raise,0,,0,,0,100,Live Poker Preflop Guide (2026),2026-01-06,6:46,,no
RFI - BTN - 200BB,BTN,open,,,A5o,raise,100,,0,,0,0,Live Poker Preflop Guide (2026),2026-01-06,6:46,,no
RFI - BTN - 200BB,BTN,open,,,K5o,raise,0,,0,,0,100,Live Poker Preflop Guide (2026),2026-01-06,6:46,,no
RFI - BTN - 200BB,BTN,open,,,Q5o,raise,0,,0,,0,100,Live Poker Preflop Guide (2026),2026-01-06,6:46,,no
RFI - BTN - 200BB,BTN,open,,,J5o,raise,0,,0,,0,100,Live Poker Preflop Guide (2026),2026-01-06,6:46,,no
RFI - BTN - 200BB,BTN,open,,,T5o,raise,0,,0,,0,100,Live Poker Preflop Guide (2026),2026-01-06,6:46,,no
RFI - BTN - 200BB,BTN,open,,,95o,raise,0,,0,,0,100,Live Poker Preflop Guide (2026),2026-01-06,6:46,,no
RFI - BTN - 200BB,BTN,open,,,85o,raise,0,,0,,0,100,Live Poker Preflop Guide (2026),2026-01-06,6:46,,no
RFI - BTN - 200BB,BTN,open,,,75o,raise,0,,0,,0,100,Live Poker Preflop Guide (2026),2026-01-06,6:46,,no
RFI - BTN - 200BB,BTN,open,,,65o,raise,0,,0,,0,100,Live Poker Preflop Guide (2026),2026-01-06,6:46,,no
RFI - BTN - 200BB,BTN,open,,,55,raise,100,,0,,0,0,Live Poker Preflop Guide (2026),2026-01-06,6:46,,no
RFI - BTN - 200BB,BTN,open,,,54s,raise,100,,0,,0,0,Live Poker Preflop Guide (2026),2026-01-06,6:46,,no
RFI - BTN - 200BB,BTN,open,,,53s,raise,100,,0,,0,0,Live Poker Preflop Guide (2026),2026-01-06,6:46,,no
RFI - BTN - 200BB,BTN,open,,,52s,raise,0,,0,,0,100,Live Poker Preflop Guide (2026),2026-01-06,6:46,,no
RFI - BTN - 200BB,BTN,open,,,A4o,raise,100,,0,,0,0,Live Poker Preflop Guide (2026),2026-01-06,6:46,,no
RFI - BTN - 200BB,BTN,open,,,K4o,raise,0,,0,,0,100,Live Poker Preflop Guide (2026),2026-01-06,6:46,,no
RFI - BTN - 200BB,BTN,open,,,Q4o,raise,0,,0,,0,100,Live Poker Preflop Guide (2026),2026-01-06,6:46,,no
RFI - BTN - 200BB,BTN,open,,,J4o,raise,0,,0,,0,100,Live Poker Preflop Guide (2026),2026-01-06,6:46,,no
RFI - BTN - 200BB,BTN,open,,,T4o,raise,0,,0,,0,100,Live Poker Preflop Guide (2026),2026-01-06,6:46,,no
RFI - BTN - 200BB,BTN,open,,,94o,raise,0,,0,,0,100,Live Poker Preflop Guide (2026),2026-01-06,6:46,,no
RFI - BTN - 200BB,BTN,open,,,84o,raise,0,,0,,0,100,Live Poker Preflop Guide (2026),2026-01-06,6:46,,no
RFI - BTN - 200BB,BTN,open,,,74o,raise,0,,0,,0,100,Live Poker Preflop Guide (2026),2026-01-06,6:46,,no
RFI - BTN - 200BB,BTN,open,,,64o,raise,0,,0,,0,100,Live Poker Preflop Guide (2026),2026-01-06,6:46,,no
RFI - BTN - 200BB,BTN,open,,,54o,raise,0,,0,,0,100,Live Poker Preflop Guide (2026),2026-01-06,6:46,,no
RFI - BTN - 200BB,BTN,open,,,44,raise,100,,0,,0,0,Live Poker Preflop Guide (2026),2026-01-06,6:46,,no
RFI - BTN - 200BB,BTN,open,,,43s,raise,100,,0,,0,0,Live Poker Preflop Guide (2026),2026-01-06,6:46,,no
RFI - BTN - 200BB,BTN,open,,,42s,raise,0,,0,,0,100,Live Poker Preflop Guide (2026),2026-01-06,6:46,,no
RFI - BTN - 200BB,BTN,open,,,A3o,raise,0,,0,,0,100,Live Poker Preflop Guide (2026),2026-01-06,6:46,,no
RFI - BTN - 200BB,BTN,open,,,K3o,raise,0,,0,,0,100,Live Poker Preflop Guide (2026),2026-01-06,6:46,,no
RFI - BTN - 200BB,BTN,open,,,Q3o,raise,0,,0,,0,100,Live Poker Preflop Guide (2026),2026-01-06,6:46,,no
RFI - BTN - 200BB,BTN,open,,,J3o,raise,0,,0,,0,100,Live Poker Preflop Guide (2026),2026-01-06,6:46,,no
RFI - BTN - 200BB,BTN,open,,,T3o,raise,0,,0,,0,100,Live Poker Preflop Guide (2026),2026-01-06,6:46,,no
RFI - BTN - 200BB,BTN,open,,,93o,raise,0,,0,,0,100,Live Poker Preflop Guide (2026),2026-01-06,6:46,,no
RFI - BTN - 200BB,BTN,open,,,83o,raise,0,,0,,0,100,Live Poker Preflop Guide (2026),2026-01-06,6:46,,no
RFI - BTN - 200BB,BTN,open,,,73o,raise,0,,0,,0,100,Live Poker Preflop Guide (2026),2026-01-06,6:46,,no
RFI - BTN - 200BB,BTN,open,,,63o,raise,0,,0,,0,100,Live Poker Preflop Guide (2026),2026-01-06,6:46,,no
RFI - BTN - 200BB,BTN,open,,,53o,raise,0,,0,,0,100,Live Poker Preflop Guide (2026),2026-01-06,6:46,,no
RFI - BTN - 200BB,BTN,open,,,43o,raise,0,,0,,0,100,Live Poker Preflop Guide (2026),2026-01-06,6:46,,no
RFI - BTN - 200BB,BTN,open,,,33,raise,100,,0,,0,0,Live Poker Preflop Guide (2026),2026-01-06,6:46,,no
RFI - BTN - 200BB,BTN,open,,,32s,raise,0,,0,,0,100,Live Poker Preflop Guide (2026),2026-01-06,6:46,,no
RFI - BTN - 200BB,BTN,open,,,A2o,raise,0,,0,,0,100,Live Poker Preflop Guide (2026),2026-01-06,6:46,,no
RFI - BTN - 200BB,BTN,open,,,K2o,raise,0,,0,,0,100,Live Poker Preflop Guide (2026),2026-01-06,6:46,,no
RFI - BTN - 200BB,BTN,open,,,Q2o,raise,0,,0,,0,100,Live Poker Preflop Guide (2026),2026-01-06,6:46,,no
RFI - BTN - 200BB,BTN,open,,,J2o,raise,0,,0,,0,100,Live Poker Preflop Guide (2026),2026-01-06,6:46,,no
RFI - BTN - 200BB,BTN,open,,,T2o,raise,0,,0,,0,100,Live Poker Preflop Guide (2026),2026-01-06,6:46,,no
RFI - BTN - 200BB,BTN,open,,,92o,raise,0,,0,,0,100,Live Poker Preflop Guide (2026),2026-01-06,6:46,,no
RFI - BTN - 200BB,BTN,open,,,82o,raise,0,,0,,0,100,Live Poker Preflop Guide (2026),2026-01-06,6:46,,no
RFI - BTN - 200BB,BTN,open,,,72o,raise,0,,0,,0,100,Live Poker Preflop Guide (2026),2026-01-06,6:46,,no
RFI - BTN - 200BB,BTN,open,,,62o,raise,0,,0,,0,100,Live Poker Preflop Guide (2026),2026-01-06,6:46,,no
RFI - BTN - 200BB,BTN,open,,,52o,raise,0,,0,,0,100,Live Poker Preflop Guide (2026),2026-01-06,6:46,,no
RFI - BTN - 200BB,BTN,open,,,42o,raise,0,,0,,0,100,Live Poker Preflop Guide (2026),2026-01-06,6:46,,no
RFI - BTN - 200BB,BTN,open,,,32o,raise,0,,0,,0,100,Live Poker Preflop Guide (2026),2026-01-06,6:46,,no
RFI - BTN - 200BB,BTN,open,,,22,raise,100,,0,,0,0,Live Poker Preflop Guide (2026),2026-01-06,6:46,,no
RFI - BTN - 200BB (vs two fish in blinds),BTN,open,,two fish in the blinds,AA,raise,100,,0,,0,0,Live Poker Preflop Guide (2026),2026-01-06,~6:46-7:00,,no
RFI - BTN - 200BB (vs two fish in blinds),BTN,open,,two fish in the blinds,AKs,raise,100,,0,,0,0,Live Poker Preflop Guide (2026),2026-01-06,~6:46-7:00,,no
RFI - BTN - 200BB (vs two fish in blinds),BTN,open,,two fish in the blinds,AQs,raise,100,,0,,0,0,Live Poker Preflop Guide (2026),2026-01-06,~6:46-7:00,,no
RFI - BTN - 200BB (vs two fish in blinds),BTN,open,,two fish in the blinds,AJs,raise,100,,0,,0,0,Live Poker Preflop Guide (2026),2026-01-06,~6:46-7:00,,no
RFI - BTN - 200BB (vs two fish in blinds),BTN,open,,two fish in the blinds,ATs,raise,100,,0,,0,0,Live Poker Preflop Guide (2026),2026-01-06,~6:46-7:00,,no
RFI - BTN - 200BB (vs two fish in blinds),BTN,open,,two fish in the blinds,A9s,raise,100,,0,,0,0,Live Poker Preflop Guide (2026),2026-01-06,~6:46-7:00,,no
RFI - BTN - 200BB (vs two fish in blinds),BTN,open,,two fish in the blinds,A8s,raise,100,,0,,0,0,Live Poker Preflop Guide (2026),2026-01-06,~6:46-7:00,,no
RFI - BTN - 200BB (vs two fish in blinds),BTN,open,,two fish in the blinds,A7s,raise,100,,0,,0,0,Live Poker Preflop Guide (2026),2026-01-06,~6:46-7:00,,no
RFI - BTN - 200BB (vs two fish in blinds),BTN,open,,two fish in the blinds,A6s,raise,100,,0,,0,0,Live Poker Preflop Guide (2026),2026-01-06,~6:46-7:00,,no
RFI - BTN - 200BB (vs two fish in blinds),BTN,open,,two fish in the blinds,A5s,raise,100,,0,,0,0,Live Poker Preflop Guide (2026),2026-01-06,~6:46-7:00,,no
RFI - BTN - 200BB (vs two fish in blinds),BTN,open,,two fish in the blinds,A4s,raise,100,,0,,0,0,Live Poker Preflop Guide (2026),2026-01-06,~6:46-7:00,,no
RFI - BTN - 200BB (vs two fish in blinds),BTN,open,,two fish in the blinds,A3s,raise,100,,0,,0,0,Live Poker Preflop Guide (2026),2026-01-06,~6:46-7:00,,no
RFI - BTN - 200BB (vs two fish in blinds),BTN,open,,two fish in the blinds,A2s,raise,100,,0,,0,0,Live Poker Preflop Guide (2026),2026-01-06,~6:46-7:00,,no
RFI - BTN - 200BB (vs two fish in blinds),BTN,open,,two fish in the blinds,AKo,raise,100,,0,,0,0,Live Poker Preflop Guide (2026),2026-01-06,~6:46-7:00,,no
RFI - BTN - 200BB (vs two fish in blinds),BTN,open,,two fish in the blinds,KK,raise,100,,0,,0,0,Live Poker Preflop Guide (2026),2026-01-06,~6:46-7:00,,no
RFI - BTN - 200BB (vs two fish in blinds),BTN,open,,two fish in the blinds,KQs,raise,100,,0,,0,0,Live Poker Preflop Guide (2026),2026-01-06,~6:46-7:00,,no
RFI - BTN - 200BB (vs two fish in blinds),BTN,open,,two fish in the blinds,KJs,raise,100,,0,,0,0,Live Poker Preflop Guide (2026),2026-01-06,~6:46-7:00,,no
RFI - BTN - 200BB (vs two fish in blinds),BTN,open,,two fish in the blinds,KTs,raise,100,,0,,0,0,Live Poker Preflop Guide (2026),2026-01-06,~6:46-7:00,,no
RFI - BTN - 200BB (vs two fish in blinds),BTN,open,,two fish in the blinds,K9s,raise,100,,0,,0,0,Live Poker Preflop Guide (2026),2026-01-06,~6:46-7:00,,no
RFI - BTN - 200BB (vs two fish in blinds),BTN,open,,two fish in the blinds,K8s,raise,100,,0,,0,0,Live Poker Preflop Guide (2026),2026-01-06,~6:46-7:00,,no
RFI - BTN - 200BB (vs two fish in blinds),BTN,open,,two fish in the blinds,K7s,raise,100,,0,,0,0,Live Poker Preflop Guide (2026),2026-01-06,~6:46-7:00,,no
RFI - BTN - 200BB (vs two fish in blinds),BTN,open,,two fish in the blinds,K6s,raise,100,,0,,0,0,Live Poker Preflop Guide (2026),2026-01-06,~6:46-7:00,,no
RFI - BTN - 200BB (vs two fish in blinds),BTN,open,,two fish in the blinds,K5s,raise,100,,0,,0,0,Live Poker Preflop Guide (2026),2026-01-06,~6:46-7:00,,no
RFI - BTN - 200BB (vs two fish in blinds),BTN,open,,two fish in the blinds,K4s,raise,100,,0,,0,0,Live Poker Preflop Guide (2026),2026-01-06,~6:46-7:00,,no
RFI - BTN - 200BB (vs two fish in blinds),BTN,open,,two fish in the blinds,K3s,raise,100,,0,,0,0,Live Poker Preflop Guide (2026),2026-01-06,~6:46-7:00,,no
RFI - BTN - 200BB (vs two fish in blinds),BTN,open,,two fish in the blinds,K2s,raise,100,,0,,0,0,Live Poker Preflop Guide (2026),2026-01-06,~6:46-7:00,,no
RFI - BTN - 200BB (vs two fish in blinds),BTN,open,,two fish in the blinds,AQo,raise,100,,0,,0,0,Live Poker Preflop Guide (2026),2026-01-06,~6:46-7:00,,no
RFI - BTN - 200BB (vs two fish in blinds),BTN,open,,two fish in the blinds,KQo,raise,100,,0,,0,0,Live Poker Preflop Guide (2026),2026-01-06,~6:46-7:00,,no
RFI - BTN - 200BB (vs two fish in blinds),BTN,open,,two fish in the blinds,QQ,raise,100,,0,,0,0,Live Poker Preflop Guide (2026),2026-01-06,~6:46-7:00,,no
RFI - BTN - 200BB (vs two fish in blinds),BTN,open,,two fish in the blinds,QJs,raise,100,,0,,0,0,Live Poker Preflop Guide (2026),2026-01-06,~6:46-7:00,,no
RFI - BTN - 200BB (vs two fish in blinds),BTN,open,,two fish in the blinds,QTs,raise,100,,0,,0,0,Live Poker Preflop Guide (2026),2026-01-06,~6:46-7:00,,no
RFI - BTN - 200BB (vs two fish in blinds),BTN,open,,two fish in the blinds,Q9s,raise,100,,0,,0,0,Live Poker Preflop Guide (2026),2026-01-06,~6:46-7:00,,no
RFI - BTN - 200BB (vs two fish in blinds),BTN,open,,two fish in the blinds,Q8s,raise,100,,0,,0,0,Live Poker Preflop Guide (2026),2026-01-06,~6:46-7:00,,no
RFI - BTN - 200BB (vs two fish in blinds),BTN,open,,two fish in the blinds,Q7s,raise,100,,0,,0,0,Live Poker Preflop Guide (2026),2026-01-06,~6:46-7:00,,no
RFI - BTN - 200BB (vs two fish in blinds),BTN,open,,two fish in the blinds,Q6s,raise,100,,0,,0,0,Live Poker Preflop Guide (2026),2026-01-06,~6:46-7:00,,no
RFI - BTN - 200BB (vs two fish in blinds),BTN,open,,two fish in the blinds,Q5s,raise,100,,0,,0,0,Live Poker Preflop Guide (2026),2026-01-06,~6:46-7:00,,no
RFI - BTN - 200BB (vs two fish in blinds),BTN,open,,two fish in the blinds,Q4s,raise,100,,0,,0,0,Live Poker Preflop Guide (2026),2026-01-06,~6:46-7:00,,no
RFI - BTN - 200BB (vs two fish in blinds),BTN,open,,two fish in the blinds,Q3s,raise,100,,0,,0,0,Live Poker Preflop Guide (2026),2026-01-06,~6:46-7:00,,no
RFI - BTN - 200BB (vs two fish in blinds),BTN,open,,two fish in the blinds,Q2s,raise,100,,0,,0,0,Live Poker Preflop Guide (2026),2026-01-06,~6:46-7:00,,no
RFI - BTN - 200BB (vs two fish in blinds),BTN,open,,two fish in the blinds,AJo,raise,100,,0,,0,0,Live Poker Preflop Guide (2026),2026-01-06,~6:46-7:00,,no
RFI - BTN - 200BB (vs two fish in blinds),BTN,open,,two fish in the blinds,KJo,raise,100,,0,,0,0,Live Poker Preflop Guide (2026),2026-01-06,~6:46-7:00,,no
RFI - BTN - 200BB (vs two fish in blinds),BTN,open,,two fish in the blinds,QJo,raise,100,,0,,0,0,Live Poker Preflop Guide (2026),2026-01-06,~6:46-7:00,,no
RFI - BTN - 200BB (vs two fish in blinds),BTN,open,,two fish in the blinds,JJ,raise,100,,0,,0,0,Live Poker Preflop Guide (2026),2026-01-06,~6:46-7:00,,no
RFI - BTN - 200BB (vs two fish in blinds),BTN,open,,two fish in the blinds,JTs,raise,100,,0,,0,0,Live Poker Preflop Guide (2026),2026-01-06,~6:46-7:00,,no
RFI - BTN - 200BB (vs two fish in blinds),BTN,open,,two fish in the blinds,J9s,raise,100,,0,,0,0,Live Poker Preflop Guide (2026),2026-01-06,~6:46-7:00,,no
RFI - BTN - 200BB (vs two fish in blinds),BTN,open,,two fish in the blinds,J8s,raise,100,,0,,0,0,Live Poker Preflop Guide (2026),2026-01-06,~6:46-7:00,,no
RFI - BTN - 200BB (vs two fish in blinds),BTN,open,,two fish in the blinds,J7s,raise,100,,0,,0,0,Live Poker Preflop Guide (2026),2026-01-06,~6:46-7:00,,no
RFI - BTN - 200BB (vs two fish in blinds),BTN,open,,two fish in the blinds,J6s,raise,100,,0,,0,0,Live Poker Preflop Guide (2026),2026-01-06,~6:46-7:00,,no
RFI - BTN - 200BB (vs two fish in blinds),BTN,open,,two fish in the blinds,J5s,raise,100,,0,,0,0,Live Poker Preflop Guide (2026),2026-01-06,~6:46-7:00,,no
RFI - BTN - 200BB (vs two fish in blinds),BTN,open,,two fish in the blinds,J4s,raise,100,,0,,0,0,Live Poker Preflop Guide (2026),2026-01-06,~6:46-7:00,,no
RFI - BTN - 200BB (vs two fish in blinds),BTN,open,,two fish in the blinds,J3s,raise,100,,0,,0,0,Live Poker Preflop Guide (2026),2026-01-06,~6:46-7:00,,no
RFI - BTN - 200BB (vs two fish in blinds),BTN,open,,two fish in the blinds,J2s,raise,100,,0,,0,0,Live Poker Preflop Guide (2026),2026-01-06,~6:46-7:00,,no
RFI - BTN - 200BB (vs two fish in blinds),BTN,open,,two fish in the blinds,ATo,raise,100,,0,,0,0,Live Poker Preflop Guide (2026),2026-01-06,~6:46-7:00,,no
RFI - BTN - 200BB (vs two fish in blinds),BTN,open,,two fish in the blinds,KTo,raise,100,,0,,0,0,Live Poker Preflop Guide (2026),2026-01-06,~6:46-7:00,,no
RFI - BTN - 200BB (vs two fish in blinds),BTN,open,,two fish in the blinds,QTo,raise,100,,0,,0,0,Live Poker Preflop Guide (2026),2026-01-06,~6:46-7:00,,no
RFI - BTN - 200BB (vs two fish in blinds),BTN,open,,two fish in the blinds,JTo,raise,100,,0,,0,0,Live Poker Preflop Guide (2026),2026-01-06,~6:46-7:00,,no
RFI - BTN - 200BB (vs two fish in blinds),BTN,open,,two fish in the blinds,TT,raise,100,,0,,0,0,Live Poker Preflop Guide (2026),2026-01-06,~6:46-7:00,,no
RFI - BTN - 200BB (vs two fish in blinds),BTN,open,,two fish in the blinds,T9s,raise,100,,0,,0,0,Live Poker Preflop Guide (2026),2026-01-06,~6:46-7:00,,no
RFI - BTN - 200BB (vs two fish in blinds),BTN,open,,two fish in the blinds,T8s,raise,100,,0,,0,0,Live Poker Preflop Guide (2026),2026-01-06,~6:46-7:00,,no
RFI - BTN - 200BB (vs two fish in blinds),BTN,open,,two fish in the blinds,T7s,raise,100,,0,,0,0,Live Poker Preflop Guide (2026),2026-01-06,~6:46-7:00,,no
RFI - BTN - 200BB (vs two fish in blinds),BTN,open,,two fish in the blinds,T6s,raise,100,,0,,0,0,Live Poker Preflop Guide (2026),2026-01-06,~6:46-7:00,,no
RFI - BTN - 200BB (vs two fish in blinds),BTN,open,,two fish in the blinds,T5s,raise,100,,0,,0,0,Live Poker Preflop Guide (2026),2026-01-06,~6:46-7:00,,no
RFI - BTN - 200BB (vs two fish in blinds),BTN,open,,two fish in the blinds,T4s,raise,100,,0,,0,0,Live Poker Preflop Guide (2026),2026-01-06,~6:46-7:00,,no
RFI - BTN - 200BB (vs two fish in blinds),BTN,open,,two fish in the blinds,T3s,raise,100,,0,,0,0,Live Poker Preflop Guide (2026),2026-01-06,~6:46-7:00,,no
RFI - BTN - 200BB (vs two fish in blinds),BTN,open,,two fish in the blinds,T2s,raise,100,,0,,0,0,Live Poker Preflop Guide (2026),2026-01-06,~6:46-7:00,,no
RFI - BTN - 200BB (vs two fish in blinds),BTN,open,,two fish in the blinds,A9o,raise,100,,0,,0,0,Live Poker Preflop Guide (2026),2026-01-06,~6:46-7:00,,no
RFI - BTN - 200BB (vs two fish in blinds),BTN,open,,two fish in the blinds,K9o,raise,100,,0,,0,0,Live Poker Preflop Guide (2026),2026-01-06,~6:46-7:00,,no
RFI - BTN - 200BB (vs two fish in blinds),BTN,open,,two fish in the blinds,Q9o,raise,100,,0,,0,0,Live Poker Preflop Guide (2026),2026-01-06,~6:46-7:00,,no
RFI - BTN - 200BB (vs two fish in blinds),BTN,open,,two fish in the blinds,J9o,raise,100,,0,,0,0,Live Poker Preflop Guide (2026),2026-01-06,~6:46-7:00,,no
RFI - BTN - 200BB (vs two fish in blinds),BTN,open,,two fish in the blinds,T9o,raise,100,,0,,0,0,Live Poker Preflop Guide (2026),2026-01-06,~6:46-7:00,,no
RFI - BTN - 200BB (vs two fish in blinds),BTN,open,,two fish in the blinds,99,raise,100,,0,,0,0,Live Poker Preflop Guide (2026),2026-01-06,~6:46-7:00,,no
RFI - BTN - 200BB (vs two fish in blinds),BTN,open,,two fish in the blinds,98s,raise,100,,0,,0,0,Live Poker Preflop Guide (2026),2026-01-06,~6:46-7:00,,no
RFI - BTN - 200BB (vs two fish in blinds),BTN,open,,two fish in the blinds,97s,raise,100,,0,,0,0,Live Poker Preflop Guide (2026),2026-01-06,~6:46-7:00,,no
RFI - BTN - 200BB (vs two fish in blinds),BTN,open,,two fish in the blinds,96s,raise,100,,0,,0,0,Live Poker Preflop Guide (2026),2026-01-06,~6:46-7:00,,no
RFI - BTN - 200BB (vs two fish in blinds),BTN,open,,two fish in the blinds,95s,raise,100,,0,,0,0,Live Poker Preflop Guide (2026),2026-01-06,~6:46-7:00,,no
RFI - BTN - 200BB (vs two fish in blinds),BTN,open,,two fish in the blinds,94s,raise,100,,0,,0,0,Live Poker Preflop Guide (2026),2026-01-06,~6:46-7:00,,no
RFI - BTN - 200BB (vs two fish in blinds),BTN,open,,two fish in the blinds,93s,raise,100,,0,,0,0,Live Poker Preflop Guide (2026),2026-01-06,~6:46-7:00,,no
RFI - BTN - 200BB (vs two fish in blinds),BTN,open,,two fish in the blinds,92s,raise,100,,0,,0,0,Live Poker Preflop Guide (2026),2026-01-06,~6:46-7:00,,no
RFI - BTN - 200BB (vs two fish in blinds),BTN,open,,two fish in the blinds,A8o,raise,100,,0,,0,0,Live Poker Preflop Guide (2026),2026-01-06,~6:46-7:00,,no
RFI - BTN - 200BB (vs two fish in blinds),BTN,open,,two fish in the blinds,K8o,raise,100,,0,,0,0,Live Poker Preflop Guide (2026),2026-01-06,~6:46-7:00,,no
RFI - BTN - 200BB (vs two fish in blinds),BTN,open,,two fish in the blinds,Q8o,raise,100,,0,,0,0,Live Poker Preflop Guide (2026),2026-01-06,~6:46-7:00,,no
RFI - BTN - 200BB (vs two fish in blinds),BTN,open,,two fish in the blinds,J8o,raise,100,,0,,0,0,Live Poker Preflop Guide (2026),2026-01-06,~6:46-7:00,,no
RFI - BTN - 200BB (vs two fish in blinds),BTN,open,,two fish in the blinds,T8o,raise,100,,0,,0,0,Live Poker Preflop Guide (2026),2026-01-06,~6:46-7:00,,no
RFI - BTN - 200BB (vs two fish in blinds),BTN,open,,two fish in the blinds,98o,raise,100,,0,,0,0,Live Poker Preflop Guide (2026),2026-01-06,~6:46-7:00,,no
RFI - BTN - 200BB (vs two fish in blinds),BTN,open,,two fish in the blinds,88,raise,100,,0,,0,0,Live Poker Preflop Guide (2026),2026-01-06,~6:46-7:00,,no
RFI - BTN - 200BB (vs two fish in blinds),BTN,open,,two fish in the blinds,87s,raise,100,,0,,0,0,Live Poker Preflop Guide (2026),2026-01-06,~6:46-7:00,,no
RFI - BTN - 200BB (vs two fish in blinds),BTN,open,,two fish in the blinds,86s,raise,100,,0,,0,0,Live Poker Preflop Guide (2026),2026-01-06,~6:46-7:00,,no
RFI - BTN - 200BB (vs two fish in blinds),BTN,open,,two fish in the blinds,85s,raise,100,,0,,0,0,Live Poker Preflop Guide (2026),2026-01-06,~6:46-7:00,,no
RFI - BTN - 200BB (vs two fish in blinds),BTN,open,,two fish in the blinds,84s,raise,100,,0,,0,0,Live Poker Preflop Guide (2026),2026-01-06,~6:46-7:00,,no
RFI - BTN - 200BB (vs two fish in blinds),BTN,open,,two fish in the blinds,83s,raise,100,,0,,0,0,Live Poker Preflop Guide (2026),2026-01-06,~6:46-7:00,,no
RFI - BTN - 200BB (vs two fish in blinds),BTN,open,,two fish in the blinds,82s,raise,100,,0,,0,0,Live Poker Preflop Guide (2026),2026-01-06,~6:46-7:00,,no
RFI - BTN - 200BB (vs two fish in blinds),BTN,open,,two fish in the blinds,A7o,raise,100,,0,,0,0,Live Poker Preflop Guide (2026),2026-01-06,~6:46-7:00,,no
RFI - BTN - 200BB (vs two fish in blinds),BTN,open,,two fish in the blinds,K7o,raise,100,,0,,0,0,Live Poker Preflop Guide (2026),2026-01-06,~6:46-7:00,,no
RFI - BTN - 200BB (vs two fish in blinds),BTN,open,,two fish in the blinds,Q7o,raise,100,,0,,0,0,Live Poker Preflop Guide (2026),2026-01-06,~6:46-7:00,,no
RFI - BTN - 200BB (vs two fish in blinds),BTN,open,,two fish in the blinds,J7o,raise,100,,0,,0,0,Live Poker Preflop Guide (2026),2026-01-06,~6:46-7:00,,no
RFI - BTN - 200BB (vs two fish in blinds),BTN,open,,two fish in the blinds,T7o,raise,100,,0,,0,0,Live Poker Preflop Guide (2026),2026-01-06,~6:46-7:00,,no
RFI - BTN - 200BB (vs two fish in blinds),BTN,open,,two fish in the blinds,97o,raise,100,,0,,0,0,Live Poker Preflop Guide (2026),2026-01-06,~6:46-7:00,,no
RFI - BTN - 200BB (vs two fish in blinds),BTN,open,,two fish in the blinds,87o,raise,100,,0,,0,0,Live Poker Preflop Guide (2026),2026-01-06,~6:46-7:00,,no
RFI - BTN - 200BB (vs two fish in blinds),BTN,open,,two fish in the blinds,77,raise,100,,0,,0,0,Live Poker Preflop Guide (2026),2026-01-06,~6:46-7:00,,no
RFI - BTN - 200BB (vs two fish in blinds),BTN,open,,two fish in the blinds,76s,raise,100,,0,,0,0,Live Poker Preflop Guide (2026),2026-01-06,~6:46-7:00,,no
RFI - BTN - 200BB (vs two fish in blinds),BTN,open,,two fish in the blinds,75s,raise,100,,0,,0,0,Live Poker Preflop Guide (2026),2026-01-06,~6:46-7:00,,no
RFI - BTN - 200BB (vs two fish in blinds),BTN,open,,two fish in the blinds,74s,raise,100,,0,,0,0,Live Poker Preflop Guide (2026),2026-01-06,~6:46-7:00,,no
RFI - BTN - 200BB (vs two fish in blinds),BTN,open,,two fish in the blinds,73s,raise,100,,0,,0,0,Live Poker Preflop Guide (2026),2026-01-06,~6:46-7:00,,no
RFI - BTN - 200BB (vs two fish in blinds),BTN,open,,two fish in the blinds,72s,raise,100,,0,,0,0,Live Poker Preflop Guide (2026),2026-01-06,~6:46-7:00,,no
RFI - BTN - 200BB (vs two fish in blinds),BTN,open,,two fish in the blinds,A6o,raise,100,,0,,0,0,Live Poker Preflop Guide (2026),2026-01-06,~6:46-7:00,,no
RFI - BTN - 200BB (vs two fish in blinds),BTN,open,,two fish in the blinds,K6o,raise,100,,0,,0,0,Live Poker Preflop Guide (2026),2026-01-06,~6:46-7:00,,no
RFI - BTN - 200BB (vs two fish in blinds),BTN,open,,two fish in the blinds,Q6o,raise,100,,0,,0,0,Live Poker Preflop Guide (2026),2026-01-06,~6:46-7:00,,no
RFI - BTN - 200BB (vs two fish in blinds),BTN,open,,two fish in the blinds,J6o,raise,100,,0,,0,0,Live Poker Preflop Guide (2026),2026-01-06,~6:46-7:00,,no
RFI - BTN - 200BB (vs two fish in blinds),BTN,open,,two fish in the blinds,T6o,raise,100,,0,,0,0,Live Poker Preflop Guide (2026),2026-01-06,~6:46-7:00,,no
RFI - BTN - 200BB (vs two fish in blinds),BTN,open,,two fish in the blinds,96o,raise,100,,0,,0,0,Live Poker Preflop Guide (2026),2026-01-06,~6:46-7:00,,no
RFI - BTN - 200BB (vs two fish in blinds),BTN,open,,two fish in the blinds,86o,raise,100,,0,,0,0,Live Poker Preflop Guide (2026),2026-01-06,~6:46-7:00,,no
RFI - BTN - 200BB (vs two fish in blinds),BTN,open,,two fish in the blinds,76o,raise,100,,0,,0,0,Live Poker Preflop Guide (2026),2026-01-06,~6:46-7:00,,no
RFI - BTN - 200BB (vs two fish in blinds),BTN,open,,two fish in the blinds,66,raise,100,,0,,0,0,Live Poker Preflop Guide (2026),2026-01-06,~6:46-7:00,,no
RFI - BTN - 200BB (vs two fish in blinds),BTN,open,,two fish in the blinds,65s,raise,100,,0,,0,0,Live Poker Preflop Guide (2026),2026-01-06,~6:46-7:00,,no
RFI - BTN - 200BB (vs two fish in blinds),BTN,open,,two fish in the blinds,64s,raise,100,,0,,0,0,Live Poker Preflop Guide (2026),2026-01-06,~6:46-7:00,,no
RFI - BTN - 200BB (vs two fish in blinds),BTN,open,,two fish in the blinds,63s,raise,100,,0,,0,0,Live Poker Preflop Guide (2026),2026-01-06,~6:46-7:00,,no
RFI - BTN - 200BB (vs two fish in blinds),BTN,open,,two fish in the blinds,62s,raise,100,,0,,0,0,Live Poker Preflop Guide (2026),2026-01-06,~6:46-7:00,,no
RFI - BTN - 200BB (vs two fish in blinds),BTN,open,,two fish in the blinds,A5o,raise,100,,0,,0,0,Live Poker Preflop Guide (2026),2026-01-06,~6:46-7:00,,no
RFI - BTN - 200BB (vs two fish in blinds),BTN,open,,two fish in the blinds,K5o,raise,100,,0,,0,0,Live Poker Preflop Guide (2026),2026-01-06,~6:46-7:00,,no
RFI - BTN - 200BB (vs two fish in blinds),BTN,open,,two fish in the blinds,Q5o,raise,100,,0,,0,0,Live Poker Preflop Guide (2026),2026-01-06,~6:46-7:00,,no
RFI - BTN - 200BB (vs two fish in blinds),BTN,open,,two fish in the blinds,J5o,raise,100,,0,,0,0,Live Poker Preflop Guide (2026),2026-01-06,~6:46-7:00,,no
RFI - BTN - 200BB (vs two fish in blinds),BTN,open,,two fish in the blinds,T5o,raise,100,,0,,0,0,Live Poker Preflop Guide (2026),2026-01-06,~6:46-7:00,,no
RFI - BTN - 200BB (vs two fish in blinds),BTN,open,,two fish in the blinds,95o,raise,100,,0,,0,0,Live Poker Preflop Guide (2026),2026-01-06,~6:46-7:00,,no
RFI - BTN - 200BB (vs two fish in blinds),BTN,open,,two fish in the blinds,85o,raise,100,,0,,0,0,Live Poker Preflop Guide (2026),2026-01-06,~6:46-7:00,,no
RFI - BTN - 200BB (vs two fish in blinds),BTN,open,,two fish in the blinds,75o,raise,100,,0,,0,0,Live Poker Preflop Guide (2026),2026-01-06,~6:46-7:00,,no
RFI - BTN - 200BB (vs two fish in blinds),BTN,open,,two fish in the blinds,65o,raise,100,,0,,0,0,Live Poker Preflop Guide (2026),2026-01-06,~6:46-7:00,,no
RFI - BTN - 200BB (vs two fish in blinds),BTN,open,,two fish in the blinds,55,raise,100,,0,,0,0,Live Poker Preflop Guide (2026),2026-01-06,~6:46-7:00,,no
RFI - BTN - 200BB (vs two fish in blinds),BTN,open,,two fish in the blinds,54s,raise,100,,0,,0,0,Live Poker Preflop Guide (2026),2026-01-06,~6:46-7:00,,no
RFI - BTN - 200BB (vs two fish in blinds),BTN,open,,two fish in the blinds,53s,raise,100,,0,,0,0,Live Poker Preflop Guide (2026),2026-01-06,~6:46-7:00,,no
RFI - BTN - 200BB (vs two fish in blinds),BTN,open,,two fish in the blinds,52s,raise,100,,0,,0,0,Live Poker Preflop Guide (2026),2026-01-06,~6:46-7:00,,no
RFI - BTN - 200BB (vs two fish in blinds),BTN,open,,two fish in the blinds,A4o,raise,100,,0,,0,0,Live Poker Preflop Guide (2026),2026-01-06,~6:46-7:00,,no
RFI - BTN - 200BB (vs two fish in blinds),BTN,open,,two fish in the blinds,K4o,raise,100,,0,,0,0,Live Poker Preflop Guide (2026),2026-01-06,~6:46-7:00,,no
RFI - BTN - 200BB (vs two fish in blinds),BTN,open,,two fish in the blinds,Q4o,raise,100,,0,,0,0,Live Poker Preflop Guide (2026),2026-01-06,~6:46-7:00,,no
RFI - BTN - 200BB (vs two fish in blinds),BTN,open,,two fish in the blinds,J4o,raise,100,,0,,0,0,Live Poker Preflop Guide (2026),2026-01-06,~6:46-7:00,,no
RFI - BTN - 200BB (vs two fish in blinds),BTN,open,,two fish in the blinds,T4o,raise,0,,0,,0,100,Live Poker Preflop Guide (2026),2026-01-06,~6:46-7:00,,no
RFI - BTN - 200BB (vs two fish in blinds),BTN,open,,two fish in the blinds,94o,raise,0,,0,,0,100,Live Poker Preflop Guide (2026),2026-01-06,~6:46-7:00,,no
RFI - BTN - 200BB (vs two fish in blinds),BTN,open,,two fish in the blinds,84o,raise,0,,0,,0,100,Live Poker Preflop Guide (2026),2026-01-06,~6:46-7:00,,no
RFI - BTN - 200BB (vs two fish in blinds),BTN,open,,two fish in the blinds,74o,raise,0,,0,,0,100,Live Poker Preflop Guide (2026),2026-01-06,~6:46-7:00,,no
RFI - BTN - 200BB (vs two fish in blinds),BTN,open,,two fish in the blinds,64o,raise,100,,0,,0,0,Live Poker Preflop Guide (2026),2026-01-06,~6:46-7:00,,no
RFI - BTN - 200BB (vs two fish in blinds),BTN,open,,two fish in the blinds,54o,raise,100,,0,,0,0,Live Poker Preflop Guide (2026),2026-01-06,~6:46-7:00,,no
RFI - BTN - 200BB (vs two fish in blinds),BTN,open,,two fish in the blinds,44,raise,100,,0,,0,0,Live Poker Preflop Guide (2026),2026-01-06,~6:46-7:00,,no
RFI - BTN - 200BB (vs two fish in blinds),BTN,open,,two fish in the blinds,43s,raise,100,,0,,0,0,Live Poker Preflop Guide (2026),2026-01-06,~6:46-7:00,,no
RFI - BTN - 200BB (vs two fish in blinds),BTN,open,,two fish in the blinds,42s,raise,100,,0,,0,0,Live Poker Preflop Guide (2026),2026-01-06,~6:46-7:00,,no
RFI - BTN - 200BB (vs two fish in blinds),BTN,open,,two fish in the blinds,A3o,raise,100,,0,,0,0,Live Poker Preflop Guide (2026),2026-01-06,~6:46-7:00,,no
RFI - BTN - 200BB (vs two fish in blinds),BTN,open,,two fish in the blinds,K3o,raise,100,,0,,0,0,Live Poker Preflop Guide (2026),2026-01-06,~6:46-7:00,,no
RFI - BTN - 200BB (vs two fish in blinds),BTN,open,,two fish in the blinds,Q3o,raise,100,,0,,0,0,Live Poker Preflop Guide (2026),2026-01-06,~6:46-7:00,,no
RFI - BTN - 200BB (vs two fish in blinds),BTN,open,,two fish in the blinds,J3o,raise,0,,0,,0,100,Live Poker Preflop Guide (2026),2026-01-06,~6:46-7:00,,no
RFI - BTN - 200BB (vs two fish in blinds),BTN,open,,two fish in the blinds,T3o,raise,0,,0,,0,100,Live Poker Preflop Guide (2026),2026-01-06,~6:46-7:00,,no
RFI - BTN - 200BB (vs two fish in blinds),BTN,open,,two fish in the blinds,93o,raise,0,,0,,0,100,Live Poker Preflop Guide (2026),2026-01-06,~6:46-7:00,,no
RFI - BTN - 200BB (vs two fish in blinds),BTN,open,,two fish in the blinds,83o,raise,0,,0,,0,100,Live Poker Preflop Guide (2026),2026-01-06,~6:46-7:00,,no
RFI - BTN - 200BB (vs two fish in blinds),BTN,open,,two fish in the blinds,73o,raise,0,,0,,0,100,Live Poker Preflop Guide (2026),2026-01-06,~6:46-7:00,,no
RFI - BTN - 200BB (vs two fish in blinds),BTN,open,,two fish in the blinds,63o,raise,0,,0,,0,100,Live Poker Preflop Guide (2026),2026-01-06,~6:46-7:00,,no
RFI - BTN - 200BB (vs two fish in blinds),BTN,open,,two fish in the blinds,53o,raise,100,,0,,0,0,Live Poker Preflop Guide (2026),2026-01-06,~6:46-7:00,,no
RFI - BTN - 200BB (vs two fish in blinds),BTN,open,,two fish in the blinds,43o,raise,100,,0,,0,0,Live Poker Preflop Guide (2026),2026-01-06,~6:46-7:00,,no
RFI - BTN - 200BB (vs two fish in blinds),BTN,open,,two fish in the blinds,33,raise,100,,0,,0,0,Live Poker Preflop Guide (2026),2026-01-06,~6:46-7:00,,no
RFI - BTN - 200BB (vs two fish in blinds),BTN,open,,two fish in the blinds,32s,raise,100,,0,,0,0,Live Poker Preflop Guide (2026),2026-01-06,~6:46-7:00,,no
RFI - BTN - 200BB (vs two fish in blinds),BTN,open,,two fish in the blinds,A2o,raise,100,,0,,0,0,Live Poker Preflop Guide (2026),2026-01-06,~6:46-7:00,,no
RFI - BTN - 200BB (vs two fish in blinds),BTN,open,,two fish in the blinds,K2o,raise,100,,0,,0,0,Live Poker Preflop Guide (2026),2026-01-06,~6:46-7:00,,no
RFI - BTN - 200BB (vs two fish in blinds),BTN,open,,two fish in the blinds,Q2o,raise,0,,0,,0,100,Live Poker Preflop Guide (2026),2026-01-06,~6:46-7:00,,no
RFI - BTN - 200BB (vs two fish in blinds),BTN,open,,two fish in the blinds,J2o,raise,0,,0,,0,100,Live Poker Preflop Guide (2026),2026-01-06,~6:46-7:00,,no
RFI - BTN - 200BB (vs two fish in blinds),BTN,open,,two fish in the blinds,T2o,raise,0,,0,,0,100,Live Poker Preflop Guide (2026),2026-01-06,~6:46-7:00,,no
RFI - BTN - 200BB (vs two fish in blinds),BTN,open,,two fish in the blinds,92o,raise,0,,0,,0,100,Live Poker Preflop Guide (2026),2026-01-06,~6:46-7:00,,no
RFI - BTN - 200BB (vs two fish in blinds),BTN,open,,two fish in the blinds,82o,raise,0,,0,,0,100,Live Poker Preflop Guide (2026),2026-01-06,~6:46-7:00,,no
RFI - BTN - 200BB (vs two fish in blinds),BTN,open,,two fish in the blinds,72o,raise,0,,0,,0,100,Live Poker Preflop Guide (2026),2026-01-06,~6:46-7:00,,no
RFI - BTN - 200BB (vs two fish in blinds),BTN,open,,two fish in the blinds,62o,raise,0,,0,,0,100,Live Poker Preflop Guide (2026),2026-01-06,~6:46-7:00,,no
RFI - BTN - 200BB (vs two fish in blinds),BTN,open,,two fish in the blinds,52o,raise,0,,0,,0,100,Live Poker Preflop Guide (2026),2026-01-06,~6:46-7:00,,no
RFI - BTN - 200BB (vs two fish in blinds),BTN,open,,two fish in the blinds,42o,raise,0,,0,,0,100,Live Poker Preflop Guide (2026),2026-01-06,~6:46-7:00,,no
RFI - BTN - 200BB (vs two fish in blinds),BTN,open,,two fish in the blinds,32o,raise,0,,0,,0,100,Live Poker Preflop Guide (2026),2026-01-06,~6:46-7:00,,no
RFI - BTN - 200BB (vs two fish in blinds),BTN,open,,two fish in the blinds,22,raise,100,,0,,0,0,Live Poker Preflop Guide (2026),2026-01-06,~6:46-7:00,,no
MP ISO vs EP LIMP,MP,vs_limp,EP,limper,AA,iso-raise,100,overlimp,0,soft-table limp,0,0,Live Poker Preflop Guide (2026),2026-01-06,9:28,,no
MP ISO vs EP LIMP,MP,vs_limp,EP,limper,AKs,iso-raise,100,overlimp,0,soft-table limp,0,0,Live Poker Preflop Guide (2026),2026-01-06,9:28,,no
MP ISO vs EP LIMP,MP,vs_limp,EP,limper,AQs,iso-raise,100,overlimp,0,soft-table limp,0,0,Live Poker Preflop Guide (2026),2026-01-06,9:28,,no
MP ISO vs EP LIMP,MP,vs_limp,EP,limper,AJs,iso-raise,100,overlimp,0,soft-table limp,0,0,Live Poker Preflop Guide (2026),2026-01-06,9:28,,no
MP ISO vs EP LIMP,MP,vs_limp,EP,limper,ATs,iso-raise,100,overlimp,0,soft-table limp,0,0,Live Poker Preflop Guide (2026),2026-01-06,9:28,,no
MP ISO vs EP LIMP,MP,vs_limp,EP,limper,A9s,iso-raise,0,overlimp,100,soft-table limp,0,0,Live Poker Preflop Guide (2026),2026-01-06,9:28,,no
MP ISO vs EP LIMP,MP,vs_limp,EP,limper,A8s,iso-raise,0,overlimp,100,soft-table limp,0,0,Live Poker Preflop Guide (2026),2026-01-06,9:28,,no
MP ISO vs EP LIMP,MP,vs_limp,EP,limper,A7s,iso-raise,0,overlimp,50,soft-table limp,50,0,Live Poker Preflop Guide (2026),2026-01-06,9:28,"SITUATIONAL (Mark): play this action when you have a bigger edge on the player, lower rake, or deeper stacks; leave it out with an aggressive 4-bettor behind.",yes
MP ISO vs EP LIMP,MP,vs_limp,EP,limper,A6s,iso-raise,0,overlimp,50,soft-table limp,50,0,Live Poker Preflop Guide (2026),2026-01-06,9:28,"SITUATIONAL (Mark): play this action when you have a bigger edge on the player, lower rake, or deeper stacks; leave it out with an aggressive 4-bettor behind.",yes
MP ISO vs EP LIMP,MP,vs_limp,EP,limper,A5s,iso-raise,50,overlimp,50,soft-table limp,0,0,Live Poker Preflop Guide (2026),2026-01-06,9:28,"SITUATIONAL (Mark): play this action when you have a bigger edge on the player, lower rake, or deeper stacks; leave it out with an aggressive 4-bettor behind.",yes
MP ISO vs EP LIMP,MP,vs_limp,EP,limper,A4s,iso-raise,0,overlimp,100,soft-table limp,0,0,Live Poker Preflop Guide (2026),2026-01-06,9:28,,no
MP ISO vs EP LIMP,MP,vs_limp,EP,limper,A3s,iso-raise,0,overlimp,50,soft-table limp,50,0,Live Poker Preflop Guide (2026),2026-01-06,9:28,"SITUATIONAL (Mark): play this action when you have a bigger edge on the player, lower rake, or deeper stacks; leave it out with an aggressive 4-bettor behind.",yes
MP ISO vs EP LIMP,MP,vs_limp,EP,limper,A2s,iso-raise,0,overlimp,50,soft-table limp,50,0,Live Poker Preflop Guide (2026),2026-01-06,9:28,"SITUATIONAL (Mark): play this action when you have a bigger edge on the player, lower rake, or deeper stacks; leave it out with an aggressive 4-bettor behind.",yes
MP ISO vs EP LIMP,MP,vs_limp,EP,limper,AKo,iso-raise,100,overlimp,0,soft-table limp,0,0,Live Poker Preflop Guide (2026),2026-01-06,9:28,,no
MP ISO vs EP LIMP,MP,vs_limp,EP,limper,KK,iso-raise,100,overlimp,0,soft-table limp,0,0,Live Poker Preflop Guide (2026),2026-01-06,9:28,,no
MP ISO vs EP LIMP,MP,vs_limp,EP,limper,KQs,iso-raise,100,overlimp,0,soft-table limp,0,0,Live Poker Preflop Guide (2026),2026-01-06,9:28,,no
MP ISO vs EP LIMP,MP,vs_limp,EP,limper,KJs,iso-raise,100,overlimp,0,soft-table limp,0,0,Live Poker Preflop Guide (2026),2026-01-06,9:28,,no
MP ISO vs EP LIMP,MP,vs_limp,EP,limper,KTs,iso-raise,50,overlimp,50,soft-table limp,0,0,Live Poker Preflop Guide (2026),2026-01-06,9:28,"SITUATIONAL (Mark): play this action when you have a bigger edge on the player, lower rake, or deeper stacks; leave it out with an aggressive 4-bettor behind.",yes
MP ISO vs EP LIMP,MP,vs_limp,EP,limper,K9s,iso-raise,0,overlimp,50,soft-table limp,50,0,Live Poker Preflop Guide (2026),2026-01-06,9:28,"SITUATIONAL (Mark): play this action when you have a bigger edge on the player, lower rake, or deeper stacks; leave it out with an aggressive 4-bettor behind.",yes
MP ISO vs EP LIMP,MP,vs_limp,EP,limper,K8s,iso-raise,0,overlimp,0,soft-table limp,0,100,Live Poker Preflop Guide (2026),2026-01-06,9:28,,no
MP ISO vs EP LIMP,MP,vs_limp,EP,limper,K7s,iso-raise,0,overlimp,0,soft-table limp,0,100,Live Poker Preflop Guide (2026),2026-01-06,9:28,,no
MP ISO vs EP LIMP,MP,vs_limp,EP,limper,K6s,iso-raise,0,overlimp,0,soft-table limp,0,100,Live Poker Preflop Guide (2026),2026-01-06,9:28,,no
MP ISO vs EP LIMP,MP,vs_limp,EP,limper,K5s,iso-raise,0,overlimp,0,soft-table limp,0,100,Live Poker Preflop Guide (2026),2026-01-06,9:28,,no
MP ISO vs EP LIMP,MP,vs_limp,EP,limper,K4s,iso-raise,0,overlimp,0,soft-table limp,0,100,Live Poker Preflop Guide (2026),2026-01-06,9:28,,no
MP ISO vs EP LIMP,MP,vs_limp,EP,limper,K3s,iso-raise,0,overlimp,0,soft-table limp,0,100,Live Poker Preflop Guide (2026),2026-01-06,9:28,,no
MP ISO vs EP LIMP,MP,vs_limp,EP,limper,K2s,iso-raise,0,overlimp,0,soft-table limp,0,100,Live Poker Preflop Guide (2026),2026-01-06,9:28,,no
MP ISO vs EP LIMP,MP,vs_limp,EP,limper,AQo,iso-raise,100,overlimp,0,soft-table limp,0,0,Live Poker Preflop Guide (2026),2026-01-06,9:28,,no
MP ISO vs EP LIMP,MP,vs_limp,EP,limper,KQo,iso-raise,0,overlimp,0,soft-table limp,0,100,Live Poker Preflop Guide (2026),2026-01-06,9:28,,no
MP ISO vs EP LIMP,MP,vs_limp,EP,limper,QQ,iso-raise,100,overlimp,0,soft-table limp,0,0,Live Poker Preflop Guide (2026),2026-01-06,9:28,,no
MP ISO vs EP LIMP,MP,vs_limp,EP,limper,QJs,iso-raise,100,overlimp,0,soft-table limp,0,0,Live Poker Preflop Guide (2026),2026-01-06,9:28,,no
MP ISO vs EP LIMP,MP,vs_limp,EP,limper,QTs,iso-raise,50,overlimp,50,soft-table limp,0,0,Live Poker Preflop Guide (2026),2026-01-06,9:28,"SITUATIONAL (Mark): play this action when you have a bigger edge on the player, lower rake, or deeper stacks; leave it out with an aggressive 4-bettor behind.",yes
MP ISO vs EP LIMP,MP,vs_limp,EP,limper,Q9s,iso-raise,0,overlimp,50,soft-table limp,50,0,Live Poker Preflop Guide (2026),2026-01-06,9:28,"SITUATIONAL (Mark): play this action when you have a bigger edge on the player, lower rake, or deeper stacks; leave it out with an aggressive 4-bettor behind.",yes
MP ISO vs EP LIMP,MP,vs_limp,EP,limper,Q8s,iso-raise,0,overlimp,0,soft-table limp,0,100,Live Poker Preflop Guide (2026),2026-01-06,9:28,,no
MP ISO vs EP LIMP,MP,vs_limp,EP,limper,Q7s,iso-raise,0,overlimp,0,soft-table limp,0,100,Live Poker Preflop Guide (2026),2026-01-06,9:28,,no
MP ISO vs EP LIMP,MP,vs_limp,EP,limper,Q6s,iso-raise,0,overlimp,0,soft-table limp,0,100,Live Poker Preflop Guide (2026),2026-01-06,9:28,,no
MP ISO vs EP LIMP,MP,vs_limp,EP,limper,Q5s,iso-raise,0,overlimp,0,soft-table limp,0,100,Live Poker Preflop Guide (2026),2026-01-06,9:28,,no
MP ISO vs EP LIMP,MP,vs_limp,EP,limper,Q4s,iso-raise,0,overlimp,0,soft-table limp,0,100,Live Poker Preflop Guide (2026),2026-01-06,9:28,,no
MP ISO vs EP LIMP,MP,vs_limp,EP,limper,Q3s,iso-raise,0,overlimp,0,soft-table limp,0,100,Live Poker Preflop Guide (2026),2026-01-06,9:28,,no
MP ISO vs EP LIMP,MP,vs_limp,EP,limper,Q2s,iso-raise,0,overlimp,0,soft-table limp,0,100,Live Poker Preflop Guide (2026),2026-01-06,9:28,,no
MP ISO vs EP LIMP,MP,vs_limp,EP,limper,AJo,iso-raise,35,overlimp,40,soft-table limp,25,0,Live Poker Preflop Guide (2026),2026-01-06,9:28,"SITUATIONAL (Mark): play this action when you have a bigger edge on the player, lower rake, or deeper stacks; leave it out with an aggressive 4-bettor behind.",yes
MP ISO vs EP LIMP,MP,vs_limp,EP,limper,KJo,iso-raise,0,overlimp,0,soft-table limp,0,100,Live Poker Preflop Guide (2026),2026-01-06,9:28,,no
MP ISO vs EP LIMP,MP,vs_limp,EP,limper,QJo,iso-raise,0,overlimp,0,soft-table limp,0,100,Live Poker Preflop Guide (2026),2026-01-06,9:28,,no
MP ISO vs EP LIMP,MP,vs_limp,EP,limper,JJ,iso-raise,100,overlimp,0,soft-table limp,0,0,Live Poker Preflop Guide (2026),2026-01-06,9:28,,no
MP ISO vs EP LIMP,MP,vs_limp,EP,limper,JTs,iso-raise,50,overlimp,50,soft-table limp,0,0,Live Poker Preflop Guide (2026),2026-01-06,9:28,"SITUATIONAL (Mark): play this action when you have a bigger edge on the player, lower rake, or deeper stacks; leave it out with an aggressive 4-bettor behind.",yes
MP ISO vs EP LIMP,MP,vs_limp,EP,limper,J9s,iso-raise,0,overlimp,50,soft-table limp,50,0,Live Poker Preflop Guide (2026),2026-01-06,9:28,"SITUATIONAL (Mark): play this action when you have a bigger edge on the player, lower rake, or deeper stacks; leave it out with an aggressive 4-bettor behind.",yes
MP ISO vs EP LIMP,MP,vs_limp,EP,limper,J8s,iso-raise,0,overlimp,0,soft-table limp,0,100,Live Poker Preflop Guide (2026),2026-01-06,9:28,,no
MP ISO vs EP LIMP,MP,vs_limp,EP,limper,J7s,iso-raise,0,overlimp,0,soft-table limp,0,100,Live Poker Preflop Guide (2026),2026-01-06,9:28,,no
MP ISO vs EP LIMP,MP,vs_limp,EP,limper,J6s,iso-raise,0,overlimp,0,soft-table limp,0,100,Live Poker Preflop Guide (2026),2026-01-06,9:28,,no
MP ISO vs EP LIMP,MP,vs_limp,EP,limper,J5s,iso-raise,0,overlimp,0,soft-table limp,0,100,Live Poker Preflop Guide (2026),2026-01-06,9:28,,no
MP ISO vs EP LIMP,MP,vs_limp,EP,limper,J4s,iso-raise,0,overlimp,0,soft-table limp,0,100,Live Poker Preflop Guide (2026),2026-01-06,9:28,,no
MP ISO vs EP LIMP,MP,vs_limp,EP,limper,J3s,iso-raise,0,overlimp,0,soft-table limp,0,100,Live Poker Preflop Guide (2026),2026-01-06,9:28,,no
MP ISO vs EP LIMP,MP,vs_limp,EP,limper,J2s,iso-raise,0,overlimp,0,soft-table limp,0,100,Live Poker Preflop Guide (2026),2026-01-06,9:28,,no
MP ISO vs EP LIMP,MP,vs_limp,EP,limper,ATo,iso-raise,0,overlimp,0,soft-table limp,0,100,Live Poker Preflop Guide (2026),2026-01-06,9:28,,no
MP ISO vs EP LIMP,MP,vs_limp,EP,limper,KTo,iso-raise,0,overlimp,0,soft-table limp,0,100,Live Poker Preflop Guide (2026),2026-01-06,9:28,,no
MP ISO vs EP LIMP,MP,vs_limp,EP,limper,QTo,iso-raise,0,overlimp,0,soft-table limp,0,100,Live Poker Preflop Guide (2026),2026-01-06,9:28,,no
MP ISO vs EP LIMP,MP,vs_limp,EP,limper,JTo,iso-raise,0,overlimp,0,soft-table limp,0,100,Live Poker Preflop Guide (2026),2026-01-06,9:28,,no
MP ISO vs EP LIMP,MP,vs_limp,EP,limper,TT,iso-raise,100,overlimp,0,soft-table limp,0,0,Live Poker Preflop Guide (2026),2026-01-06,9:28,,no
MP ISO vs EP LIMP,MP,vs_limp,EP,limper,T9s,iso-raise,0,overlimp,100,soft-table limp,0,0,Live Poker Preflop Guide (2026),2026-01-06,9:28,,no
MP ISO vs EP LIMP,MP,vs_limp,EP,limper,T8s,iso-raise,0,overlimp,0,soft-table limp,0,100,Live Poker Preflop Guide (2026),2026-01-06,9:28,,no
MP ISO vs EP LIMP,MP,vs_limp,EP,limper,T7s,iso-raise,0,overlimp,0,soft-table limp,0,100,Live Poker Preflop Guide (2026),2026-01-06,9:28,,no
MP ISO vs EP LIMP,MP,vs_limp,EP,limper,T6s,iso-raise,0,overlimp,0,soft-table limp,0,100,Live Poker Preflop Guide (2026),2026-01-06,9:28,,no
MP ISO vs EP LIMP,MP,vs_limp,EP,limper,T5s,iso-raise,0,overlimp,0,soft-table limp,0,100,Live Poker Preflop Guide (2026),2026-01-06,9:28,,no
MP ISO vs EP LIMP,MP,vs_limp,EP,limper,T4s,iso-raise,0,overlimp,0,soft-table limp,0,100,Live Poker Preflop Guide (2026),2026-01-06,9:28,,no
MP ISO vs EP LIMP,MP,vs_limp,EP,limper,T3s,iso-raise,0,overlimp,0,soft-table limp,0,100,Live Poker Preflop Guide (2026),2026-01-06,9:28,,no
MP ISO vs EP LIMP,MP,vs_limp,EP,limper,T2s,iso-raise,0,overlimp,0,soft-table limp,0,100,Live Poker Preflop Guide (2026),2026-01-06,9:28,,no
MP ISO vs EP LIMP,MP,vs_limp,EP,limper,A9o,iso-raise,0,overlimp,0,soft-table limp,0,100,Live Poker Preflop Guide (2026),2026-01-06,9:28,,no
MP ISO vs EP LIMP,MP,vs_limp,EP,limper,K9o,iso-raise,0,overlimp,0,soft-table limp,0,100,Live Poker Preflop Guide (2026),2026-01-06,9:28,,no
MP ISO vs EP LIMP,MP,vs_limp,EP,limper,Q9o,iso-raise,0,overlimp,0,soft-table limp,0,100,Live Poker Preflop Guide (2026),2026-01-06,9:28,,no
MP ISO vs EP LIMP,MP,vs_limp,EP,limper,J9o,iso-raise,0,overlimp,0,soft-table limp,0,100,Live Poker Preflop Guide (2026),2026-01-06,9:28,,no
MP ISO vs EP LIMP,MP,vs_limp,EP,limper,T9o,iso-raise,0,overlimp,0,soft-table limp,0,100,Live Poker Preflop Guide (2026),2026-01-06,9:28,,no
MP ISO vs EP LIMP,MP,vs_limp,EP,limper,99,iso-raise,100,overlimp,0,soft-table limp,0,0,Live Poker Preflop Guide (2026),2026-01-06,9:28,,no
MP ISO vs EP LIMP,MP,vs_limp,EP,limper,98s,iso-raise,0,overlimp,100,soft-table limp,0,0,Live Poker Preflop Guide (2026),2026-01-06,9:28,,no
MP ISO vs EP LIMP,MP,vs_limp,EP,limper,97s,iso-raise,0,overlimp,0,soft-table limp,0,100,Live Poker Preflop Guide (2026),2026-01-06,9:28,,no
MP ISO vs EP LIMP,MP,vs_limp,EP,limper,96s,iso-raise,0,overlimp,0,soft-table limp,0,100,Live Poker Preflop Guide (2026),2026-01-06,9:28,,no
MP ISO vs EP LIMP,MP,vs_limp,EP,limper,95s,iso-raise,0,overlimp,0,soft-table limp,0,100,Live Poker Preflop Guide (2026),2026-01-06,9:28,,no
MP ISO vs EP LIMP,MP,vs_limp,EP,limper,94s,iso-raise,0,overlimp,0,soft-table limp,0,100,Live Poker Preflop Guide (2026),2026-01-06,9:28,,no
MP ISO vs EP LIMP,MP,vs_limp,EP,limper,93s,iso-raise,0,overlimp,0,soft-table limp,0,100,Live Poker Preflop Guide (2026),2026-01-06,9:28,,no
MP ISO vs EP LIMP,MP,vs_limp,EP,limper,92s,iso-raise,0,overlimp,0,soft-table limp,0,100,Live Poker Preflop Guide (2026),2026-01-06,9:28,,no
MP ISO vs EP LIMP,MP,vs_limp,EP,limper,A8o,iso-raise,0,overlimp,0,soft-table limp,0,100,Live Poker Preflop Guide (2026),2026-01-06,9:28,,no
MP ISO vs EP LIMP,MP,vs_limp,EP,limper,K8o,iso-raise,0,overlimp,0,soft-table limp,0,100,Live Poker Preflop Guide (2026),2026-01-06,9:28,,no
MP ISO vs EP LIMP,MP,vs_limp,EP,limper,Q8o,iso-raise,0,overlimp,0,soft-table limp,0,100,Live Poker Preflop Guide (2026),2026-01-06,9:28,,no
MP ISO vs EP LIMP,MP,vs_limp,EP,limper,J8o,iso-raise,0,overlimp,0,soft-table limp,0,100,Live Poker Preflop Guide (2026),2026-01-06,9:28,,no
MP ISO vs EP LIMP,MP,vs_limp,EP,limper,T8o,iso-raise,0,overlimp,0,soft-table limp,0,100,Live Poker Preflop Guide (2026),2026-01-06,9:28,,no
MP ISO vs EP LIMP,MP,vs_limp,EP,limper,98o,iso-raise,0,overlimp,0,soft-table limp,0,100,Live Poker Preflop Guide (2026),2026-01-06,9:28,,no
MP ISO vs EP LIMP,MP,vs_limp,EP,limper,88,iso-raise,50,overlimp,50,soft-table limp,0,0,Live Poker Preflop Guide (2026),2026-01-06,9:28,"SITUATIONAL (Mark): play this action when you have a bigger edge on the player, lower rake, or deeper stacks; leave it out with an aggressive 4-bettor behind.",yes
MP ISO vs EP LIMP,MP,vs_limp,EP,limper,87s,iso-raise,0,overlimp,50,soft-table limp,50,0,Live Poker Preflop Guide (2026),2026-01-06,9:28,"SITUATIONAL (Mark): play this action when you have a bigger edge on the player, lower rake, or deeper stacks; leave it out with an aggressive 4-bettor behind.",yes
MP ISO vs EP LIMP,MP,vs_limp,EP,limper,86s,iso-raise,0,overlimp,0,soft-table limp,0,100,Live Poker Preflop Guide (2026),2026-01-06,9:28,,no
MP ISO vs EP LIMP,MP,vs_limp,EP,limper,85s,iso-raise,0,overlimp,0,soft-table limp,0,100,Live Poker Preflop Guide (2026),2026-01-06,9:28,,no
MP ISO vs EP LIMP,MP,vs_limp,EP,limper,84s,iso-raise,0,overlimp,0,soft-table limp,0,100,Live Poker Preflop Guide (2026),2026-01-06,9:28,,no
MP ISO vs EP LIMP,MP,vs_limp,EP,limper,83s,iso-raise,0,overlimp,0,soft-table limp,0,100,Live Poker Preflop Guide (2026),2026-01-06,9:28,,no
MP ISO vs EP LIMP,MP,vs_limp,EP,limper,82s,iso-raise,0,overlimp,0,soft-table limp,0,100,Live Poker Preflop Guide (2026),2026-01-06,9:28,,no
MP ISO vs EP LIMP,MP,vs_limp,EP,limper,A7o,iso-raise,0,overlimp,0,soft-table limp,0,100,Live Poker Preflop Guide (2026),2026-01-06,9:28,,no
MP ISO vs EP LIMP,MP,vs_limp,EP,limper,K7o,iso-raise,0,overlimp,0,soft-table limp,0,100,Live Poker Preflop Guide (2026),2026-01-06,9:28,,no
MP ISO vs EP LIMP,MP,vs_limp,EP,limper,Q7o,iso-raise,0,overlimp,0,soft-table limp,0,100,Live Poker Preflop Guide (2026),2026-01-06,9:28,,no
MP ISO vs EP LIMP,MP,vs_limp,EP,limper,J7o,iso-raise,0,overlimp,0,soft-table limp,0,100,Live Poker Preflop Guide (2026),2026-01-06,9:28,,no
MP ISO vs EP LIMP,MP,vs_limp,EP,limper,T7o,iso-raise,0,overlimp,0,soft-table limp,0,100,Live Poker Preflop Guide (2026),2026-01-06,9:28,,no
MP ISO vs EP LIMP,MP,vs_limp,EP,limper,97o,iso-raise,0,overlimp,0,soft-table limp,0,100,Live Poker Preflop Guide (2026),2026-01-06,9:28,,no
MP ISO vs EP LIMP,MP,vs_limp,EP,limper,87o,iso-raise,0,overlimp,0,soft-table limp,0,100,Live Poker Preflop Guide (2026),2026-01-06,9:28,,no
MP ISO vs EP LIMP,MP,vs_limp,EP,limper,77,iso-raise,0,overlimp,100,soft-table limp,0,0,Live Poker Preflop Guide (2026),2026-01-06,9:28,,no
MP ISO vs EP LIMP,MP,vs_limp,EP,limper,76s,iso-raise,0,overlimp,0,soft-table limp,0,100,Live Poker Preflop Guide (2026),2026-01-06,9:28,,no
MP ISO vs EP LIMP,MP,vs_limp,EP,limper,75s,iso-raise,0,overlimp,0,soft-table limp,0,100,Live Poker Preflop Guide (2026),2026-01-06,9:28,,no
MP ISO vs EP LIMP,MP,vs_limp,EP,limper,74s,iso-raise,0,overlimp,0,soft-table limp,0,100,Live Poker Preflop Guide (2026),2026-01-06,9:28,,no
MP ISO vs EP LIMP,MP,vs_limp,EP,limper,73s,iso-raise,0,overlimp,0,soft-table limp,0,100,Live Poker Preflop Guide (2026),2026-01-06,9:28,,no
MP ISO vs EP LIMP,MP,vs_limp,EP,limper,72s,iso-raise,0,overlimp,0,soft-table limp,0,100,Live Poker Preflop Guide (2026),2026-01-06,9:28,,no
MP ISO vs EP LIMP,MP,vs_limp,EP,limper,A6o,iso-raise,0,overlimp,0,soft-table limp,0,100,Live Poker Preflop Guide (2026),2026-01-06,9:28,,no
MP ISO vs EP LIMP,MP,vs_limp,EP,limper,K6o,iso-raise,0,overlimp,0,soft-table limp,0,100,Live Poker Preflop Guide (2026),2026-01-06,9:28,,no
MP ISO vs EP LIMP,MP,vs_limp,EP,limper,Q6o,iso-raise,0,overlimp,0,soft-table limp,0,100,Live Poker Preflop Guide (2026),2026-01-06,9:28,,no
MP ISO vs EP LIMP,MP,vs_limp,EP,limper,J6o,iso-raise,0,overlimp,0,soft-table limp,0,100,Live Poker Preflop Guide (2026),2026-01-06,9:28,,no
MP ISO vs EP LIMP,MP,vs_limp,EP,limper,T6o,iso-raise,0,overlimp,0,soft-table limp,0,100,Live Poker Preflop Guide (2026),2026-01-06,9:28,,no
MP ISO vs EP LIMP,MP,vs_limp,EP,limper,96o,iso-raise,0,overlimp,0,soft-table limp,0,100,Live Poker Preflop Guide (2026),2026-01-06,9:28,,no
MP ISO vs EP LIMP,MP,vs_limp,EP,limper,86o,iso-raise,0,overlimp,0,soft-table limp,0,100,Live Poker Preflop Guide (2026),2026-01-06,9:28,,no
MP ISO vs EP LIMP,MP,vs_limp,EP,limper,76o,iso-raise,0,overlimp,0,soft-table limp,0,100,Live Poker Preflop Guide (2026),2026-01-06,9:28,,no
MP ISO vs EP LIMP,MP,vs_limp,EP,limper,66,iso-raise,0,overlimp,100,soft-table limp,0,0,Live Poker Preflop Guide (2026),2026-01-06,9:28,,no
MP ISO vs EP LIMP,MP,vs_limp,EP,limper,65s,iso-raise,0,overlimp,0,soft-table limp,0,100,Live Poker Preflop Guide (2026),2026-01-06,9:28,,no
MP ISO vs EP LIMP,MP,vs_limp,EP,limper,64s,iso-raise,0,overlimp,0,soft-table limp,0,100,Live Poker Preflop Guide (2026),2026-01-06,9:28,,no
MP ISO vs EP LIMP,MP,vs_limp,EP,limper,63s,iso-raise,0,overlimp,0,soft-table limp,0,100,Live Poker Preflop Guide (2026),2026-01-06,9:28,,no
MP ISO vs EP LIMP,MP,vs_limp,EP,limper,62s,iso-raise,0,overlimp,0,soft-table limp,0,100,Live Poker Preflop Guide (2026),2026-01-06,9:28,,no
MP ISO vs EP LIMP,MP,vs_limp,EP,limper,A5o,iso-raise,0,overlimp,0,soft-table limp,0,100,Live Poker Preflop Guide (2026),2026-01-06,9:28,,no
MP ISO vs EP LIMP,MP,vs_limp,EP,limper,K5o,iso-raise,0,overlimp,0,soft-table limp,0,100,Live Poker Preflop Guide (2026),2026-01-06,9:28,,no
MP ISO vs EP LIMP,MP,vs_limp,EP,limper,Q5o,iso-raise,0,overlimp,0,soft-table limp,0,100,Live Poker Preflop Guide (2026),2026-01-06,9:28,,no
MP ISO vs EP LIMP,MP,vs_limp,EP,limper,J5o,iso-raise,0,overlimp,0,soft-table limp,0,100,Live Poker Preflop Guide (2026),2026-01-06,9:28,,no
MP ISO vs EP LIMP,MP,vs_limp,EP,limper,T5o,iso-raise,0,overlimp,0,soft-table limp,0,100,Live Poker Preflop Guide (2026),2026-01-06,9:28,,no
MP ISO vs EP LIMP,MP,vs_limp,EP,limper,95o,iso-raise,0,overlimp,0,soft-table limp,0,100,Live Poker Preflop Guide (2026),2026-01-06,9:28,,no
MP ISO vs EP LIMP,MP,vs_limp,EP,limper,85o,iso-raise,0,overlimp,0,soft-table limp,0,100,Live Poker Preflop Guide (2026),2026-01-06,9:28,,no
MP ISO vs EP LIMP,MP,vs_limp,EP,limper,75o,iso-raise,0,overlimp,0,soft-table limp,0,100,Live Poker Preflop Guide (2026),2026-01-06,9:28,,no
MP ISO vs EP LIMP,MP,vs_limp,EP,limper,65o,iso-raise,0,overlimp,0,soft-table limp,0,100,Live Poker Preflop Guide (2026),2026-01-06,9:28,,no
MP ISO vs EP LIMP,MP,vs_limp,EP,limper,55,iso-raise,0,overlimp,100,soft-table limp,0,0,Live Poker Preflop Guide (2026),2026-01-06,9:28,,no
MP ISO vs EP LIMP,MP,vs_limp,EP,limper,54s,iso-raise,0,overlimp,0,soft-table limp,0,100,Live Poker Preflop Guide (2026),2026-01-06,9:28,,no
MP ISO vs EP LIMP,MP,vs_limp,EP,limper,53s,iso-raise,0,overlimp,0,soft-table limp,0,100,Live Poker Preflop Guide (2026),2026-01-06,9:28,,no
MP ISO vs EP LIMP,MP,vs_limp,EP,limper,52s,iso-raise,0,overlimp,0,soft-table limp,0,100,Live Poker Preflop Guide (2026),2026-01-06,9:28,,no
MP ISO vs EP LIMP,MP,vs_limp,EP,limper,A4o,iso-raise,0,overlimp,0,soft-table limp,0,100,Live Poker Preflop Guide (2026),2026-01-06,9:28,,no
MP ISO vs EP LIMP,MP,vs_limp,EP,limper,K4o,iso-raise,0,overlimp,0,soft-table limp,0,100,Live Poker Preflop Guide (2026),2026-01-06,9:28,,no
MP ISO vs EP LIMP,MP,vs_limp,EP,limper,Q4o,iso-raise,0,overlimp,0,soft-table limp,0,100,Live Poker Preflop Guide (2026),2026-01-06,9:28,,no
MP ISO vs EP LIMP,MP,vs_limp,EP,limper,J4o,iso-raise,0,overlimp,0,soft-table limp,0,100,Live Poker Preflop Guide (2026),2026-01-06,9:28,,no
MP ISO vs EP LIMP,MP,vs_limp,EP,limper,T4o,iso-raise,0,overlimp,0,soft-table limp,0,100,Live Poker Preflop Guide (2026),2026-01-06,9:28,,no
MP ISO vs EP LIMP,MP,vs_limp,EP,limper,94o,iso-raise,0,overlimp,0,soft-table limp,0,100,Live Poker Preflop Guide (2026),2026-01-06,9:28,,no
MP ISO vs EP LIMP,MP,vs_limp,EP,limper,84o,iso-raise,0,overlimp,0,soft-table limp,0,100,Live Poker Preflop Guide (2026),2026-01-06,9:28,,no
MP ISO vs EP LIMP,MP,vs_limp,EP,limper,74o,iso-raise,0,overlimp,0,soft-table limp,0,100,Live Poker Preflop Guide (2026),2026-01-06,9:28,,no
MP ISO vs EP LIMP,MP,vs_limp,EP,limper,64o,iso-raise,0,overlimp,0,soft-table limp,0,100,Live Poker Preflop Guide (2026),2026-01-06,9:28,,no
MP ISO vs EP LIMP,MP,vs_limp,EP,limper,54o,iso-raise,0,overlimp,0,soft-table limp,0,100,Live Poker Preflop Guide (2026),2026-01-06,9:28,,no
MP ISO vs EP LIMP,MP,vs_limp,EP,limper,44,iso-raise,0,overlimp,50,soft-table limp,50,0,Live Poker Preflop Guide (2026),2026-01-06,9:28,"SITUATIONAL (Mark): play this action when you have a bigger edge on the player, lower rake, or deeper stacks; leave it out with an aggressive 4-bettor behind.",yes
MP ISO vs EP LIMP,MP,vs_limp,EP,limper,43s,iso-raise,0,overlimp,0,soft-table limp,0,100,Live Poker Preflop Guide (2026),2026-01-06,9:28,,no
MP ISO vs EP LIMP,MP,vs_limp,EP,limper,42s,iso-raise,0,overlimp,0,soft-table limp,0,100,Live Poker Preflop Guide (2026),2026-01-06,9:28,,no
MP ISO vs EP LIMP,MP,vs_limp,EP,limper,A3o,iso-raise,0,overlimp,0,soft-table limp,0,100,Live Poker Preflop Guide (2026),2026-01-06,9:28,,no
MP ISO vs EP LIMP,MP,vs_limp,EP,limper,K3o,iso-raise,0,overlimp,0,soft-table limp,0,100,Live Poker Preflop Guide (2026),2026-01-06,9:28,,no
MP ISO vs EP LIMP,MP,vs_limp,EP,limper,Q3o,iso-raise,0,overlimp,0,soft-table limp,0,100,Live Poker Preflop Guide (2026),2026-01-06,9:28,,no
MP ISO vs EP LIMP,MP,vs_limp,EP,limper,J3o,iso-raise,0,overlimp,0,soft-table limp,0,100,Live Poker Preflop Guide (2026),2026-01-06,9:28,,no
MP ISO vs EP LIMP,MP,vs_limp,EP,limper,T3o,iso-raise,0,overlimp,0,soft-table limp,0,100,Live Poker Preflop Guide (2026),2026-01-06,9:28,,no
MP ISO vs EP LIMP,MP,vs_limp,EP,limper,93o,iso-raise,0,overlimp,0,soft-table limp,0,100,Live Poker Preflop Guide (2026),2026-01-06,9:28,,no
MP ISO vs EP LIMP,MP,vs_limp,EP,limper,83o,iso-raise,0,overlimp,0,soft-table limp,0,100,Live Poker Preflop Guide (2026),2026-01-06,9:28,,no
MP ISO vs EP LIMP,MP,vs_limp,EP,limper,73o,iso-raise,0,overlimp,0,soft-table limp,0,100,Live Poker Preflop Guide (2026),2026-01-06,9:28,,no
MP ISO vs EP LIMP,MP,vs_limp,EP,limper,63o,iso-raise,0,overlimp,0,soft-table limp,0,100,Live Poker Preflop Guide (2026),2026-01-06,9:28,,no
MP ISO vs EP LIMP,MP,vs_limp,EP,limper,53o,iso-raise,0,overlimp,0,soft-table limp,0,100,Live Poker Preflop Guide (2026),2026-01-06,9:28,,no
MP ISO vs EP LIMP,MP,vs_limp,EP,limper,43o,iso-raise,0,overlimp,0,soft-table limp,0,100,Live Poker Preflop Guide (2026),2026-01-06,9:28,,no
MP ISO vs EP LIMP,MP,vs_limp,EP,limper,33,iso-raise,0,overlimp,50,soft-table limp,50,0,Live Poker Preflop Guide (2026),2026-01-06,9:28,"SITUATIONAL (Mark): play this action when you have a bigger edge on the player, lower rake, or deeper stacks; leave it out with an aggressive 4-bettor behind.",yes
MP ISO vs EP LIMP,MP,vs_limp,EP,limper,32s,iso-raise,0,overlimp,0,soft-table limp,0,100,Live Poker Preflop Guide (2026),2026-01-06,9:28,,no
MP ISO vs EP LIMP,MP,vs_limp,EP,limper,A2o,iso-raise,0,overlimp,0,soft-table limp,0,100,Live Poker Preflop Guide (2026),2026-01-06,9:28,,no
MP ISO vs EP LIMP,MP,vs_limp,EP,limper,K2o,iso-raise,0,overlimp,0,soft-table limp,0,100,Live Poker Preflop Guide (2026),2026-01-06,9:28,,no
MP ISO vs EP LIMP,MP,vs_limp,EP,limper,Q2o,iso-raise,0,overlimp,0,soft-table limp,0,100,Live Poker Preflop Guide (2026),2026-01-06,9:28,,no
MP ISO vs EP LIMP,MP,vs_limp,EP,limper,J2o,iso-raise,0,overlimp,0,soft-table limp,0,100,Live Poker Preflop Guide (2026),2026-01-06,9:28,,no
MP ISO vs EP LIMP,MP,vs_limp,EP,limper,T2o,iso-raise,0,overlimp,0,soft-table limp,0,100,Live Poker Preflop Guide (2026),2026-01-06,9:28,,no
MP ISO vs EP LIMP,MP,vs_limp,EP,limper,92o,iso-raise,0,overlimp,0,soft-table limp,0,100,Live Poker Preflop Guide (2026),2026-01-06,9:28,,no
MP ISO vs EP LIMP,MP,vs_limp,EP,limper,82o,iso-raise,0,overlimp,0,soft-table limp,0,100,Live Poker Preflop Guide (2026),2026-01-06,9:28,,no
MP ISO vs EP LIMP,MP,vs_limp,EP,limper,72o,iso-raise,0,overlimp,0,soft-table limp,0,100,Live Poker Preflop Guide (2026),2026-01-06,9:28,,no
MP ISO vs EP LIMP,MP,vs_limp,EP,limper,62o,iso-raise,0,overlimp,0,soft-table limp,0,100,Live Poker Preflop Guide (2026),2026-01-06,9:28,,no
MP ISO vs EP LIMP,MP,vs_limp,EP,limper,52o,iso-raise,0,overlimp,0,soft-table limp,0,100,Live Poker Preflop Guide (2026),2026-01-06,9:28,,no
MP ISO vs EP LIMP,MP,vs_limp,EP,limper,42o,iso-raise,0,overlimp,0,soft-table limp,0,100,Live Poker Preflop Guide (2026),2026-01-06,9:28,,no
MP ISO vs EP LIMP,MP,vs_limp,EP,limper,32o,iso-raise,0,overlimp,0,soft-table limp,0,100,Live Poker Preflop Guide (2026),2026-01-06,9:28,,no
MP ISO vs EP LIMP,MP,vs_limp,EP,limper,22,iso-raise,0,overlimp,50,soft-table limp,50,0,Live Poker Preflop Guide (2026),2026-01-06,9:28,"SITUATIONAL (Mark): play this action when you have a bigger edge on the player, lower rake, or deeper stacks; leave it out with an aggressive 4-bettor behind.",yes
BTN ISO vs CO LIMP,BTN,vs_limp,CO,limper,AA,iso-raise,100,,0,,0,0,Live Poker Preflop Guide (2026),2026-01-06,10:03,,no
BTN ISO vs CO LIMP,BTN,vs_limp,CO,limper,AKs,iso-raise,100,,0,,0,0,Live Poker Preflop Guide (2026),2026-01-06,10:03,,no
BTN ISO vs CO LIMP,BTN,vs_limp,CO,limper,AQs,iso-raise,100,,0,,0,0,Live Poker Preflop Guide (2026),2026-01-06,10:03,,no
BTN ISO vs CO LIMP,BTN,vs_limp,CO,limper,AJs,iso-raise,100,,0,,0,0,Live Poker Preflop Guide (2026),2026-01-06,10:03,,no
BTN ISO vs CO LIMP,BTN,vs_limp,CO,limper,ATs,iso-raise,100,,0,,0,0,Live Poker Preflop Guide (2026),2026-01-06,10:03,,no
BTN ISO vs CO LIMP,BTN,vs_limp,CO,limper,A9s,iso-raise,100,,0,,0,0,Live Poker Preflop Guide (2026),2026-01-06,10:03,,no
BTN ISO vs CO LIMP,BTN,vs_limp,CO,limper,A8s,iso-raise,100,,0,,0,0,Live Poker Preflop Guide (2026),2026-01-06,10:03,,no
BTN ISO vs CO LIMP,BTN,vs_limp,CO,limper,A7s,iso-raise,100,,0,,0,0,Live Poker Preflop Guide (2026),2026-01-06,10:03,,no
BTN ISO vs CO LIMP,BTN,vs_limp,CO,limper,A6s,iso-raise,100,,0,,0,0,Live Poker Preflop Guide (2026),2026-01-06,10:03,,no
BTN ISO vs CO LIMP,BTN,vs_limp,CO,limper,A5s,iso-raise,100,,0,,0,0,Live Poker Preflop Guide (2026),2026-01-06,10:03,,no
BTN ISO vs CO LIMP,BTN,vs_limp,CO,limper,A4s,iso-raise,100,,0,,0,0,Live Poker Preflop Guide (2026),2026-01-06,10:03,,no
BTN ISO vs CO LIMP,BTN,vs_limp,CO,limper,A3s,iso-raise,100,,0,,0,0,Live Poker Preflop Guide (2026),2026-01-06,10:03,,no
BTN ISO vs CO LIMP,BTN,vs_limp,CO,limper,A2s,iso-raise,100,,0,,0,0,Live Poker Preflop Guide (2026),2026-01-06,10:03,,no
BTN ISO vs CO LIMP,BTN,vs_limp,CO,limper,AKo,iso-raise,100,,0,,0,0,Live Poker Preflop Guide (2026),2026-01-06,10:03,,no
BTN ISO vs CO LIMP,BTN,vs_limp,CO,limper,KK,iso-raise,100,,0,,0,0,Live Poker Preflop Guide (2026),2026-01-06,10:03,,no
BTN ISO vs CO LIMP,BTN,vs_limp,CO,limper,KQs,iso-raise,100,,0,,0,0,Live Poker Preflop Guide (2026),2026-01-06,10:03,,no
BTN ISO vs CO LIMP,BTN,vs_limp,CO,limper,KJs,iso-raise,100,,0,,0,0,Live Poker Preflop Guide (2026),2026-01-06,10:03,,no
BTN ISO vs CO LIMP,BTN,vs_limp,CO,limper,KTs,iso-raise,100,,0,,0,0,Live Poker Preflop Guide (2026),2026-01-06,10:03,,no
BTN ISO vs CO LIMP,BTN,vs_limp,CO,limper,K9s,iso-raise,100,,0,,0,0,Live Poker Preflop Guide (2026),2026-01-06,10:03,,no
BTN ISO vs CO LIMP,BTN,vs_limp,CO,limper,K8s,iso-raise,50,,0,,0,50,Live Poker Preflop Guide (2026),2026-01-06,10:03,"SITUATIONAL (Mark): play this action when you have a bigger edge on the player, lower rake, or deeper stacks; leave it out with an aggressive 4-bettor behind.",yes
BTN ISO vs CO LIMP,BTN,vs_limp,CO,limper,K7s,iso-raise,50,,0,,0,50,Live Poker Preflop Guide (2026),2026-01-06,10:03,"SITUATIONAL (Mark): play this action when you have a bigger edge on the player, lower rake, or deeper stacks; leave it out with an aggressive 4-bettor behind.",yes
BTN ISO vs CO LIMP,BTN,vs_limp,CO,limper,K6s,iso-raise,50,,0,,0,50,Live Poker Preflop Guide (2026),2026-01-06,10:03,"SITUATIONAL (Mark): play this action when you have a bigger edge on the player, lower rake, or deeper stacks; leave it out with an aggressive 4-bettor behind.",yes
BTN ISO vs CO LIMP,BTN,vs_limp,CO,limper,K5s,iso-raise,50,,0,,0,50,Live Poker Preflop Guide (2026),2026-01-06,10:03,"SITUATIONAL (Mark): play this action when you have a bigger edge on the player, lower rake, or deeper stacks; leave it out with an aggressive 4-bettor behind.",yes
BTN ISO vs CO LIMP,BTN,vs_limp,CO,limper,K4s,iso-raise,50,,0,,0,50,Live Poker Preflop Guide (2026),2026-01-06,10:03,"SITUATIONAL (Mark): play this action when you have a bigger edge on the player, lower rake, or deeper stacks; leave it out with an aggressive 4-bettor behind.",yes
BTN ISO vs CO LIMP,BTN,vs_limp,CO,limper,K3s,iso-raise,50,,0,,0,50,Live Poker Preflop Guide (2026),2026-01-06,10:03,"SITUATIONAL (Mark): play this action when you have a bigger edge on the player, lower rake, or deeper stacks; leave it out with an aggressive 4-bettor behind.",yes
BTN ISO vs CO LIMP,BTN,vs_limp,CO,limper,K2s,iso-raise,50,,0,,0,50,Live Poker Preflop Guide (2026),2026-01-06,10:03,"SITUATIONAL (Mark): play this action when you have a bigger edge on the player, lower rake, or deeper stacks; leave it out with an aggressive 4-bettor behind.",yes
BTN ISO vs CO LIMP,BTN,vs_limp,CO,limper,AQo,iso-raise,100,,0,,0,0,Live Poker Preflop Guide (2026),2026-01-06,10:03,,no
BTN ISO vs CO LIMP,BTN,vs_limp,CO,limper,KQo,iso-raise,100,,0,,0,0,Live Poker Preflop Guide (2026),2026-01-06,10:03,,no
BTN ISO vs CO LIMP,BTN,vs_limp,CO,limper,QQ,iso-raise,100,,0,,0,0,Live Poker Preflop Guide (2026),2026-01-06,10:03,,no
BTN ISO vs CO LIMP,BTN,vs_limp,CO,limper,QJs,iso-raise,100,,0,,0,0,Live Poker Preflop Guide (2026),2026-01-06,10:03,,no
BTN ISO vs CO LIMP,BTN,vs_limp,CO,limper,QTs,iso-raise,100,,0,,0,0,Live Poker Preflop Guide (2026),2026-01-06,10:03,,no
BTN ISO vs CO LIMP,BTN,vs_limp,CO,limper,Q9s,iso-raise,100,,0,,0,0,Live Poker Preflop Guide (2026),2026-01-06,10:03,,no
BTN ISO vs CO LIMP,BTN,vs_limp,CO,limper,Q8s,iso-raise,50,,0,,0,50,Live Poker Preflop Guide (2026),2026-01-06,10:03,"SITUATIONAL (Mark): play this action when you have a bigger edge on the player, lower rake, or deeper stacks; leave it out with an aggressive 4-bettor behind.",yes
BTN ISO vs CO LIMP,BTN,vs_limp,CO,limper,Q7s,iso-raise,0,,0,,0,100,Live Poker Preflop Guide (2026),2026-01-06,10:03,,no
BTN ISO vs CO LIMP,BTN,vs_limp,CO,limper,Q6s,iso-raise,0,,0,,0,100,Live Poker Preflop Guide (2026),2026-01-06,10:03,,no
BTN ISO vs CO LIMP,BTN,vs_limp,CO,limper,Q5s,iso-raise,0,,0,,0,100,Live Poker Preflop Guide (2026),2026-01-06,10:03,,no
BTN ISO vs CO LIMP,BTN,vs_limp,CO,limper,Q4s,iso-raise,0,,0,,0,100,Live Poker Preflop Guide (2026),2026-01-06,10:03,,no
BTN ISO vs CO LIMP,BTN,vs_limp,CO,limper,Q3s,iso-raise,0,,0,,0,100,Live Poker Preflop Guide (2026),2026-01-06,10:03,,no
BTN ISO vs CO LIMP,BTN,vs_limp,CO,limper,Q2s,iso-raise,0,,0,,0,100,Live Poker Preflop Guide (2026),2026-01-06,10:03,,no
BTN ISO vs CO LIMP,BTN,vs_limp,CO,limper,AJo,iso-raise,100,,0,,0,0,Live Poker Preflop Guide (2026),2026-01-06,10:03,,no
BTN ISO vs CO LIMP,BTN,vs_limp,CO,limper,KJo,iso-raise,0,,0,,0,100,Live Poker Preflop Guide (2026),2026-01-06,10:03,,no
BTN ISO vs CO LIMP,BTN,vs_limp,CO,limper,QJo,iso-raise,0,,0,,0,100,Live Poker Preflop Guide (2026),2026-01-06,10:03,,no
BTN ISO vs CO LIMP,BTN,vs_limp,CO,limper,JJ,iso-raise,100,,0,,0,0,Live Poker Preflop Guide (2026),2026-01-06,10:03,,no
BTN ISO vs CO LIMP,BTN,vs_limp,CO,limper,JTs,iso-raise,100,,0,,0,0,Live Poker Preflop Guide (2026),2026-01-06,10:03,,no
BTN ISO vs CO LIMP,BTN,vs_limp,CO,limper,J9s,iso-raise,100,,0,,0,0,Live Poker Preflop Guide (2026),2026-01-06,10:03,,no
BTN ISO vs CO LIMP,BTN,vs_limp,CO,limper,J8s,iso-raise,50,,0,,0,50,Live Poker Preflop Guide (2026),2026-01-06,10:03,"SITUATIONAL (Mark): play this action when you have a bigger edge on the player, lower rake, or deeper stacks; leave it out with an aggressive 4-bettor behind.",yes
BTN ISO vs CO LIMP,BTN,vs_limp,CO,limper,J7s,iso-raise,0,,0,,0,100,Live Poker Preflop Guide (2026),2026-01-06,10:03,,no
BTN ISO vs CO LIMP,BTN,vs_limp,CO,limper,J6s,iso-raise,0,,0,,0,100,Live Poker Preflop Guide (2026),2026-01-06,10:03,,no
BTN ISO vs CO LIMP,BTN,vs_limp,CO,limper,J5s,iso-raise,0,,0,,0,100,Live Poker Preflop Guide (2026),2026-01-06,10:03,,no
BTN ISO vs CO LIMP,BTN,vs_limp,CO,limper,J4s,iso-raise,0,,0,,0,100,Live Poker Preflop Guide (2026),2026-01-06,10:03,,no
BTN ISO vs CO LIMP,BTN,vs_limp,CO,limper,J3s,iso-raise,0,,0,,0,100,Live Poker Preflop Guide (2026),2026-01-06,10:03,,no
BTN ISO vs CO LIMP,BTN,vs_limp,CO,limper,J2s,iso-raise,0,,0,,0,100,Live Poker Preflop Guide (2026),2026-01-06,10:03,,no
BTN ISO vs CO LIMP,BTN,vs_limp,CO,limper,ATo,iso-raise,50,,0,,0,50,Live Poker Preflop Guide (2026),2026-01-06,10:03,"SITUATIONAL (Mark): play this action when you have a bigger edge on the player, lower rake, or deeper stacks; leave it out with an aggressive 4-bettor behind.",yes
BTN ISO vs CO LIMP,BTN,vs_limp,CO,limper,KTo,iso-raise,0,,0,,0,100,Live Poker Preflop Guide (2026),2026-01-06,10:03,,no
BTN ISO vs CO LIMP,BTN,vs_limp,CO,limper,QTo,iso-raise,0,,0,,0,100,Live Poker Preflop Guide (2026),2026-01-06,10:03,,no
BTN ISO vs CO LIMP,BTN,vs_limp,CO,limper,JTo,iso-raise,0,,0,,0,100,Live Poker Preflop Guide (2026),2026-01-06,10:03,,no
BTN ISO vs CO LIMP,BTN,vs_limp,CO,limper,TT,iso-raise,100,,0,,0,0,Live Poker Preflop Guide (2026),2026-01-06,10:03,,no
BTN ISO vs CO LIMP,BTN,vs_limp,CO,limper,T9s,iso-raise,100,,0,,0,0,Live Poker Preflop Guide (2026),2026-01-06,10:03,,no
BTN ISO vs CO LIMP,BTN,vs_limp,CO,limper,T8s,iso-raise,50,,0,,0,50,Live Poker Preflop Guide (2026),2026-01-06,10:03,"SITUATIONAL (Mark): play this action when you have a bigger edge on the player, lower rake, or deeper stacks; leave it out with an aggressive 4-bettor behind.",yes
BTN ISO vs CO LIMP,BTN,vs_limp,CO,limper,T7s,iso-raise,0,,0,,0,100,Live Poker Preflop Guide (2026),2026-01-06,10:03,,no
BTN ISO vs CO LIMP,BTN,vs_limp,CO,limper,T6s,iso-raise,0,,0,,0,100,Live Poker Preflop Guide (2026),2026-01-06,10:03,,no
BTN ISO vs CO LIMP,BTN,vs_limp,CO,limper,T5s,iso-raise,0,,0,,0,100,Live Poker Preflop Guide (2026),2026-01-06,10:03,,no
BTN ISO vs CO LIMP,BTN,vs_limp,CO,limper,T4s,iso-raise,0,,0,,0,100,Live Poker Preflop Guide (2026),2026-01-06,10:03,,no
BTN ISO vs CO LIMP,BTN,vs_limp,CO,limper,T3s,iso-raise,0,,0,,0,100,Live Poker Preflop Guide (2026),2026-01-06,10:03,,no
BTN ISO vs CO LIMP,BTN,vs_limp,CO,limper,T2s,iso-raise,0,,0,,0,100,Live Poker Preflop Guide (2026),2026-01-06,10:03,,no
BTN ISO vs CO LIMP,BTN,vs_limp,CO,limper,A9o,iso-raise,0,,0,,0,100,Live Poker Preflop Guide (2026),2026-01-06,10:03,,no
BTN ISO vs CO LIMP,BTN,vs_limp,CO,limper,K9o,iso-raise,0,,0,,0,100,Live Poker Preflop Guide (2026),2026-01-06,10:03,,no
BTN ISO vs CO LIMP,BTN,vs_limp,CO,limper,Q9o,iso-raise,0,,0,,0,100,Live Poker Preflop Guide (2026),2026-01-06,10:03,,no
BTN ISO vs CO LIMP,BTN,vs_limp,CO,limper,J9o,iso-raise,0,,0,,0,100,Live Poker Preflop Guide (2026),2026-01-06,10:03,,no
BTN ISO vs CO LIMP,BTN,vs_limp,CO,limper,T9o,iso-raise,0,,0,,0,100,Live Poker Preflop Guide (2026),2026-01-06,10:03,,no
BTN ISO vs CO LIMP,BTN,vs_limp,CO,limper,99,iso-raise,100,,0,,0,0,Live Poker Preflop Guide (2026),2026-01-06,10:03,,no
BTN ISO vs CO LIMP,BTN,vs_limp,CO,limper,98s,iso-raise,50,,0,,0,50,Live Poker Preflop Guide (2026),2026-01-06,10:03,"SITUATIONAL (Mark): play this action when you have a bigger edge on the player, lower rake, or deeper stacks; leave it out with an aggressive 4-bettor behind.",yes
BTN ISO vs CO LIMP,BTN,vs_limp,CO,limper,97s,iso-raise,50,,0,,0,50,Live Poker Preflop Guide (2026),2026-01-06,10:03,"SITUATIONAL (Mark): play this action when you have a bigger edge on the player, lower rake, or deeper stacks; leave it out with an aggressive 4-bettor behind.",yes
BTN ISO vs CO LIMP,BTN,vs_limp,CO,limper,96s,iso-raise,0,,0,,0,100,Live Poker Preflop Guide (2026),2026-01-06,10:03,,no
BTN ISO vs CO LIMP,BTN,vs_limp,CO,limper,95s,iso-raise,0,,0,,0,100,Live Poker Preflop Guide (2026),2026-01-06,10:03,,no
BTN ISO vs CO LIMP,BTN,vs_limp,CO,limper,94s,iso-raise,0,,0,,0,100,Live Poker Preflop Guide (2026),2026-01-06,10:03,,no
BTN ISO vs CO LIMP,BTN,vs_limp,CO,limper,93s,iso-raise,0,,0,,0,100,Live Poker Preflop Guide (2026),2026-01-06,10:03,,no
BTN ISO vs CO LIMP,BTN,vs_limp,CO,limper,92s,iso-raise,0,,0,,0,100,Live Poker Preflop Guide (2026),2026-01-06,10:03,,no
BTN ISO vs CO LIMP,BTN,vs_limp,CO,limper,A8o,iso-raise,0,,0,,0,100,Live Poker Preflop Guide (2026),2026-01-06,10:03,,no
BTN ISO vs CO LIMP,BTN,vs_limp,CO,limper,K8o,iso-raise,0,,0,,0,100,Live Poker Preflop Guide (2026),2026-01-06,10:03,,no
BTN ISO vs CO LIMP,BTN,vs_limp,CO,limper,Q8o,iso-raise,0,,0,,0,100,Live Poker Preflop Guide (2026),2026-01-06,10:03,,no
BTN ISO vs CO LIMP,BTN,vs_limp,CO,limper,J8o,iso-raise,0,,0,,0,100,Live Poker Preflop Guide (2026),2026-01-06,10:03,,no
BTN ISO vs CO LIMP,BTN,vs_limp,CO,limper,T8o,iso-raise,0,,0,,0,100,Live Poker Preflop Guide (2026),2026-01-06,10:03,,no
BTN ISO vs CO LIMP,BTN,vs_limp,CO,limper,98o,iso-raise,0,,0,,0,100,Live Poker Preflop Guide (2026),2026-01-06,10:03,,no
BTN ISO vs CO LIMP,BTN,vs_limp,CO,limper,88,iso-raise,100,,0,,0,0,Live Poker Preflop Guide (2026),2026-01-06,10:03,,no
BTN ISO vs CO LIMP,BTN,vs_limp,CO,limper,87s,iso-raise,50,,0,,0,50,Live Poker Preflop Guide (2026),2026-01-06,10:03,"SITUATIONAL (Mark): play this action when you have a bigger edge on the player, lower rake, or deeper stacks; leave it out with an aggressive 4-bettor behind.",yes
BTN ISO vs CO LIMP,BTN,vs_limp,CO,limper,86s,iso-raise,50,,0,,0,50,Live Poker Preflop Guide (2026),2026-01-06,10:03,"SITUATIONAL (Mark): play this action when you have a bigger edge on the player, lower rake, or deeper stacks; leave it out with an aggressive 4-bettor behind.",yes
BTN ISO vs CO LIMP,BTN,vs_limp,CO,limper,85s,iso-raise,0,,0,,0,100,Live Poker Preflop Guide (2026),2026-01-06,10:03,,no
BTN ISO vs CO LIMP,BTN,vs_limp,CO,limper,84s,iso-raise,0,,0,,0,100,Live Poker Preflop Guide (2026),2026-01-06,10:03,,no
BTN ISO vs CO LIMP,BTN,vs_limp,CO,limper,83s,iso-raise,0,,0,,0,100,Live Poker Preflop Guide (2026),2026-01-06,10:03,,no
BTN ISO vs CO LIMP,BTN,vs_limp,CO,limper,82s,iso-raise,0,,0,,0,100,Live Poker Preflop Guide (2026),2026-01-06,10:03,,no
BTN ISO vs CO LIMP,BTN,vs_limp,CO,limper,A7o,iso-raise,0,,0,,0,100,Live Poker Preflop Guide (2026),2026-01-06,10:03,,no
BTN ISO vs CO LIMP,BTN,vs_limp,CO,limper,K7o,iso-raise,0,,0,,0,100,Live Poker Preflop Guide (2026),2026-01-06,10:03,,no
BTN ISO vs CO LIMP,BTN,vs_limp,CO,limper,Q7o,iso-raise,0,,0,,0,100,Live Poker Preflop Guide (2026),2026-01-06,10:03,,no
BTN ISO vs CO LIMP,BTN,vs_limp,CO,limper,J7o,iso-raise,0,,0,,0,100,Live Poker Preflop Guide (2026),2026-01-06,10:03,,no
BTN ISO vs CO LIMP,BTN,vs_limp,CO,limper,T7o,iso-raise,0,,0,,0,100,Live Poker Preflop Guide (2026),2026-01-06,10:03,,no
BTN ISO vs CO LIMP,BTN,vs_limp,CO,limper,97o,iso-raise,0,,0,,0,100,Live Poker Preflop Guide (2026),2026-01-06,10:03,,no
BTN ISO vs CO LIMP,BTN,vs_limp,CO,limper,87o,iso-raise,0,,0,,0,100,Live Poker Preflop Guide (2026),2026-01-06,10:03,,no
BTN ISO vs CO LIMP,BTN,vs_limp,CO,limper,77,iso-raise,100,,0,,0,0,Live Poker Preflop Guide (2026),2026-01-06,10:03,,no
BTN ISO vs CO LIMP,BTN,vs_limp,CO,limper,76s,iso-raise,50,,0,,0,50,Live Poker Preflop Guide (2026),2026-01-06,10:03,"SITUATIONAL (Mark): play this action when you have a bigger edge on the player, lower rake, or deeper stacks; leave it out with an aggressive 4-bettor behind.",yes
BTN ISO vs CO LIMP,BTN,vs_limp,CO,limper,75s,iso-raise,50,,0,,0,50,Live Poker Preflop Guide (2026),2026-01-06,10:03,"SITUATIONAL (Mark): play this action when you have a bigger edge on the player, lower rake, or deeper stacks; leave it out with an aggressive 4-bettor behind.",yes
BTN ISO vs CO LIMP,BTN,vs_limp,CO,limper,74s,iso-raise,0,,0,,0,100,Live Poker Preflop Guide (2026),2026-01-06,10:03,,no
BTN ISO vs CO LIMP,BTN,vs_limp,CO,limper,73s,iso-raise,0,,0,,0,100,Live Poker Preflop Guide (2026),2026-01-06,10:03,,no
BTN ISO vs CO LIMP,BTN,vs_limp,CO,limper,72s,iso-raise,0,,0,,0,100,Live Poker Preflop Guide (2026),2026-01-06,10:03,,no
BTN ISO vs CO LIMP,BTN,vs_limp,CO,limper,A6o,iso-raise,0,,0,,0,100,Live Poker Preflop Guide (2026),2026-01-06,10:03,,no
BTN ISO vs CO LIMP,BTN,vs_limp,CO,limper,K6o,iso-raise,0,,0,,0,100,Live Poker Preflop Guide (2026),2026-01-06,10:03,,no
BTN ISO vs CO LIMP,BTN,vs_limp,CO,limper,Q6o,iso-raise,0,,0,,0,100,Live Poker Preflop Guide (2026),2026-01-06,10:03,,no
BTN ISO vs CO LIMP,BTN,vs_limp,CO,limper,J6o,iso-raise,0,,0,,0,100,Live Poker Preflop Guide (2026),2026-01-06,10:03,,no
BTN ISO vs CO LIMP,BTN,vs_limp,CO,limper,T6o,iso-raise,0,,0,,0,100,Live Poker Preflop Guide (2026),2026-01-06,10:03,,no
BTN ISO vs CO LIMP,BTN,vs_limp,CO,limper,96o,iso-raise,0,,0,,0,100,Live Poker Preflop Guide (2026),2026-01-06,10:03,,no
BTN ISO vs CO LIMP,BTN,vs_limp,CO,limper,86o,iso-raise,0,,0,,0,100,Live Poker Preflop Guide (2026),2026-01-06,10:03,,no
BTN ISO vs CO LIMP,BTN,vs_limp,CO,limper,76o,iso-raise,0,,0,,0,100,Live Poker Preflop Guide (2026),2026-01-06,10:03,,no
BTN ISO vs CO LIMP,BTN,vs_limp,CO,limper,66,iso-raise,100,,0,,0,0,Live Poker Preflop Guide (2026),2026-01-06,10:03,,no
BTN ISO vs CO LIMP,BTN,vs_limp,CO,limper,65s,iso-raise,50,,0,,0,50,Live Poker Preflop Guide (2026),2026-01-06,10:03,"SITUATIONAL (Mark): play this action when you have a bigger edge on the player, lower rake, or deeper stacks; leave it out with an aggressive 4-bettor behind.",yes
BTN ISO vs CO LIMP,BTN,vs_limp,CO,limper,64s,iso-raise,0,,0,,0,100,Live Poker Preflop Guide (2026),2026-01-06,10:03,,no
BTN ISO vs CO LIMP,BTN,vs_limp,CO,limper,63s,iso-raise,0,,0,,0,100,Live Poker Preflop Guide (2026),2026-01-06,10:03,,no
BTN ISO vs CO LIMP,BTN,vs_limp,CO,limper,62s,iso-raise,0,,0,,0,100,Live Poker Preflop Guide (2026),2026-01-06,10:03,,no
BTN ISO vs CO LIMP,BTN,vs_limp,CO,limper,A5o,iso-raise,0,,0,,0,100,Live Poker Preflop Guide (2026),2026-01-06,10:03,,no
BTN ISO vs CO LIMP,BTN,vs_limp,CO,limper,K5o,iso-raise,0,,0,,0,100,Live Poker Preflop Guide (2026),2026-01-06,10:03,,no
BTN ISO vs CO LIMP,BTN,vs_limp,CO,limper,Q5o,iso-raise,0,,0,,0,100,Live Poker Preflop Guide (2026),2026-01-06,10:03,,no
BTN ISO vs CO LIMP,BTN,vs_limp,CO,limper,J5o,iso-raise,0,,0,,0,100,Live Poker Preflop Guide (2026),2026-01-06,10:03,,no
BTN ISO vs CO LIMP,BTN,vs_limp,CO,limper,T5o,iso-raise,0,,0,,0,100,Live Poker Preflop Guide (2026),2026-01-06,10:03,,no
BTN ISO vs CO LIMP,BTN,vs_limp,CO,limper,95o,iso-raise,0,,0,,0,100,Live Poker Preflop Guide (2026),2026-01-06,10:03,,no
BTN ISO vs CO LIMP,BTN,vs_limp,CO,limper,85o,iso-raise,0,,0,,0,100,Live Poker Preflop Guide (2026),2026-01-06,10:03,,no
BTN ISO vs CO LIMP,BTN,vs_limp,CO,limper,75o,iso-raise,0,,0,,0,100,Live Poker Preflop Guide (2026),2026-01-06,10:03,,no
BTN ISO vs CO LIMP,BTN,vs_limp,CO,limper,65o,iso-raise,0,,0,,0,100,Live Poker Preflop Guide (2026),2026-01-06,10:03,,no
BTN ISO vs CO LIMP,BTN,vs_limp,CO,limper,55,iso-raise,50,,0,,0,50,Live Poker Preflop Guide (2026),2026-01-06,10:03,"SITUATIONAL (Mark): play this action when you have a bigger edge on the player, lower rake, or deeper stacks; leave it out with an aggressive 4-bettor behind.",yes
BTN ISO vs CO LIMP,BTN,vs_limp,CO,limper,54s,iso-raise,50,,0,,0,50,Live Poker Preflop Guide (2026),2026-01-06,10:03,"SITUATIONAL (Mark): play this action when you have a bigger edge on the player, lower rake, or deeper stacks; leave it out with an aggressive 4-bettor behind.",yes
BTN ISO vs CO LIMP,BTN,vs_limp,CO,limper,53s,iso-raise,0,,0,,0,100,Live Poker Preflop Guide (2026),2026-01-06,10:03,,no
BTN ISO vs CO LIMP,BTN,vs_limp,CO,limper,52s,iso-raise,0,,0,,0,100,Live Poker Preflop Guide (2026),2026-01-06,10:03,,no
BTN ISO vs CO LIMP,BTN,vs_limp,CO,limper,A4o,iso-raise,0,,0,,0,100,Live Poker Preflop Guide (2026),2026-01-06,10:03,,no
BTN ISO vs CO LIMP,BTN,vs_limp,CO,limper,K4o,iso-raise,0,,0,,0,100,Live Poker Preflop Guide (2026),2026-01-06,10:03,,no
BTN ISO vs CO LIMP,BTN,vs_limp,CO,limper,Q4o,iso-raise,0,,0,,0,100,Live Poker Preflop Guide (2026),2026-01-06,10:03,,no
BTN ISO vs CO LIMP,BTN,vs_limp,CO,limper,J4o,iso-raise,0,,0,,0,100,Live Poker Preflop Guide (2026),2026-01-06,10:03,,no
BTN ISO vs CO LIMP,BTN,vs_limp,CO,limper,T4o,iso-raise,0,,0,,0,100,Live Poker Preflop Guide (2026),2026-01-06,10:03,,no
BTN ISO vs CO LIMP,BTN,vs_limp,CO,limper,94o,iso-raise,0,,0,,0,100,Live Poker Preflop Guide (2026),2026-01-06,10:03,,no
BTN ISO vs CO LIMP,BTN,vs_limp,CO,limper,84o,iso-raise,0,,0,,0,100,Live Poker Preflop Guide (2026),2026-01-06,10:03,,no
BTN ISO vs CO LIMP,BTN,vs_limp,CO,limper,74o,iso-raise,0,,0,,0,100,Live Poker Preflop Guide (2026),2026-01-06,10:03,,no
BTN ISO vs CO LIMP,BTN,vs_limp,CO,limper,64o,iso-raise,0,,0,,0,100,Live Poker Preflop Guide (2026),2026-01-06,10:03,,no
BTN ISO vs CO LIMP,BTN,vs_limp,CO,limper,54o,iso-raise,0,,0,,0,100,Live Poker Preflop Guide (2026),2026-01-06,10:03,,no
BTN ISO vs CO LIMP,BTN,vs_limp,CO,limper,44,iso-raise,50,,0,,0,50,Live Poker Preflop Guide (2026),2026-01-06,10:03,"SITUATIONAL (Mark): play this action when you have a bigger edge on the player, lower rake, or deeper stacks; leave it out with an aggressive 4-bettor behind.",yes
BTN ISO vs CO LIMP,BTN,vs_limp,CO,limper,43s,iso-raise,0,,0,,0,100,Live Poker Preflop Guide (2026),2026-01-06,10:03,,no
BTN ISO vs CO LIMP,BTN,vs_limp,CO,limper,42s,iso-raise,0,,0,,0,100,Live Poker Preflop Guide (2026),2026-01-06,10:03,,no
BTN ISO vs CO LIMP,BTN,vs_limp,CO,limper,A3o,iso-raise,0,,0,,0,100,Live Poker Preflop Guide (2026),2026-01-06,10:03,,no
BTN ISO vs CO LIMP,BTN,vs_limp,CO,limper,K3o,iso-raise,0,,0,,0,100,Live Poker Preflop Guide (2026),2026-01-06,10:03,,no
BTN ISO vs CO LIMP,BTN,vs_limp,CO,limper,Q3o,iso-raise,0,,0,,0,100,Live Poker Preflop Guide (2026),2026-01-06,10:03,,no
BTN ISO vs CO LIMP,BTN,vs_limp,CO,limper,J3o,iso-raise,0,,0,,0,100,Live Poker Preflop Guide (2026),2026-01-06,10:03,,no
BTN ISO vs CO LIMP,BTN,vs_limp,CO,limper,T3o,iso-raise,0,,0,,0,100,Live Poker Preflop Guide (2026),2026-01-06,10:03,,no
BTN ISO vs CO LIMP,BTN,vs_limp,CO,limper,93o,iso-raise,0,,0,,0,100,Live Poker Preflop Guide (2026),2026-01-06,10:03,,no
BTN ISO vs CO LIMP,BTN,vs_limp,CO,limper,83o,iso-raise,0,,0,,0,100,Live Poker Preflop Guide (2026),2026-01-06,10:03,,no
BTN ISO vs CO LIMP,BTN,vs_limp,CO,limper,73o,iso-raise,0,,0,,0,100,Live Poker Preflop Guide (2026),2026-01-06,10:03,,no
BTN ISO vs CO LIMP,BTN,vs_limp,CO,limper,63o,iso-raise,0,,0,,0,100,Live Poker Preflop Guide (2026),2026-01-06,10:03,,no
BTN ISO vs CO LIMP,BTN,vs_limp,CO,limper,53o,iso-raise,0,,0,,0,100,Live Poker Preflop Guide (2026),2026-01-06,10:03,,no
BTN ISO vs CO LIMP,BTN,vs_limp,CO,limper,43o,iso-raise,0,,0,,0,100,Live Poker Preflop Guide (2026),2026-01-06,10:03,,no
BTN ISO vs CO LIMP,BTN,vs_limp,CO,limper,33,iso-raise,50,,0,,0,50,Live Poker Preflop Guide (2026),2026-01-06,10:03,"SITUATIONAL (Mark): play this action when you have a bigger edge on the player, lower rake, or deeper stacks; leave it out with an aggressive 4-bettor behind.",yes
BTN ISO vs CO LIMP,BTN,vs_limp,CO,limper,32s,iso-raise,0,,0,,0,100,Live Poker Preflop Guide (2026),2026-01-06,10:03,,no
BTN ISO vs CO LIMP,BTN,vs_limp,CO,limper,A2o,iso-raise,0,,0,,0,100,Live Poker Preflop Guide (2026),2026-01-06,10:03,,no
BTN ISO vs CO LIMP,BTN,vs_limp,CO,limper,K2o,iso-raise,0,,0,,0,100,Live Poker Preflop Guide (2026),2026-01-06,10:03,,no
BTN ISO vs CO LIMP,BTN,vs_limp,CO,limper,Q2o,iso-raise,0,,0,,0,100,Live Poker Preflop Guide (2026),2026-01-06,10:03,,no
BTN ISO vs CO LIMP,BTN,vs_limp,CO,limper,J2o,iso-raise,0,,0,,0,100,Live Poker Preflop Guide (2026),2026-01-06,10:03,,no
BTN ISO vs CO LIMP,BTN,vs_limp,CO,limper,T2o,iso-raise,0,,0,,0,100,Live Poker Preflop Guide (2026),2026-01-06,10:03,,no
BTN ISO vs CO LIMP,BTN,vs_limp,CO,limper,92o,iso-raise,0,,0,,0,100,Live Poker Preflop Guide (2026),2026-01-06,10:03,,no
BTN ISO vs CO LIMP,BTN,vs_limp,CO,limper,82o,iso-raise,0,,0,,0,100,Live Poker Preflop Guide (2026),2026-01-06,10:03,,no
BTN ISO vs CO LIMP,BTN,vs_limp,CO,limper,72o,iso-raise,0,,0,,0,100,Live Poker Preflop Guide (2026),2026-01-06,10:03,,no
BTN ISO vs CO LIMP,BTN,vs_limp,CO,limper,62o,iso-raise,0,,0,,0,100,Live Poker Preflop Guide (2026),2026-01-06,10:03,,no
BTN ISO vs CO LIMP,BTN,vs_limp,CO,limper,52o,iso-raise,0,,0,,0,100,Live Poker Preflop Guide (2026),2026-01-06,10:03,,no
BTN ISO vs CO LIMP,BTN,vs_limp,CO,limper,42o,iso-raise,0,,0,,0,100,Live Poker Preflop Guide (2026),2026-01-06,10:03,,no
BTN ISO vs CO LIMP,BTN,vs_limp,CO,limper,32o,iso-raise,0,,0,,0,100,Live Poker Preflop Guide (2026),2026-01-06,10:03,,no
BTN ISO vs CO LIMP,BTN,vs_limp,CO,limper,22,iso-raise,50,,0,,0,50,Live Poker Preflop Guide (2026),2026-01-06,10:03,"SITUATIONAL (Mark): play this action when you have a bigger edge on the player, lower rake, or deeper stacks; leave it out with an aggressive 4-bettor behind.",yes
BB vs PASSIVE OPEN,BB,vs_open,any,passive opener,AA,3bet,100,call,0,,0,0,Live Poker Preflop Guide (2026),2026-01-06,10:41,,no
BB vs PASSIVE OPEN,BB,vs_open,any,passive opener,AKs,3bet,100,call,0,,0,0,Live Poker Preflop Guide (2026),2026-01-06,10:41,,no
BB vs PASSIVE OPEN,BB,vs_open,any,passive opener,AQs,3bet,50,call,50,,0,0,Live Poker Preflop Guide (2026),2026-01-06,10:41,"SITUATIONAL (Mark): play this action when you have a bigger edge on the player, lower rake, or deeper stacks; leave it out with an aggressive 4-bettor behind.",yes
BB vs PASSIVE OPEN,BB,vs_open,any,passive opener,AJs,3bet,50,call,50,,0,0,Live Poker Preflop Guide (2026),2026-01-06,10:41,"SITUATIONAL (Mark): play this action when you have a bigger edge on the player, lower rake, or deeper stacks; leave it out with an aggressive 4-bettor behind.",yes
BB vs PASSIVE OPEN,BB,vs_open,any,passive opener,ATs,3bet,0,call,100,,0,0,Live Poker Preflop Guide (2026),2026-01-06,10:41,,no
BB vs PASSIVE OPEN,BB,vs_open,any,passive opener,A9s,3bet,0,call,100,,0,0,Live Poker Preflop Guide (2026),2026-01-06,10:41,,no
BB vs PASSIVE OPEN,BB,vs_open,any,passive opener,A8s,3bet,0,call,0,,0,100,Live Poker Preflop Guide (2026),2026-01-06,10:41,,no
BB vs PASSIVE OPEN,BB,vs_open,any,passive opener,A7s,3bet,0,call,0,,0,100,Live Poker Preflop Guide (2026),2026-01-06,10:41,,no
BB vs PASSIVE OPEN,BB,vs_open,any,passive opener,A6s,3bet,0,call,0,,0,100,Live Poker Preflop Guide (2026),2026-01-06,10:41,,no
BB vs PASSIVE OPEN,BB,vs_open,any,passive opener,A5s,3bet,0,call,100,,0,0,Live Poker Preflop Guide (2026),2026-01-06,10:41,,no
BB vs PASSIVE OPEN,BB,vs_open,any,passive opener,A4s,3bet,0,call,0,,0,100,Live Poker Preflop Guide (2026),2026-01-06,10:41,,no
BB vs PASSIVE OPEN,BB,vs_open,any,passive opener,A3s,3bet,0,call,0,,0,100,Live Poker Preflop Guide (2026),2026-01-06,10:41,,no
BB vs PASSIVE OPEN,BB,vs_open,any,passive opener,A2s,3bet,0,call,0,,0,100,Live Poker Preflop Guide (2026),2026-01-06,10:41,,no
BB vs PASSIVE OPEN,BB,vs_open,any,passive opener,AKo,3bet,50,call,50,,0,0,Live Poker Preflop Guide (2026),2026-01-06,10:41,"SITUATIONAL (Mark): play this action when you have a bigger edge on the player, lower rake, or deeper stacks; leave it out with an aggressive 4-bettor behind.",yes
BB vs PASSIVE OPEN,BB,vs_open,any,passive opener,KK,3bet,100,call,0,,0,0,Live Poker Preflop Guide (2026),2026-01-06,10:41,,no
BB vs PASSIVE OPEN,BB,vs_open,any,passive opener,KQs,3bet,50,call,50,,0,0,Live Poker Preflop Guide (2026),2026-01-06,10:41,"SITUATIONAL (Mark): play this action when you have a bigger edge on the player, lower rake, or deeper stacks; leave it out with an aggressive 4-bettor behind.",yes
BB vs PASSIVE OPEN,BB,vs_open,any,passive opener,KJs,3bet,50,call,50,,0,0,Live Poker Preflop Guide (2026),2026-01-06,10:41,"SITUATIONAL (Mark): play this action when you have a bigger edge on the player, lower rake, or deeper stacks; leave it out with an aggressive 4-bettor behind.",yes
BB vs PASSIVE OPEN,BB,vs_open,any,passive opener,KTs,3bet,0,call,100,,0,0,Live Poker Preflop Guide (2026),2026-01-06,10:41,,no
BB vs PASSIVE OPEN,BB,vs_open,any,passive opener,K9s,3bet,0,call,0,,0,100,Live Poker Preflop Guide (2026),2026-01-06,10:41,,no
BB vs PASSIVE OPEN,BB,vs_open,any,passive opener,K8s,3bet,0,call,0,,0,100,Live Poker Preflop Guide (2026),2026-01-06,10:41,,no
BB vs PASSIVE OPEN,BB,vs_open,any,passive opener,K7s,3bet,0,call,0,,0,100,Live Poker Preflop Guide (2026),2026-01-06,10:41,,no
BB vs PASSIVE OPEN,BB,vs_open,any,passive opener,K6s,3bet,0,call,0,,0,100,Live Poker Preflop Guide (2026),2026-01-06,10:41,,no
BB vs PASSIVE OPEN,BB,vs_open,any,passive opener,K5s,3bet,0,call,0,,0,100,Live Poker Preflop Guide (2026),2026-01-06,10:41,,no
BB vs PASSIVE OPEN,BB,vs_open,any,passive opener,K4s,3bet,0,call,0,,0,100,Live Poker Preflop Guide (2026),2026-01-06,10:41,,no
BB vs PASSIVE OPEN,BB,vs_open,any,passive opener,K3s,3bet,0,call,0,,0,100,Live Poker Preflop Guide (2026),2026-01-06,10:41,,no
BB vs PASSIVE OPEN,BB,vs_open,any,passive opener,K2s,3bet,0,call,0,,0,100,Live Poker Preflop Guide (2026),2026-01-06,10:41,,no
BB vs PASSIVE OPEN,BB,vs_open,any,passive opener,AQo,3bet,0,call,100,,0,0,Live Poker Preflop Guide (2026),2026-01-06,10:41,,no
BB vs PASSIVE OPEN,BB,vs_open,any,passive opener,KQo,3bet,0,call,0,,0,100,Live Poker Preflop Guide (2026),2026-01-06,10:41,,no
BB vs PASSIVE OPEN,BB,vs_open,any,passive opener,QQ,3bet,100,call,0,,0,0,Live Poker Preflop Guide (2026),2026-01-06,10:41,,no
BB vs PASSIVE OPEN,BB,vs_open,any,passive opener,QJs,3bet,0,call,100,,0,0,Live Poker Preflop Guide (2026),2026-01-06,10:41,,no
BB vs PASSIVE OPEN,BB,vs_open,any,passive opener,QTs,3bet,0,call,100,,0,0,Live Poker Preflop Guide (2026),2026-01-06,10:41,,no
BB vs PASSIVE OPEN,BB,vs_open,any,passive opener,Q9s,3bet,0,call,100,,0,0,Live Poker Preflop Guide (2026),2026-01-06,10:41,,no
BB vs PASSIVE OPEN,BB,vs_open,any,passive opener,Q8s,3bet,0,call,0,,0,100,Live Poker Preflop Guide (2026),2026-01-06,10:41,,no
BB vs PASSIVE OPEN,BB,vs_open,any,passive opener,Q7s,3bet,0,call,0,,0,100,Live Poker Preflop Guide (2026),2026-01-06,10:41,,no
BB vs PASSIVE OPEN,BB,vs_open,any,passive opener,Q6s,3bet,0,call,0,,0,100,Live Poker Preflop Guide (2026),2026-01-06,10:41,,no
BB vs PASSIVE OPEN,BB,vs_open,any,passive opener,Q5s,3bet,0,call,0,,0,100,Live Poker Preflop Guide (2026),2026-01-06,10:41,,no
BB vs PASSIVE OPEN,BB,vs_open,any,passive opener,Q4s,3bet,0,call,0,,0,100,Live Poker Preflop Guide (2026),2026-01-06,10:41,,no
BB vs PASSIVE OPEN,BB,vs_open,any,passive opener,Q3s,3bet,0,call,0,,0,100,Live Poker Preflop Guide (2026),2026-01-06,10:41,,no
BB vs PASSIVE OPEN,BB,vs_open,any,passive opener,Q2s,3bet,0,call,0,,0,100,Live Poker Preflop Guide (2026),2026-01-06,10:41,,no
BB vs PASSIVE OPEN,BB,vs_open,any,passive opener,AJo,3bet,0,call,0,,0,100,Live Poker Preflop Guide (2026),2026-01-06,10:41,,no
BB vs PASSIVE OPEN,BB,vs_open,any,passive opener,KJo,3bet,0,call,0,,0,100,Live Poker Preflop Guide (2026),2026-01-06,10:41,,no
BB vs PASSIVE OPEN,BB,vs_open,any,passive opener,QJo,3bet,0,call,0,,0,100,Live Poker Preflop Guide (2026),2026-01-06,10:41,,no
BB vs PASSIVE OPEN,BB,vs_open,any,passive opener,JJ,3bet,50,call,50,,0,0,Live Poker Preflop Guide (2026),2026-01-06,10:41,"SITUATIONAL (Mark): play this action when you have a bigger edge on the player, lower rake, or deeper stacks; leave it out with an aggressive 4-bettor behind.",yes
BB vs PASSIVE OPEN,BB,vs_open,any,passive opener,JTs,3bet,0,call,100,,0,0,Live Poker Preflop Guide (2026),2026-01-06,10:41,,no
BB vs PASSIVE OPEN,BB,vs_open,any,passive opener,J9s,3bet,0,call,100,,0,0,Live Poker Preflop Guide (2026),2026-01-06,10:41,,no
BB vs PASSIVE OPEN,BB,vs_open,any,passive opener,J8s,3bet,0,call,0,,0,100,Live Poker Preflop Guide (2026),2026-01-06,10:41,,no
BB vs PASSIVE OPEN,BB,vs_open,any,passive opener,J7s,3bet,0,call,0,,0,100,Live Poker Preflop Guide (2026),2026-01-06,10:41,,no
BB vs PASSIVE OPEN,BB,vs_open,any,passive opener,J6s,3bet,0,call,0,,0,100,Live Poker Preflop Guide (2026),2026-01-06,10:41,,no
BB vs PASSIVE OPEN,BB,vs_open,any,passive opener,J5s,3bet,0,call,0,,0,100,Live Poker Preflop Guide (2026),2026-01-06,10:41,,no
BB vs PASSIVE OPEN,BB,vs_open,any,passive opener,J4s,3bet,0,call,0,,0,100,Live Poker Preflop Guide (2026),2026-01-06,10:41,,no
BB vs PASSIVE OPEN,BB,vs_open,any,passive opener,J3s,3bet,0,call,0,,0,100,Live Poker Preflop Guide (2026),2026-01-06,10:41,,no
BB vs PASSIVE OPEN,BB,vs_open,any,passive opener,J2s,3bet,0,call,0,,0,100,Live Poker Preflop Guide (2026),2026-01-06,10:41,,no
BB vs PASSIVE OPEN,BB,vs_open,any,passive opener,ATo,3bet,0,call,0,,0,100,Live Poker Preflop Guide (2026),2026-01-06,10:41,,no
BB vs PASSIVE OPEN,BB,vs_open,any,passive opener,KTo,3bet,0,call,0,,0,100,Live Poker Preflop Guide (2026),2026-01-06,10:41,,no
BB vs PASSIVE OPEN,BB,vs_open,any,passive opener,QTo,3bet,0,call,0,,0,100,Live Poker Preflop Guide (2026),2026-01-06,10:41,,no
BB vs PASSIVE OPEN,BB,vs_open,any,passive opener,JTo,3bet,0,call,0,,0,100,Live Poker Preflop Guide (2026),2026-01-06,10:41,,no
BB vs PASSIVE OPEN,BB,vs_open,any,passive opener,TT,3bet,50,call,50,,0,0,Live Poker Preflop Guide (2026),2026-01-06,10:41,"SITUATIONAL (Mark): play this action when you have a bigger edge on the player, lower rake, or deeper stacks; leave it out with an aggressive 4-bettor behind.",yes
BB vs PASSIVE OPEN,BB,vs_open,any,passive opener,T9s,3bet,0,call,100,,0,0,Live Poker Preflop Guide (2026),2026-01-06,10:41,,no
BB vs PASSIVE OPEN,BB,vs_open,any,passive opener,T8s,3bet,0,call,0,,0,100,Live Poker Preflop Guide (2026),2026-01-06,10:41,,no
BB vs PASSIVE OPEN,BB,vs_open,any,passive opener,T7s,3bet,0,call,0,,0,100,Live Poker Preflop Guide (2026),2026-01-06,10:41,,no
BB vs PASSIVE OPEN,BB,vs_open,any,passive opener,T6s,3bet,0,call,0,,0,100,Live Poker Preflop Guide (2026),2026-01-06,10:41,,no
BB vs PASSIVE OPEN,BB,vs_open,any,passive opener,T5s,3bet,0,call,0,,0,100,Live Poker Preflop Guide (2026),2026-01-06,10:41,,no
BB vs PASSIVE OPEN,BB,vs_open,any,passive opener,T4s,3bet,0,call,0,,0,100,Live Poker Preflop Guide (2026),2026-01-06,10:41,,no
BB vs PASSIVE OPEN,BB,vs_open,any,passive opener,T3s,3bet,0,call,0,,0,100,Live Poker Preflop Guide (2026),2026-01-06,10:41,,no
BB vs PASSIVE OPEN,BB,vs_open,any,passive opener,T2s,3bet,0,call,0,,0,100,Live Poker Preflop Guide (2026),2026-01-06,10:41,,no
BB vs PASSIVE OPEN,BB,vs_open,any,passive opener,A9o,3bet,0,call,0,,0,100,Live Poker Preflop Guide (2026),2026-01-06,10:41,,no
BB vs PASSIVE OPEN,BB,vs_open,any,passive opener,K9o,3bet,0,call,0,,0,100,Live Poker Preflop Guide (2026),2026-01-06,10:41,,no
BB vs PASSIVE OPEN,BB,vs_open,any,passive opener,Q9o,3bet,0,call,0,,0,100,Live Poker Preflop Guide (2026),2026-01-06,10:41,,no
BB vs PASSIVE OPEN,BB,vs_open,any,passive opener,J9o,3bet,0,call,0,,0,100,Live Poker Preflop Guide (2026),2026-01-06,10:41,,no
BB vs PASSIVE OPEN,BB,vs_open,any,passive opener,T9o,3bet,0,call,0,,0,100,Live Poker Preflop Guide (2026),2026-01-06,10:41,,no
BB vs PASSIVE OPEN,BB,vs_open,any,passive opener,99,3bet,0,call,100,,0,0,Live Poker Preflop Guide (2026),2026-01-06,10:41,,no
BB vs PASSIVE OPEN,BB,vs_open,any,passive opener,98s,3bet,0,call,100,,0,0,Live Poker Preflop Guide (2026),2026-01-06,10:41,,no
BB vs PASSIVE OPEN,BB,vs_open,any,passive opener,97s,3bet,0,call,0,,0,100,Live Poker Preflop Guide (2026),2026-01-06,10:41,,no
BB vs PASSIVE OPEN,BB,vs_open,any,passive opener,96s,3bet,0,call,0,,0,100,Live Poker Preflop Guide (2026),2026-01-06,10:41,,no
BB vs PASSIVE OPEN,BB,vs_open,any,passive opener,95s,3bet,0,call,0,,0,100,Live Poker Preflop Guide (2026),2026-01-06,10:41,,no
BB vs PASSIVE OPEN,BB,vs_open,any,passive opener,94s,3bet,0,call,0,,0,100,Live Poker Preflop Guide (2026),2026-01-06,10:41,,no
BB vs PASSIVE OPEN,BB,vs_open,any,passive opener,93s,3bet,0,call,0,,0,100,Live Poker Preflop Guide (2026),2026-01-06,10:41,,no
BB vs PASSIVE OPEN,BB,vs_open,any,passive opener,92s,3bet,0,call,0,,0,100,Live Poker Preflop Guide (2026),2026-01-06,10:41,,no
BB vs PASSIVE OPEN,BB,vs_open,any,passive opener,A8o,3bet,0,call,0,,0,100,Live Poker Preflop Guide (2026),2026-01-06,10:41,,no
BB vs PASSIVE OPEN,BB,vs_open,any,passive opener,K8o,3bet,0,call,0,,0,100,Live Poker Preflop Guide (2026),2026-01-06,10:41,,no
BB vs PASSIVE OPEN,BB,vs_open,any,passive opener,Q8o,3bet,0,call,0,,0,100,Live Poker Preflop Guide (2026),2026-01-06,10:41,,no
BB vs PASSIVE OPEN,BB,vs_open,any,passive opener,J8o,3bet,0,call,0,,0,100,Live Poker Preflop Guide (2026),2026-01-06,10:41,,no
BB vs PASSIVE OPEN,BB,vs_open,any,passive opener,T8o,3bet,0,call,0,,0,100,Live Poker Preflop Guide (2026),2026-01-06,10:41,,no
BB vs PASSIVE OPEN,BB,vs_open,any,passive opener,98o,3bet,0,call,0,,0,100,Live Poker Preflop Guide (2026),2026-01-06,10:41,,no
BB vs PASSIVE OPEN,BB,vs_open,any,passive opener,88,3bet,0,call,100,,0,0,Live Poker Preflop Guide (2026),2026-01-06,10:41,,no
BB vs PASSIVE OPEN,BB,vs_open,any,passive opener,87s,3bet,0,call,100,,0,0,Live Poker Preflop Guide (2026),2026-01-06,10:41,,no
BB vs PASSIVE OPEN,BB,vs_open,any,passive opener,86s,3bet,0,call,100,,0,0,Live Poker Preflop Guide (2026),2026-01-06,10:41,,no
BB vs PASSIVE OPEN,BB,vs_open,any,passive opener,85s,3bet,0,call,0,,0,100,Live Poker Preflop Guide (2026),2026-01-06,10:41,,no
BB vs PASSIVE OPEN,BB,vs_open,any,passive opener,84s,3bet,0,call,0,,0,100,Live Poker Preflop Guide (2026),2026-01-06,10:41,,no
BB vs PASSIVE OPEN,BB,vs_open,any,passive opener,83s,3bet,0,call,0,,0,100,Live Poker Preflop Guide (2026),2026-01-06,10:41,,no
BB vs PASSIVE OPEN,BB,vs_open,any,passive opener,82s,3bet,0,call,0,,0,100,Live Poker Preflop Guide (2026),2026-01-06,10:41,,no
BB vs PASSIVE OPEN,BB,vs_open,any,passive opener,A7o,3bet,0,call,0,,0,100,Live Poker Preflop Guide (2026),2026-01-06,10:41,,no
BB vs PASSIVE OPEN,BB,vs_open,any,passive opener,K7o,3bet,0,call,0,,0,100,Live Poker Preflop Guide (2026),2026-01-06,10:41,,no
BB vs PASSIVE OPEN,BB,vs_open,any,passive opener,Q7o,3bet,0,call,0,,0,100,Live Poker Preflop Guide (2026),2026-01-06,10:41,,no
BB vs PASSIVE OPEN,BB,vs_open,any,passive opener,J7o,3bet,0,call,0,,0,100,Live Poker Preflop Guide (2026),2026-01-06,10:41,,no
BB vs PASSIVE OPEN,BB,vs_open,any,passive opener,T7o,3bet,0,call,0,,0,100,Live Poker Preflop Guide (2026),2026-01-06,10:41,,no
BB vs PASSIVE OPEN,BB,vs_open,any,passive opener,97o,3bet,0,call,0,,0,100,Live Poker Preflop Guide (2026),2026-01-06,10:41,,no
BB vs PASSIVE OPEN,BB,vs_open,any,passive opener,87o,3bet,0,call,0,,0,100,Live Poker Preflop Guide (2026),2026-01-06,10:41,,no
BB vs PASSIVE OPEN,BB,vs_open,any,passive opener,77,3bet,0,call,100,,0,0,Live Poker Preflop Guide (2026),2026-01-06,10:41,,no
BB vs PASSIVE OPEN,BB,vs_open,any,passive opener,76s,3bet,0,call,100,,0,0,Live Poker Preflop Guide (2026),2026-01-06,10:41,,no
BB vs PASSIVE OPEN,BB,vs_open,any,passive opener,75s,3bet,0,call,100,,0,0,Live Poker Preflop Guide (2026),2026-01-06,10:41,,no
BB vs PASSIVE OPEN,BB,vs_open,any,passive opener,74s,3bet,0,call,0,,0,100,Live Poker Preflop Guide (2026),2026-01-06,10:41,,no
BB vs PASSIVE OPEN,BB,vs_open,any,passive opener,73s,3bet,0,call,0,,0,100,Live Poker Preflop Guide (2026),2026-01-06,10:41,,no
BB vs PASSIVE OPEN,BB,vs_open,any,passive opener,72s,3bet,0,call,0,,0,100,Live Poker Preflop Guide (2026),2026-01-06,10:41,,no
BB vs PASSIVE OPEN,BB,vs_open,any,passive opener,A6o,3bet,0,call,0,,0,100,Live Poker Preflop Guide (2026),2026-01-06,10:41,,no
BB vs PASSIVE OPEN,BB,vs_open,any,passive opener,K6o,3bet,0,call,0,,0,100,Live Poker Preflop Guide (2026),2026-01-06,10:41,,no
BB vs PASSIVE OPEN,BB,vs_open,any,passive opener,Q6o,3bet,0,call,0,,0,100,Live Poker Preflop Guide (2026),2026-01-06,10:41,,no
BB vs PASSIVE OPEN,BB,vs_open,any,passive opener,J6o,3bet,0,call,0,,0,100,Live Poker Preflop Guide (2026),2026-01-06,10:41,,no
BB vs PASSIVE OPEN,BB,vs_open,any,passive opener,T6o,3bet,0,call,0,,0,100,Live Poker Preflop Guide (2026),2026-01-06,10:41,,no
BB vs PASSIVE OPEN,BB,vs_open,any,passive opener,96o,3bet,0,call,0,,0,100,Live Poker Preflop Guide (2026),2026-01-06,10:41,,no
BB vs PASSIVE OPEN,BB,vs_open,any,passive opener,86o,3bet,0,call,0,,0,100,Live Poker Preflop Guide (2026),2026-01-06,10:41,,no
BB vs PASSIVE OPEN,BB,vs_open,any,passive opener,76o,3bet,0,call,0,,0,100,Live Poker Preflop Guide (2026),2026-01-06,10:41,,no
BB vs PASSIVE OPEN,BB,vs_open,any,passive opener,66,3bet,0,call,100,,0,0,Live Poker Preflop Guide (2026),2026-01-06,10:41,,no
BB vs PASSIVE OPEN,BB,vs_open,any,passive opener,65s,3bet,0,call,100,,0,0,Live Poker Preflop Guide (2026),2026-01-06,10:41,,no
BB vs PASSIVE OPEN,BB,vs_open,any,passive opener,64s,3bet,0,call,100,,0,0,Live Poker Preflop Guide (2026),2026-01-06,10:41,,no
BB vs PASSIVE OPEN,BB,vs_open,any,passive opener,63s,3bet,0,call,0,,0,100,Live Poker Preflop Guide (2026),2026-01-06,10:41,,no
BB vs PASSIVE OPEN,BB,vs_open,any,passive opener,62s,3bet,0,call,0,,0,100,Live Poker Preflop Guide (2026),2026-01-06,10:41,,no
BB vs PASSIVE OPEN,BB,vs_open,any,passive opener,A5o,3bet,0,call,0,,0,100,Live Poker Preflop Guide (2026),2026-01-06,10:41,,no
BB vs PASSIVE OPEN,BB,vs_open,any,passive opener,K5o,3bet,0,call,0,,0,100,Live Poker Preflop Guide (2026),2026-01-06,10:41,,no
BB vs PASSIVE OPEN,BB,vs_open,any,passive opener,Q5o,3bet,0,call,0,,0,100,Live Poker Preflop Guide (2026),2026-01-06,10:41,,no
BB vs PASSIVE OPEN,BB,vs_open,any,passive opener,J5o,3bet,0,call,0,,0,100,Live Poker Preflop Guide (2026),2026-01-06,10:41,,no
BB vs PASSIVE OPEN,BB,vs_open,any,passive opener,T5o,3bet,0,call,0,,0,100,Live Poker Preflop Guide (2026),2026-01-06,10:41,,no
BB vs PASSIVE OPEN,BB,vs_open,any,passive opener,95o,3bet,0,call,0,,0,100,Live Poker Preflop Guide (2026),2026-01-06,10:41,,no
BB vs PASSIVE OPEN,BB,vs_open,any,passive opener,85o,3bet,0,call,0,,0,100,Live Poker Preflop Guide (2026),2026-01-06,10:41,,no
BB vs PASSIVE OPEN,BB,vs_open,any,passive opener,75o,3bet,0,call,0,,0,100,Live Poker Preflop Guide (2026),2026-01-06,10:41,,no
BB vs PASSIVE OPEN,BB,vs_open,any,passive opener,65o,3bet,0,call,0,,0,100,Live Poker Preflop Guide (2026),2026-01-06,10:41,,no
BB vs PASSIVE OPEN,BB,vs_open,any,passive opener,55,3bet,0,call,100,,0,0,Live Poker Preflop Guide (2026),2026-01-06,10:41,,no
BB vs PASSIVE OPEN,BB,vs_open,any,passive opener,54s,3bet,0,call,100,,0,0,Live Poker Preflop Guide (2026),2026-01-06,10:41,,no
BB vs PASSIVE OPEN,BB,vs_open,any,passive opener,53s,3bet,0,call,100,,0,0,Live Poker Preflop Guide (2026),2026-01-06,10:41,,no
BB vs PASSIVE OPEN,BB,vs_open,any,passive opener,52s,3bet,0,call,0,,0,100,Live Poker Preflop Guide (2026),2026-01-06,10:41,,no
BB vs PASSIVE OPEN,BB,vs_open,any,passive opener,A4o,3bet,0,call,0,,0,100,Live Poker Preflop Guide (2026),2026-01-06,10:41,,no
BB vs PASSIVE OPEN,BB,vs_open,any,passive opener,K4o,3bet,0,call,0,,0,100,Live Poker Preflop Guide (2026),2026-01-06,10:41,,no
BB vs PASSIVE OPEN,BB,vs_open,any,passive opener,Q4o,3bet,0,call,0,,0,100,Live Poker Preflop Guide (2026),2026-01-06,10:41,,no
BB vs PASSIVE OPEN,BB,vs_open,any,passive opener,J4o,3bet,0,call,0,,0,100,Live Poker Preflop Guide (2026),2026-01-06,10:41,,no
BB vs PASSIVE OPEN,BB,vs_open,any,passive opener,T4o,3bet,0,call,0,,0,100,Live Poker Preflop Guide (2026),2026-01-06,10:41,,no
BB vs PASSIVE OPEN,BB,vs_open,any,passive opener,94o,3bet,0,call,0,,0,100,Live Poker Preflop Guide (2026),2026-01-06,10:41,,no
BB vs PASSIVE OPEN,BB,vs_open,any,passive opener,84o,3bet,0,call,0,,0,100,Live Poker Preflop Guide (2026),2026-01-06,10:41,,no
BB vs PASSIVE OPEN,BB,vs_open,any,passive opener,74o,3bet,0,call,0,,0,100,Live Poker Preflop Guide (2026),2026-01-06,10:41,,no
BB vs PASSIVE OPEN,BB,vs_open,any,passive opener,64o,3bet,0,call,0,,0,100,Live Poker Preflop Guide (2026),2026-01-06,10:41,,no
BB vs PASSIVE OPEN,BB,vs_open,any,passive opener,54o,3bet,0,call,0,,0,100,Live Poker Preflop Guide (2026),2026-01-06,10:41,,no
BB vs PASSIVE OPEN,BB,vs_open,any,passive opener,44,3bet,0,call,100,,0,0,Live Poker Preflop Guide (2026),2026-01-06,10:41,,no
BB vs PASSIVE OPEN,BB,vs_open,any,passive opener,43s,3bet,0,call,100,,0,0,Live Poker Preflop Guide (2026),2026-01-06,10:41,,no
BB vs PASSIVE OPEN,BB,vs_open,any,passive opener,42s,3bet,0,call,0,,0,100,Live Poker Preflop Guide (2026),2026-01-06,10:41,,no
BB vs PASSIVE OPEN,BB,vs_open,any,passive opener,A3o,3bet,0,call,0,,0,100,Live Poker Preflop Guide (2026),2026-01-06,10:41,,no
BB vs PASSIVE OPEN,BB,vs_open,any,passive opener,K3o,3bet,0,call,0,,0,100,Live Poker Preflop Guide (2026),2026-01-06,10:41,,no
BB vs PASSIVE OPEN,BB,vs_open,any,passive opener,Q3o,3bet,0,call,0,,0,100,Live Poker Preflop Guide (2026),2026-01-06,10:41,,no
BB vs PASSIVE OPEN,BB,vs_open,any,passive opener,J3o,3bet,0,call,0,,0,100,Live Poker Preflop Guide (2026),2026-01-06,10:41,,no
BB vs PASSIVE OPEN,BB,vs_open,any,passive opener,T3o,3bet,0,call,0,,0,100,Live Poker Preflop Guide (2026),2026-01-06,10:41,,no
BB vs PASSIVE OPEN,BB,vs_open,any,passive opener,93o,3bet,0,call,0,,0,100,Live Poker Preflop Guide (2026),2026-01-06,10:41,,no
BB vs PASSIVE OPEN,BB,vs_open,any,passive opener,83o,3bet,0,call,0,,0,100,Live Poker Preflop Guide (2026),2026-01-06,10:41,,no
BB vs PASSIVE OPEN,BB,vs_open,any,passive opener,73o,3bet,0,call,0,,0,100,Live Poker Preflop Guide (2026),2026-01-06,10:41,,no
BB vs PASSIVE OPEN,BB,vs_open,any,passive opener,63o,3bet,0,call,0,,0,100,Live Poker Preflop Guide (2026),2026-01-06,10:41,,no
BB vs PASSIVE OPEN,BB,vs_open,any,passive opener,53o,3bet,0,call,0,,0,100,Live Poker Preflop Guide (2026),2026-01-06,10:41,,no
BB vs PASSIVE OPEN,BB,vs_open,any,passive opener,43o,3bet,0,call,0,,0,100,Live Poker Preflop Guide (2026),2026-01-06,10:41,,no
BB vs PASSIVE OPEN,BB,vs_open,any,passive opener,33,3bet,0,call,100,,0,0,Live Poker Preflop Guide (2026),2026-01-06,10:41,,no
BB vs PASSIVE OPEN,BB,vs_open,any,passive opener,32s,3bet,0,call,0,,0,100,Live Poker Preflop Guide (2026),2026-01-06,10:41,,no
BB vs PASSIVE OPEN,BB,vs_open,any,passive opener,A2o,3bet,0,call,0,,0,100,Live Poker Preflop Guide (2026),2026-01-06,10:41,,no
BB vs PASSIVE OPEN,BB,vs_open,any,passive opener,K2o,3bet,0,call,0,,0,100,Live Poker Preflop Guide (2026),2026-01-06,10:41,,no
BB vs PASSIVE OPEN,BB,vs_open,any,passive opener,Q2o,3bet,0,call,0,,0,100,Live Poker Preflop Guide (2026),2026-01-06,10:41,,no
BB vs PASSIVE OPEN,BB,vs_open,any,passive opener,J2o,3bet,0,call,0,,0,100,Live Poker Preflop Guide (2026),2026-01-06,10:41,,no
BB vs PASSIVE OPEN,BB,vs_open,any,passive opener,T2o,3bet,0,call,0,,0,100,Live Poker Preflop Guide (2026),2026-01-06,10:41,,no
BB vs PASSIVE OPEN,BB,vs_open,any,passive opener,92o,3bet,0,call,0,,0,100,Live Poker Preflop Guide (2026),2026-01-06,10:41,,no
BB vs PASSIVE OPEN,BB,vs_open,any,passive opener,82o,3bet,0,call,0,,0,100,Live Poker Preflop Guide (2026),2026-01-06,10:41,,no
BB vs PASSIVE OPEN,BB,vs_open,any,passive opener,72o,3bet,0,call,0,,0,100,Live Poker Preflop Guide (2026),2026-01-06,10:41,,no
BB vs PASSIVE OPEN,BB,vs_open,any,passive opener,62o,3bet,0,call,0,,0,100,Live Poker Preflop Guide (2026),2026-01-06,10:41,,no
BB vs PASSIVE OPEN,BB,vs_open,any,passive opener,52o,3bet,0,call,0,,0,100,Live Poker Preflop Guide (2026),2026-01-06,10:41,,no
BB vs PASSIVE OPEN,BB,vs_open,any,passive opener,42o,3bet,0,call,0,,0,100,Live Poker Preflop Guide (2026),2026-01-06,10:41,,no
BB vs PASSIVE OPEN,BB,vs_open,any,passive opener,32o,3bet,0,call,0,,0,100,Live Poker Preflop Guide (2026),2026-01-06,10:41,,no
BB vs PASSIVE OPEN,BB,vs_open,any,passive opener,22,3bet,0,call,100,,0,0,Live Poker Preflop Guide (2026),2026-01-06,10:41,,no
BB vs AGGRO OPEN,BB,vs_open,any,aggressive opener,AA,3bet,100,call,0,,0,0,Live Poker Preflop Guide (2026),2026-01-06,11:28,,no
BB vs AGGRO OPEN,BB,vs_open,any,aggressive opener,AKs,3bet,100,call,0,,0,0,Live Poker Preflop Guide (2026),2026-01-06,11:28,,no
BB vs AGGRO OPEN,BB,vs_open,any,aggressive opener,AQs,3bet,100,call,0,,0,0,Live Poker Preflop Guide (2026),2026-01-06,11:28,,no
BB vs AGGRO OPEN,BB,vs_open,any,aggressive opener,AJs,3bet,100,call,0,,0,0,Live Poker Preflop Guide (2026),2026-01-06,11:28,,no
BB vs AGGRO OPEN,BB,vs_open,any,aggressive opener,ATs,3bet,100,call,0,,0,0,Live Poker Preflop Guide (2026),2026-01-06,11:28,,no
BB vs AGGRO OPEN,BB,vs_open,any,aggressive opener,A9s,3bet,100,call,0,,0,0,Live Poker Preflop Guide (2026),2026-01-06,11:28,,no
BB vs AGGRO OPEN,BB,vs_open,any,aggressive opener,A8s,3bet,100,call,0,,0,0,Live Poker Preflop Guide (2026),2026-01-06,11:28,,no
BB vs AGGRO OPEN,BB,vs_open,any,aggressive opener,A7s,3bet,50,call,50,,0,0,Live Poker Preflop Guide (2026),2026-01-06,11:28,"SITUATIONAL (Mark): play this action when you have a bigger edge on the player, lower rake, or deeper stacks; leave it out with an aggressive 4-bettor behind.",yes
BB vs AGGRO OPEN,BB,vs_open,any,aggressive opener,A6s,3bet,50,call,50,,0,0,Live Poker Preflop Guide (2026),2026-01-06,11:28,"SITUATIONAL (Mark): play this action when you have a bigger edge on the player, lower rake, or deeper stacks; leave it out with an aggressive 4-bettor behind.",yes
BB vs AGGRO OPEN,BB,vs_open,any,aggressive opener,A5s,3bet,100,call,0,,0,0,Live Poker Preflop Guide (2026),2026-01-06,11:28,,no
BB vs AGGRO OPEN,BB,vs_open,any,aggressive opener,A4s,3bet,50,call,50,,0,0,Live Poker Preflop Guide (2026),2026-01-06,11:28,"SITUATIONAL (Mark): play this action when you have a bigger edge on the player, lower rake, or deeper stacks; leave it out with an aggressive 4-bettor behind.",yes
BB vs AGGRO OPEN,BB,vs_open,any,aggressive opener,A3s,3bet,50,call,50,,0,0,Live Poker Preflop Guide (2026),2026-01-06,11:28,"SITUATIONAL (Mark): play this action when you have a bigger edge on the player, lower rake, or deeper stacks; leave it out with an aggressive 4-bettor behind.",yes
BB vs AGGRO OPEN,BB,vs_open,any,aggressive opener,A2s,3bet,50,call,50,,0,0,Live Poker Preflop Guide (2026),2026-01-06,11:28,"SITUATIONAL (Mark): play this action when you have a bigger edge on the player, lower rake, or deeper stacks; leave it out with an aggressive 4-bettor behind.",yes
BB vs AGGRO OPEN,BB,vs_open,any,aggressive opener,AKo,3bet,100,call,0,,0,0,Live Poker Preflop Guide (2026),2026-01-06,11:28,,no
BB vs AGGRO OPEN,BB,vs_open,any,aggressive opener,KK,3bet,100,call,0,,0,0,Live Poker Preflop Guide (2026),2026-01-06,11:28,,no
BB vs AGGRO OPEN,BB,vs_open,any,aggressive opener,KQs,3bet,100,call,0,,0,0,Live Poker Preflop Guide (2026),2026-01-06,11:28,,no
BB vs AGGRO OPEN,BB,vs_open,any,aggressive opener,KJs,3bet,100,call,0,,0,0,Live Poker Preflop Guide (2026),2026-01-06,11:28,,no
BB vs AGGRO OPEN,BB,vs_open,any,aggressive opener,KTs,3bet,100,call,0,,0,0,Live Poker Preflop Guide (2026),2026-01-06,11:28,,no
BB vs AGGRO OPEN,BB,vs_open,any,aggressive opener,K9s,3bet,100,call,0,,0,0,Live Poker Preflop Guide (2026),2026-01-06,11:28,,no
BB vs AGGRO OPEN,BB,vs_open,any,aggressive opener,K8s,3bet,50,call,50,,0,0,Live Poker Preflop Guide (2026),2026-01-06,11:28,"SITUATIONAL (Mark): play this action when you have a bigger edge on the player, lower rake, or deeper stacks; leave it out with an aggressive 4-bettor behind.",yes
BB vs AGGRO OPEN,BB,vs_open,any,aggressive opener,K7s,3bet,50,call,50,,0,0,Live Poker Preflop Guide (2026),2026-01-06,11:28,"SITUATIONAL (Mark): play this action when you have a bigger edge on the player, lower rake, or deeper stacks; leave it out with an aggressive 4-bettor behind.",yes
BB vs AGGRO OPEN,BB,vs_open,any,aggressive opener,K6s,3bet,50,call,50,,0,0,Live Poker Preflop Guide (2026),2026-01-06,11:28,"SITUATIONAL (Mark): play this action when you have a bigger edge on the player, lower rake, or deeper stacks; leave it out with an aggressive 4-bettor behind.",yes
BB vs AGGRO OPEN,BB,vs_open,any,aggressive opener,K5s,3bet,50,call,50,,0,0,Live Poker Preflop Guide (2026),2026-01-06,11:28,"SITUATIONAL (Mark): play this action when you have a bigger edge on the player, lower rake, or deeper stacks; leave it out with an aggressive 4-bettor behind.",yes
BB vs AGGRO OPEN,BB,vs_open,any,aggressive opener,K4s,3bet,50,call,50,,0,0,Live Poker Preflop Guide (2026),2026-01-06,11:28,"SITUATIONAL (Mark): play this action when you have a bigger edge on the player, lower rake, or deeper stacks; leave it out with an aggressive 4-bettor behind.",yes
BB vs AGGRO OPEN,BB,vs_open,any,aggressive opener,K3s,3bet,50,call,50,,0,0,Live Poker Preflop Guide (2026),2026-01-06,11:28,"SITUATIONAL (Mark): play this action when you have a bigger edge on the player, lower rake, or deeper stacks; leave it out with an aggressive 4-bettor behind.",yes
BB vs AGGRO OPEN,BB,vs_open,any,aggressive opener,K2s,3bet,50,call,50,,0,0,Live Poker Preflop Guide (2026),2026-01-06,11:28,"SITUATIONAL (Mark): play this action when you have a bigger edge on the player, lower rake, or deeper stacks; leave it out with an aggressive 4-bettor behind.",yes
BB vs AGGRO OPEN,BB,vs_open,any,aggressive opener,AQo,3bet,100,call,0,,0,0,Live Poker Preflop Guide (2026),2026-01-06,11:28,,no
BB vs AGGRO OPEN,BB,vs_open,any,aggressive opener,KQo,3bet,50,call,50,,0,0,Live Poker Preflop Guide (2026),2026-01-06,11:28,"SITUATIONAL (Mark): play this action when you have a bigger edge on the player, lower rake, or deeper stacks; leave it out with an aggressive 4-bettor behind.",yes
BB vs AGGRO OPEN,BB,vs_open,any,aggressive opener,QQ,3bet,100,call,0,,0,0,Live Poker Preflop Guide (2026),2026-01-06,11:28,,no
BB vs AGGRO OPEN,BB,vs_open,any,aggressive opener,QJs,3bet,100,call,0,,0,0,Live Poker Preflop Guide (2026),2026-01-06,11:28,,no
BB vs AGGRO OPEN,BB,vs_open,any,aggressive opener,QTs,3bet,100,call,0,,0,0,Live Poker Preflop Guide (2026),2026-01-06,11:28,,no
BB vs AGGRO OPEN,BB,vs_open,any,aggressive opener,Q9s,3bet,100,call,0,,0,0,Live Poker Preflop Guide (2026),2026-01-06,11:28,,no
BB vs AGGRO OPEN,BB,vs_open,any,aggressive opener,Q8s,3bet,50,call,50,,0,0,Live Poker Preflop Guide (2026),2026-01-06,11:28,"SITUATIONAL (Mark): play this action when you have a bigger edge on the player, lower rake, or deeper stacks; leave it out with an aggressive 4-bettor behind.",yes
BB vs AGGRO OPEN,BB,vs_open,any,aggressive opener,Q7s,3bet,50,call,50,,0,0,Live Poker Preflop Guide (2026),2026-01-06,11:28,"SITUATIONAL (Mark): play this action when you have a bigger edge on the player, lower rake, or deeper stacks; leave it out with an aggressive 4-bettor behind.",yes
BB vs AGGRO OPEN,BB,vs_open,any,aggressive opener,Q6s,3bet,50,call,50,,0,0,Live Poker Preflop Guide (2026),2026-01-06,11:28,"SITUATIONAL (Mark): play this action when you have a bigger edge on the player, lower rake, or deeper stacks; leave it out with an aggressive 4-bettor behind.",yes
BB vs AGGRO OPEN,BB,vs_open,any,aggressive opener,Q5s,3bet,50,call,50,,0,0,Live Poker Preflop Guide (2026),2026-01-06,11:28,"SITUATIONAL (Mark): play this action when you have a bigger edge on the player, lower rake, or deeper stacks; leave it out with an aggressive 4-bettor behind.",yes
BB vs AGGRO OPEN,BB,vs_open,any,aggressive opener,Q4s,3bet,0,call,100,,0,0,Live Poker Preflop Guide (2026),2026-01-06,11:28,,no
BB vs AGGRO OPEN,BB,vs_open,any,aggressive opener,Q3s,3bet,0,call,0,,0,100,Live Poker Preflop Guide (2026),2026-01-06,11:28,,no
BB vs AGGRO OPEN,BB,vs_open,any,aggressive opener,Q2s,3bet,0,call,0,,0,100,Live Poker Preflop Guide (2026),2026-01-06,11:28,,no
BB vs AGGRO OPEN,BB,vs_open,any,aggressive opener,AJo,3bet,50,call,50,,0,0,Live Poker Preflop Guide (2026),2026-01-06,11:28,"SITUATIONAL (Mark): play this action when you have a bigger edge on the player, lower rake, or deeper stacks; leave it out with an aggressive 4-bettor behind.",yes
BB vs AGGRO OPEN,BB,vs_open,any,aggressive opener,KJo,3bet,50,call,50,,0,0,Live Poker Preflop Guide (2026),2026-01-06,11:28,"SITUATIONAL (Mark): play this action when you have a bigger edge on the player, lower rake, or deeper stacks; leave it out with an aggressive 4-bettor behind.",yes
BB vs AGGRO OPEN,BB,vs_open,any,aggressive opener,QJo,3bet,50,call,50,,0,0,Live Poker Preflop Guide (2026),2026-01-06,11:28,"SITUATIONAL (Mark): play this action when you have a bigger edge on the player, lower rake, or deeper stacks; leave it out with an aggressive 4-bettor behind.",yes
BB vs AGGRO OPEN,BB,vs_open,any,aggressive opener,JJ,3bet,100,call,0,,0,0,Live Poker Preflop Guide (2026),2026-01-06,11:28,,no
BB vs AGGRO OPEN,BB,vs_open,any,aggressive opener,JTs,3bet,100,call,0,,0,0,Live Poker Preflop Guide (2026),2026-01-06,11:28,,no
BB vs AGGRO OPEN,BB,vs_open,any,aggressive opener,J9s,3bet,100,call,0,,0,0,Live Poker Preflop Guide (2026),2026-01-06,11:28,,no
BB vs AGGRO OPEN,BB,vs_open,any,aggressive opener,J8s,3bet,50,call,50,,0,0,Live Poker Preflop Guide (2026),2026-01-06,11:28,"SITUATIONAL (Mark): play this action when you have a bigger edge on the player, lower rake, or deeper stacks; leave it out with an aggressive 4-bettor behind.",yes
BB vs AGGRO OPEN,BB,vs_open,any,aggressive opener,J7s,3bet,50,call,50,,0,0,Live Poker Preflop Guide (2026),2026-01-06,11:28,"SITUATIONAL (Mark): play this action when you have a bigger edge on the player, lower rake, or deeper stacks; leave it out with an aggressive 4-bettor behind.",yes
BB vs AGGRO OPEN,BB,vs_open,any,aggressive opener,J6s,3bet,50,call,50,,0,0,Live Poker Preflop Guide (2026),2026-01-06,11:28,"SITUATIONAL (Mark): play this action when you have a bigger edge on the player, lower rake, or deeper stacks; leave it out with an aggressive 4-bettor behind.",yes
BB vs AGGRO OPEN,BB,vs_open,any,aggressive opener,J5s,3bet,0,call,0,,0,100,Live Poker Preflop Guide (2026),2026-01-06,11:28,,no
BB vs AGGRO OPEN,BB,vs_open,any,aggressive opener,J4s,3bet,0,call,0,,0,100,Live Poker Preflop Guide (2026),2026-01-06,11:28,,no
BB vs AGGRO OPEN,BB,vs_open,any,aggressive opener,J3s,3bet,0,call,0,,0,100,Live Poker Preflop Guide (2026),2026-01-06,11:28,,no
BB vs AGGRO OPEN,BB,vs_open,any,aggressive opener,J2s,3bet,0,call,0,,0,100,Live Poker Preflop Guide (2026),2026-01-06,11:28,,no
BB vs AGGRO OPEN,BB,vs_open,any,aggressive opener,ATo,3bet,50,call,50,,0,0,Live Poker Preflop Guide (2026),2026-01-06,11:28,"SITUATIONAL (Mark): play this action when you have a bigger edge on the player, lower rake, or deeper stacks; leave it out with an aggressive 4-bettor behind.",yes
BB vs AGGRO OPEN,BB,vs_open,any,aggressive opener,KTo,3bet,50,call,50,,0,0,Live Poker Preflop Guide (2026),2026-01-06,11:28,"SITUATIONAL (Mark): play this action when you have a bigger edge on the player, lower rake, or deeper stacks; leave it out with an aggressive 4-bettor behind.",yes
BB vs AGGRO OPEN,BB,vs_open,any,aggressive opener,QTo,3bet,50,call,50,,0,0,Live Poker Preflop Guide (2026),2026-01-06,11:28,"SITUATIONAL (Mark): play this action when you have a bigger edge on the player, lower rake, or deeper stacks; leave it out with an aggressive 4-bettor behind.",yes
BB vs AGGRO OPEN,BB,vs_open,any,aggressive opener,JTo,3bet,50,call,50,,0,0,Live Poker Preflop Guide (2026),2026-01-06,11:28,"SITUATIONAL (Mark): play this action when you have a bigger edge on the player, lower rake, or deeper stacks; leave it out with an aggressive 4-bettor behind.",yes
BB vs AGGRO OPEN,BB,vs_open,any,aggressive opener,TT,3bet,100,call,0,,0,0,Live Poker Preflop Guide (2026),2026-01-06,11:28,,no
BB vs AGGRO OPEN,BB,vs_open,any,aggressive opener,T9s,3bet,100,call,0,,0,0,Live Poker Preflop Guide (2026),2026-01-06,11:28,,no
BB vs AGGRO OPEN,BB,vs_open,any,aggressive opener,T8s,3bet,50,call,50,,0,0,Live Poker Preflop Guide (2026),2026-01-06,11:28,"SITUATIONAL (Mark): play this action when you have a bigger edge on the player, lower rake, or deeper stacks; leave it out with an aggressive 4-bettor behind.",yes
BB vs AGGRO OPEN,BB,vs_open,any,aggressive opener,T7s,3bet,50,call,50,,0,0,Live Poker Preflop Guide (2026),2026-01-06,11:28,"SITUATIONAL (Mark): play this action when you have a bigger edge on the player, lower rake, or deeper stacks; leave it out with an aggressive 4-bettor behind.",yes
BB vs AGGRO OPEN,BB,vs_open,any,aggressive opener,T6s,3bet,0,call,100,,0,0,Live Poker Preflop Guide (2026),2026-01-06,11:28,,no
BB vs AGGRO OPEN,BB,vs_open,any,aggressive opener,T5s,3bet,0,call,0,,0,100,Live Poker Preflop Guide (2026),2026-01-06,11:28,,no
BB vs AGGRO OPEN,BB,vs_open,any,aggressive opener,T4s,3bet,0,call,0,,0,100,Live Poker Preflop Guide (2026),2026-01-06,11:28,,no
BB vs AGGRO OPEN,BB,vs_open,any,aggressive opener,T3s,3bet,0,call,0,,0,100,Live Poker Preflop Guide (2026),2026-01-06,11:28,,no
BB vs AGGRO OPEN,BB,vs_open,any,aggressive opener,T2s,3bet,0,call,0,,0,100,Live Poker Preflop Guide (2026),2026-01-06,11:28,,no
BB vs AGGRO OPEN,BB,vs_open,any,aggressive opener,A9o,3bet,0,call,100,,0,0,Live Poker Preflop Guide (2026),2026-01-06,11:28,,no
BB vs AGGRO OPEN,BB,vs_open,any,aggressive opener,K9o,3bet,0,call,0,,0,100,Live Poker Preflop Guide (2026),2026-01-06,11:28,,no
BB vs AGGRO OPEN,BB,vs_open,any,aggressive opener,Q9o,3bet,0,call,0,,0,100,Live Poker Preflop Guide (2026),2026-01-06,11:28,,no
BB vs AGGRO OPEN,BB,vs_open,any,aggressive opener,J9o,3bet,0,call,100,,0,0,Live Poker Preflop Guide (2026),2026-01-06,11:28,,no
BB vs AGGRO OPEN,BB,vs_open,any,aggressive opener,T9o,3bet,0,call,100,,0,0,Live Poker Preflop Guide (2026),2026-01-06,11:28,,no
BB vs AGGRO OPEN,BB,vs_open,any,aggressive opener,99,3bet,100,call,0,,0,0,Live Poker Preflop Guide (2026),2026-01-06,11:28,,no
BB vs AGGRO OPEN,BB,vs_open,any,aggressive opener,98s,3bet,100,call,0,,0,0,Live Poker Preflop Guide (2026),2026-01-06,11:28,,no
BB vs AGGRO OPEN,BB,vs_open,any,aggressive opener,97s,3bet,50,call,50,,0,0,Live Poker Preflop Guide (2026),2026-01-06,11:28,"SITUATIONAL (Mark): play this action when you have a bigger edge on the player, lower rake, or deeper stacks; leave it out with an aggressive 4-bettor behind.",yes
BB vs AGGRO OPEN,BB,vs_open,any,aggressive opener,96s,3bet,50,call,50,,0,0,Live Poker Preflop Guide (2026),2026-01-06,11:28,"SITUATIONAL (Mark): play this action when you have a bigger edge on the player, lower rake, or deeper stacks; leave it out with an aggressive 4-bettor behind.",yes
BB vs AGGRO OPEN,BB,vs_open,any,aggressive opener,95s,3bet,0,call,0,,0,100,Live Poker Preflop Guide (2026),2026-01-06,11:28,,no
BB vs AGGRO OPEN,BB,vs_open,any,aggressive opener,94s,3bet,0,call,0,,0,100,Live Poker Preflop Guide (2026),2026-01-06,11:28,,no
BB vs AGGRO OPEN,BB,vs_open,any,aggressive opener,93s,3bet,0,call,0,,0,100,Live Poker Preflop Guide (2026),2026-01-06,11:28,,no
BB vs AGGRO OPEN,BB,vs_open,any,aggressive opener,92s,3bet,0,call,0,,0,100,Live Poker Preflop Guide (2026),2026-01-06,11:28,,no
BB vs AGGRO OPEN,BB,vs_open,any,aggressive opener,A8o,3bet,0,call,0,,0,100,Live Poker Preflop Guide (2026),2026-01-06,11:28,,no
BB vs AGGRO OPEN,BB,vs_open,any,aggressive opener,K8o,3bet,0,call,0,,0,100,Live Poker Preflop Guide (2026),2026-01-06,11:28,,no
BB vs AGGRO OPEN,BB,vs_open,any,aggressive opener,Q8o,3bet,0,call,0,,0,100,Live Poker Preflop Guide (2026),2026-01-06,11:28,,no
BB vs AGGRO OPEN,BB,vs_open,any,aggressive opener,J8o,3bet,0,call,0,,0,100,Live Poker Preflop Guide (2026),2026-01-06,11:28,,no
BB vs AGGRO OPEN,BB,vs_open,any,aggressive opener,T8o,3bet,0,call,0,,0,100,Live Poker Preflop Guide (2026),2026-01-06,11:28,,no
BB vs AGGRO OPEN,BB,vs_open,any,aggressive opener,98o,3bet,0,call,100,,0,0,Live Poker Preflop Guide (2026),2026-01-06,11:28,,no
BB vs AGGRO OPEN,BB,vs_open,any,aggressive opener,88,3bet,100,call,0,,0,0,Live Poker Preflop Guide (2026),2026-01-06,11:28,,no
BB vs AGGRO OPEN,BB,vs_open,any,aggressive opener,87s,3bet,50,call,50,,0,0,Live Poker Preflop Guide (2026),2026-01-06,11:28,"SITUATIONAL (Mark): play this action when you have a bigger edge on the player, lower rake, or deeper stacks; leave it out with an aggressive 4-bettor behind.",yes
BB vs AGGRO OPEN,BB,vs_open,any,aggressive opener,86s,3bet,50,call,50,,0,0,Live Poker Preflop Guide (2026),2026-01-06,11:28,"SITUATIONAL (Mark): play this action when you have a bigger edge on the player, lower rake, or deeper stacks; leave it out with an aggressive 4-bettor behind.",yes
BB vs AGGRO OPEN,BB,vs_open,any,aggressive opener,85s,3bet,50,call,50,,0,0,Live Poker Preflop Guide (2026),2026-01-06,11:28,"SITUATIONAL (Mark): play this action when you have a bigger edge on the player, lower rake, or deeper stacks; leave it out with an aggressive 4-bettor behind.",yes
BB vs AGGRO OPEN,BB,vs_open,any,aggressive opener,84s,3bet,0,call,0,,0,100,Live Poker Preflop Guide (2026),2026-01-06,11:28,,no
BB vs AGGRO OPEN,BB,vs_open,any,aggressive opener,83s,3bet,0,call,0,,0,100,Live Poker Preflop Guide (2026),2026-01-06,11:28,,no
BB vs AGGRO OPEN,BB,vs_open,any,aggressive opener,82s,3bet,0,call,0,,0,100,Live Poker Preflop Guide (2026),2026-01-06,11:28,,no
BB vs AGGRO OPEN,BB,vs_open,any,aggressive opener,A7o,3bet,0,call,0,,0,100,Live Poker Preflop Guide (2026),2026-01-06,11:28,,no
BB vs AGGRO OPEN,BB,vs_open,any,aggressive opener,K7o,3bet,0,call,0,,0,100,Live Poker Preflop Guide (2026),2026-01-06,11:28,,no
BB vs AGGRO OPEN,BB,vs_open,any,aggressive opener,Q7o,3bet,0,call,0,,0,100,Live Poker Preflop Guide (2026),2026-01-06,11:28,,no
BB vs AGGRO OPEN,BB,vs_open,any,aggressive opener,J7o,3bet,0,call,0,,0,100,Live Poker Preflop Guide (2026),2026-01-06,11:28,,no
BB vs AGGRO OPEN,BB,vs_open,any,aggressive opener,T7o,3bet,0,call,0,,0,100,Live Poker Preflop Guide (2026),2026-01-06,11:28,,no
BB vs AGGRO OPEN,BB,vs_open,any,aggressive opener,97o,3bet,0,call,0,,0,100,Live Poker Preflop Guide (2026),2026-01-06,11:28,,no
BB vs AGGRO OPEN,BB,vs_open,any,aggressive opener,87o,3bet,0,call,0,,0,100,Live Poker Preflop Guide (2026),2026-01-06,11:28,,no
BB vs AGGRO OPEN,BB,vs_open,any,aggressive opener,77,3bet,100,call,0,,0,0,Live Poker Preflop Guide (2026),2026-01-06,11:28,,no
BB vs AGGRO OPEN,BB,vs_open,any,aggressive opener,76s,3bet,50,call,50,,0,0,Live Poker Preflop Guide (2026),2026-01-06,11:28,"SITUATIONAL (Mark): play this action when you have a bigger edge on the player, lower rake, or deeper stacks; leave it out with an aggressive 4-bettor behind.",yes
BB vs AGGRO OPEN,BB,vs_open,any,aggressive opener,75s,3bet,50,call,50,,0,0,Live Poker Preflop Guide (2026),2026-01-06,11:28,"SITUATIONAL (Mark): play this action when you have a bigger edge on the player, lower rake, or deeper stacks; leave it out with an aggressive 4-bettor behind.",yes
BB vs AGGRO OPEN,BB,vs_open,any,aggressive opener,74s,3bet,50,call,50,,0,0,Live Poker Preflop Guide (2026),2026-01-06,11:28,"SITUATIONAL (Mark): play this action when you have a bigger edge on the player, lower rake, or deeper stacks; leave it out with an aggressive 4-bettor behind.",yes
BB vs AGGRO OPEN,BB,vs_open,any,aggressive opener,73s,3bet,0,call,0,,0,100,Live Poker Preflop Guide (2026),2026-01-06,11:28,,no
BB vs AGGRO OPEN,BB,vs_open,any,aggressive opener,72s,3bet,0,call,0,,0,100,Live Poker Preflop Guide (2026),2026-01-06,11:28,,no
BB vs AGGRO OPEN,BB,vs_open,any,aggressive opener,A6o,3bet,0,call,0,,0,100,Live Poker Preflop Guide (2026),2026-01-06,11:28,,no
BB vs AGGRO OPEN,BB,vs_open,any,aggressive opener,K6o,3bet,0,call,0,,0,100,Live Poker Preflop Guide (2026),2026-01-06,11:28,,no
BB vs AGGRO OPEN,BB,vs_open,any,aggressive opener,Q6o,3bet,0,call,0,,0,100,Live Poker Preflop Guide (2026),2026-01-06,11:28,,no
BB vs AGGRO OPEN,BB,vs_open,any,aggressive opener,J6o,3bet,0,call,0,,0,100,Live Poker Preflop Guide (2026),2026-01-06,11:28,,no
BB vs AGGRO OPEN,BB,vs_open,any,aggressive opener,T6o,3bet,0,call,0,,0,100,Live Poker Preflop Guide (2026),2026-01-06,11:28,,no
BB vs AGGRO OPEN,BB,vs_open,any,aggressive opener,96o,3bet,0,call,0,,0,100,Live Poker Preflop Guide (2026),2026-01-06,11:28,,no
BB vs AGGRO OPEN,BB,vs_open,any,aggressive opener,86o,3bet,0,call,0,,0,100,Live Poker Preflop Guide (2026),2026-01-06,11:28,,no
BB vs AGGRO OPEN,BB,vs_open,any,aggressive opener,76o,3bet,0,call,0,,0,100,Live Poker Preflop Guide (2026),2026-01-06,11:28,,no
BB vs AGGRO OPEN,BB,vs_open,any,aggressive opener,66,3bet,50,call,50,,0,0,Live Poker Preflop Guide (2026),2026-01-06,11:28,"SITUATIONAL (Mark): play this action when you have a bigger edge on the player, lower rake, or deeper stacks; leave it out with an aggressive 4-bettor behind.",yes
BB vs AGGRO OPEN,BB,vs_open,any,aggressive opener,65s,3bet,50,call,50,,0,0,Live Poker Preflop Guide (2026),2026-01-06,11:28,"SITUATIONAL (Mark): play this action when you have a bigger edge on the player, lower rake, or deeper stacks; leave it out with an aggressive 4-bettor behind.",yes
BB vs AGGRO OPEN,BB,vs_open,any,aggressive opener,64s,3bet,50,call,50,,0,0,Live Poker Preflop Guide (2026),2026-01-06,11:28,"SITUATIONAL (Mark): play this action when you have a bigger edge on the player, lower rake, or deeper stacks; leave it out with an aggressive 4-bettor behind.",yes
BB vs AGGRO OPEN,BB,vs_open,any,aggressive opener,63s,3bet,0,call,100,,0,0,Live Poker Preflop Guide (2026),2026-01-06,11:28,,no
BB vs AGGRO OPEN,BB,vs_open,any,aggressive opener,62s,3bet,0,call,0,,0,100,Live Poker Preflop Guide (2026),2026-01-06,11:28,,no
BB vs AGGRO OPEN,BB,vs_open,any,aggressive opener,A5o,3bet,0,call,0,,0,100,Live Poker Preflop Guide (2026),2026-01-06,11:28,,no
BB vs AGGRO OPEN,BB,vs_open,any,aggressive opener,K5o,3bet,0,call,0,,0,100,Live Poker Preflop Guide (2026),2026-01-06,11:28,,no
BB vs AGGRO OPEN,BB,vs_open,any,aggressive opener,Q5o,3bet,0,call,0,,0,100,Live Poker Preflop Guide (2026),2026-01-06,11:28,,no
BB vs AGGRO OPEN,BB,vs_open,any,aggressive opener,J5o,3bet,0,call,0,,0,100,Live Poker Preflop Guide (2026),2026-01-06,11:28,,no
BB vs AGGRO OPEN,BB,vs_open,any,aggressive opener,T5o,3bet,0,call,0,,0,100,Live Poker Preflop Guide (2026),2026-01-06,11:28,,no
BB vs AGGRO OPEN,BB,vs_open,any,aggressive opener,95o,3bet,0,call,0,,0,100,Live Poker Preflop Guide (2026),2026-01-06,11:28,,no
BB vs AGGRO OPEN,BB,vs_open,any,aggressive opener,85o,3bet,0,call,0,,0,100,Live Poker Preflop Guide (2026),2026-01-06,11:28,,no
BB vs AGGRO OPEN,BB,vs_open,any,aggressive opener,75o,3bet,0,call,0,,0,100,Live Poker Preflop Guide (2026),2026-01-06,11:28,,no
BB vs AGGRO OPEN,BB,vs_open,any,aggressive opener,65o,3bet,0,call,0,,0,100,Live Poker Preflop Guide (2026),2026-01-06,11:28,,no
BB vs AGGRO OPEN,BB,vs_open,any,aggressive opener,55,3bet,50,call,50,,0,0,Live Poker Preflop Guide (2026),2026-01-06,11:28,"SITUATIONAL (Mark): play this action when you have a bigger edge on the player, lower rake, or deeper stacks; leave it out with an aggressive 4-bettor behind.",yes
BB vs AGGRO OPEN,BB,vs_open,any,aggressive opener,54s,3bet,50,call,50,,0,0,Live Poker Preflop Guide (2026),2026-01-06,11:28,"SITUATIONAL (Mark): play this action when you have a bigger edge on the player, lower rake, or deeper stacks; leave it out with an aggressive 4-bettor behind.",yes
BB vs AGGRO OPEN,BB,vs_open,any,aggressive opener,53s,3bet,50,call,50,,0,0,Live Poker Preflop Guide (2026),2026-01-06,11:28,"SITUATIONAL (Mark): play this action when you have a bigger edge on the player, lower rake, or deeper stacks; leave it out with an aggressive 4-bettor behind.",yes
BB vs AGGRO OPEN,BB,vs_open,any,aggressive opener,52s,3bet,0,call,0,,0,100,Live Poker Preflop Guide (2026),2026-01-06,11:28,,no
BB vs AGGRO OPEN,BB,vs_open,any,aggressive opener,A4o,3bet,0,call,0,,0,100,Live Poker Preflop Guide (2026),2026-01-06,11:28,,no
BB vs AGGRO OPEN,BB,vs_open,any,aggressive opener,K4o,3bet,0,call,0,,0,100,Live Poker Preflop Guide (2026),2026-01-06,11:28,,no
BB vs AGGRO OPEN,BB,vs_open,any,aggressive opener,Q4o,3bet,0,call,0,,0,100,Live Poker Preflop Guide (2026),2026-01-06,11:28,,no
BB vs AGGRO OPEN,BB,vs_open,any,aggressive opener,J4o,3bet,0,call,0,,0,100,Live Poker Preflop Guide (2026),2026-01-06,11:28,,no
BB vs AGGRO OPEN,BB,vs_open,any,aggressive opener,T4o,3bet,0,call,0,,0,100,Live Poker Preflop Guide (2026),2026-01-06,11:28,,no
BB vs AGGRO OPEN,BB,vs_open,any,aggressive opener,94o,3bet,0,call,0,,0,100,Live Poker Preflop Guide (2026),2026-01-06,11:28,,no
BB vs AGGRO OPEN,BB,vs_open,any,aggressive opener,84o,3bet,0,call,0,,0,100,Live Poker Preflop Guide (2026),2026-01-06,11:28,,no
BB vs AGGRO OPEN,BB,vs_open,any,aggressive opener,74o,3bet,0,call,0,,0,100,Live Poker Preflop Guide (2026),2026-01-06,11:28,,no
BB vs AGGRO OPEN,BB,vs_open,any,aggressive opener,64o,3bet,0,call,0,,0,100,Live Poker Preflop Guide (2026),2026-01-06,11:28,,no
BB vs AGGRO OPEN,BB,vs_open,any,aggressive opener,54o,3bet,0,call,0,,0,100,Live Poker Preflop Guide (2026),2026-01-06,11:28,,no
BB vs AGGRO OPEN,BB,vs_open,any,aggressive opener,44,3bet,50,call,50,,0,0,Live Poker Preflop Guide (2026),2026-01-06,11:28,"SITUATIONAL (Mark): play this action when you have a bigger edge on the player, lower rake, or deeper stacks; leave it out with an aggressive 4-bettor behind.",yes
BB vs AGGRO OPEN,BB,vs_open,any,aggressive opener,43s,3bet,50,call,50,,0,0,Live Poker Preflop Guide (2026),2026-01-06,11:28,"SITUATIONAL (Mark): play this action when you have a bigger edge on the player, lower rake, or deeper stacks; leave it out with an aggressive 4-bettor behind.",yes
BB vs AGGRO OPEN,BB,vs_open,any,aggressive opener,42s,3bet,0,call,100,,0,0,Live Poker Preflop Guide (2026),2026-01-06,11:28,,no
BB vs AGGRO OPEN,BB,vs_open,any,aggressive opener,A3o,3bet,0,call,0,,0,100,Live Poker Preflop Guide (2026),2026-01-06,11:28,,no
BB vs AGGRO OPEN,BB,vs_open,any,aggressive opener,K3o,3bet,0,call,0,,0,100,Live Poker Preflop Guide (2026),2026-01-06,11:28,,no
BB vs AGGRO OPEN,BB,vs_open,any,aggressive opener,Q3o,3bet,0,call,0,,0,100,Live Poker Preflop Guide (2026),2026-01-06,11:28,,no
BB vs AGGRO OPEN,BB,vs_open,any,aggressive opener,J3o,3bet,0,call,0,,0,100,Live Poker Preflop Guide (2026),2026-01-06,11:28,,no
BB vs AGGRO OPEN,BB,vs_open,any,aggressive opener,T3o,3bet,0,call,0,,0,100,Live Poker Preflop Guide (2026),2026-01-06,11:28,,no
BB vs AGGRO OPEN,BB,vs_open,any,aggressive opener,93o,3bet,0,call,0,,0,100,Live Poker Preflop Guide (2026),2026-01-06,11:28,,no
BB vs AGGRO OPEN,BB,vs_open,any,aggressive opener,83o,3bet,0,call,0,,0,100,Live Poker Preflop Guide (2026),2026-01-06,11:28,,no
BB vs AGGRO OPEN,BB,vs_open,any,aggressive opener,73o,3bet,0,call,0,,0,100,Live Poker Preflop Guide (2026),2026-01-06,11:28,,no
BB vs AGGRO OPEN,BB,vs_open,any,aggressive opener,63o,3bet,0,call,0,,0,100,Live Poker Preflop Guide (2026),2026-01-06,11:28,,no
BB vs AGGRO OPEN,BB,vs_open,any,aggressive opener,53o,3bet,0,call,0,,0,100,Live Poker Preflop Guide (2026),2026-01-06,11:28,,no
BB vs AGGRO OPEN,BB,vs_open,any,aggressive opener,43o,3bet,0,call,0,,0,100,Live Poker Preflop Guide (2026),2026-01-06,11:28,,no
BB vs AGGRO OPEN,BB,vs_open,any,aggressive opener,33,3bet,50,call,50,,0,0,Live Poker Preflop Guide (2026),2026-01-06,11:28,"SITUATIONAL (Mark): play this action when you have a bigger edge on the player, lower rake, or deeper stacks; leave it out with an aggressive 4-bettor behind.",yes
BB vs AGGRO OPEN,BB,vs_open,any,aggressive opener,32s,3bet,0,call,100,,0,0,Live Poker Preflop Guide (2026),2026-01-06,11:28,,no
BB vs AGGRO OPEN,BB,vs_open,any,aggressive opener,A2o,3bet,0,call,0,,0,100,Live Poker Preflop Guide (2026),2026-01-06,11:28,,no
BB vs AGGRO OPEN,BB,vs_open,any,aggressive opener,K2o,3bet,0,call,0,,0,100,Live Poker Preflop Guide (2026),2026-01-06,11:28,,no
BB vs AGGRO OPEN,BB,vs_open,any,aggressive opener,Q2o,3bet,0,call,0,,0,100,Live Poker Preflop Guide (2026),2026-01-06,11:28,,no
BB vs AGGRO OPEN,BB,vs_open,any,aggressive opener,J2o,3bet,0,call,0,,0,100,Live Poker Preflop Guide (2026),2026-01-06,11:28,,no
BB vs AGGRO OPEN,BB,vs_open,any,aggressive opener,T2o,3bet,0,call,0,,0,100,Live Poker Preflop Guide (2026),2026-01-06,11:28,,no
BB vs AGGRO OPEN,BB,vs_open,any,aggressive opener,92o,3bet,0,call,0,,0,100,Live Poker Preflop Guide (2026),2026-01-06,11:28,,no
BB vs AGGRO OPEN,BB,vs_open,any,aggressive opener,82o,3bet,0,call,0,,0,100,Live Poker Preflop Guide (2026),2026-01-06,11:28,,no
BB vs AGGRO OPEN,BB,vs_open,any,aggressive opener,72o,3bet,0,call,0,,0,100,Live Poker Preflop Guide (2026),2026-01-06,11:28,,no
BB vs AGGRO OPEN,BB,vs_open,any,aggressive opener,62o,3bet,0,call,0,,0,100,Live Poker Preflop Guide (2026),2026-01-06,11:28,,no
BB vs AGGRO OPEN,BB,vs_open,any,aggressive opener,52o,3bet,0,call,0,,0,100,Live Poker Preflop Guide (2026),2026-01-06,11:28,,no
BB vs AGGRO OPEN,BB,vs_open,any,aggressive opener,42o,3bet,0,call,0,,0,100,Live Poker Preflop Guide (2026),2026-01-06,11:28,,no
BB vs AGGRO OPEN,BB,vs_open,any,aggressive opener,32o,3bet,0,call,0,,0,100,Live Poker Preflop Guide (2026),2026-01-06,11:28,,no
BB vs AGGRO OPEN,BB,vs_open,any,aggressive opener,22,3bet,50,call,50,,0,0,Live Poker Preflop Guide (2026),2026-01-06,11:28,"SITUATIONAL (Mark): play this action when you have a bigger edge on the player, lower rake, or deeper stacks; leave it out with an aggressive 4-bettor behind.",yes
HJ vs EP OPEN (ABC PLAYER),HJ,vs_open,EP,ABC player,AA,3bet,100,,0,,0,0,Live Poker Preflop Guide (2026),2026-01-06,13:09,,no
HJ vs EP OPEN (ABC PLAYER),HJ,vs_open,EP,ABC player,AKs,3bet,100,,0,,0,0,Live Poker Preflop Guide (2026),2026-01-06,13:09,,no
HJ vs EP OPEN (ABC PLAYER),HJ,vs_open,EP,ABC player,AQs,3bet,100,,0,,0,0,Live Poker Preflop Guide (2026),2026-01-06,13:09,,no
HJ vs EP OPEN (ABC PLAYER),HJ,vs_open,EP,ABC player,AJs,3bet,100,,0,,0,0,Live Poker Preflop Guide (2026),2026-01-06,13:09,,no
HJ vs EP OPEN (ABC PLAYER),HJ,vs_open,EP,ABC player,ATs,3bet,100,,0,,0,0,Live Poker Preflop Guide (2026),2026-01-06,13:09,,no
HJ vs EP OPEN (ABC PLAYER),HJ,vs_open,EP,ABC player,A9s,3bet,50,,0,,0,50,Live Poker Preflop Guide (2026),2026-01-06,13:09,"SITUATIONAL (Mark): play this action when you have a bigger edge on the player, lower rake, or deeper stacks; leave it out with an aggressive 4-bettor behind.",yes
HJ vs EP OPEN (ABC PLAYER),HJ,vs_open,EP,ABC player,A8s,3bet,0,,0,,0,100,Live Poker Preflop Guide (2026),2026-01-06,13:09,,no
HJ vs EP OPEN (ABC PLAYER),HJ,vs_open,EP,ABC player,A7s,3bet,0,,0,,0,100,Live Poker Preflop Guide (2026),2026-01-06,13:09,,no
HJ vs EP OPEN (ABC PLAYER),HJ,vs_open,EP,ABC player,A6s,3bet,0,,0,,0,100,Live Poker Preflop Guide (2026),2026-01-06,13:09,,no
HJ vs EP OPEN (ABC PLAYER),HJ,vs_open,EP,ABC player,A5s,3bet,100,,0,,0,0,Live Poker Preflop Guide (2026),2026-01-06,13:09,,no
HJ vs EP OPEN (ABC PLAYER),HJ,vs_open,EP,ABC player,A4s,3bet,50,,0,,0,50,Live Poker Preflop Guide (2026),2026-01-06,13:09,"SITUATIONAL (Mark): play this action when you have a bigger edge on the player, lower rake, or deeper stacks; leave it out with an aggressive 4-bettor behind.",yes
HJ vs EP OPEN (ABC PLAYER),HJ,vs_open,EP,ABC player,A3s,3bet,50,,0,,0,50,Live Poker Preflop Guide (2026),2026-01-06,13:09,"SITUATIONAL (Mark): play this action when you have a bigger edge on the player, lower rake, or deeper stacks; leave it out with an aggressive 4-bettor behind.",yes
HJ vs EP OPEN (ABC PLAYER),HJ,vs_open,EP,ABC player,A2s,3bet,0,,0,,0,100,Live Poker Preflop Guide (2026),2026-01-06,13:09,,no
HJ vs EP OPEN (ABC PLAYER),HJ,vs_open,EP,ABC player,AKo,3bet,100,,0,,0,0,Live Poker Preflop Guide (2026),2026-01-06,13:09,,no
HJ vs EP OPEN (ABC PLAYER),HJ,vs_open,EP,ABC player,KK,3bet,100,,0,,0,0,Live Poker Preflop Guide (2026),2026-01-06,13:09,,no
HJ vs EP OPEN (ABC PLAYER),HJ,vs_open,EP,ABC player,KQs,3bet,100,,0,,0,0,Live Poker Preflop Guide (2026),2026-01-06,13:09,,no
HJ vs EP OPEN (ABC PLAYER),HJ,vs_open,EP,ABC player,KJs,3bet,100,,0,,0,0,Live Poker Preflop Guide (2026),2026-01-06,13:09,,no
HJ vs EP OPEN (ABC PLAYER),HJ,vs_open,EP,ABC player,KTs,3bet,50,,0,,0,50,Live Poker Preflop Guide (2026),2026-01-06,13:09,"SITUATIONAL (Mark): play this action when you have a bigger edge on the player, lower rake, or deeper stacks; leave it out with an aggressive 4-bettor behind.",yes
HJ vs EP OPEN (ABC PLAYER),HJ,vs_open,EP,ABC player,K9s,3bet,0,,0,,0,100,Live Poker Preflop Guide (2026),2026-01-06,13:09,,no
HJ vs EP OPEN (ABC PLAYER),HJ,vs_open,EP,ABC player,K8s,3bet,0,,0,,0,100,Live Poker Preflop Guide (2026),2026-01-06,13:09,,no
HJ vs EP OPEN (ABC PLAYER),HJ,vs_open,EP,ABC player,K7s,3bet,0,,0,,0,100,Live Poker Preflop Guide (2026),2026-01-06,13:09,,no
HJ vs EP OPEN (ABC PLAYER),HJ,vs_open,EP,ABC player,K6s,3bet,0,,0,,0,100,Live Poker Preflop Guide (2026),2026-01-06,13:09,,no
HJ vs EP OPEN (ABC PLAYER),HJ,vs_open,EP,ABC player,K5s,3bet,0,,0,,0,100,Live Poker Preflop Guide (2026),2026-01-06,13:09,,no
HJ vs EP OPEN (ABC PLAYER),HJ,vs_open,EP,ABC player,K4s,3bet,0,,0,,0,100,Live Poker Preflop Guide (2026),2026-01-06,13:09,,no
HJ vs EP OPEN (ABC PLAYER),HJ,vs_open,EP,ABC player,K3s,3bet,0,,0,,0,100,Live Poker Preflop Guide (2026),2026-01-06,13:09,,no
HJ vs EP OPEN (ABC PLAYER),HJ,vs_open,EP,ABC player,K2s,3bet,0,,0,,0,100,Live Poker Preflop Guide (2026),2026-01-06,13:09,,no
HJ vs EP OPEN (ABC PLAYER),HJ,vs_open,EP,ABC player,AQo,3bet,100,,0,,0,0,Live Poker Preflop Guide (2026),2026-01-06,13:09,,no
HJ vs EP OPEN (ABC PLAYER),HJ,vs_open,EP,ABC player,KQo,3bet,0,,0,,0,100,Live Poker Preflop Guide (2026),2026-01-06,13:09,,no
HJ vs EP OPEN (ABC PLAYER),HJ,vs_open,EP,ABC player,QQ,3bet,100,,0,,0,0,Live Poker Preflop Guide (2026),2026-01-06,13:09,,no
HJ vs EP OPEN (ABC PLAYER),HJ,vs_open,EP,ABC player,QJs,3bet,50,,0,,0,50,Live Poker Preflop Guide (2026),2026-01-06,13:09,"SITUATIONAL (Mark): play this action when you have a bigger edge on the player, lower rake, or deeper stacks; leave it out with an aggressive 4-bettor behind.",yes
HJ vs EP OPEN (ABC PLAYER),HJ,vs_open,EP,ABC player,QTs,3bet,50,,0,,0,50,Live Poker Preflop Guide (2026),2026-01-06,13:09,"SITUATIONAL (Mark): play this action when you have a bigger edge on the player, lower rake, or deeper stacks; leave it out with an aggressive 4-bettor behind.",yes
HJ vs EP OPEN (ABC PLAYER),HJ,vs_open,EP,ABC player,Q9s,3bet,0,,0,,0,100,Live Poker Preflop Guide (2026),2026-01-06,13:09,,no
HJ vs EP OPEN (ABC PLAYER),HJ,vs_open,EP,ABC player,Q8s,3bet,0,,0,,0,100,Live Poker Preflop Guide (2026),2026-01-06,13:09,,no
HJ vs EP OPEN (ABC PLAYER),HJ,vs_open,EP,ABC player,Q7s,3bet,0,,0,,0,100,Live Poker Preflop Guide (2026),2026-01-06,13:09,,no
HJ vs EP OPEN (ABC PLAYER),HJ,vs_open,EP,ABC player,Q6s,3bet,0,,0,,0,100,Live Poker Preflop Guide (2026),2026-01-06,13:09,,no
HJ vs EP OPEN (ABC PLAYER),HJ,vs_open,EP,ABC player,Q5s,3bet,0,,0,,0,100,Live Poker Preflop Guide (2026),2026-01-06,13:09,,no
HJ vs EP OPEN (ABC PLAYER),HJ,vs_open,EP,ABC player,Q4s,3bet,0,,0,,0,100,Live Poker Preflop Guide (2026),2026-01-06,13:09,,no
HJ vs EP OPEN (ABC PLAYER),HJ,vs_open,EP,ABC player,Q3s,3bet,0,,0,,0,100,Live Poker Preflop Guide (2026),2026-01-06,13:09,,no
HJ vs EP OPEN (ABC PLAYER),HJ,vs_open,EP,ABC player,Q2s,3bet,0,,0,,0,100,Live Poker Preflop Guide (2026),2026-01-06,13:09,,no
HJ vs EP OPEN (ABC PLAYER),HJ,vs_open,EP,ABC player,AJo,3bet,0,,0,,0,100,Live Poker Preflop Guide (2026),2026-01-06,13:09,,no
HJ vs EP OPEN (ABC PLAYER),HJ,vs_open,EP,ABC player,KJo,3bet,0,,0,,0,100,Live Poker Preflop Guide (2026),2026-01-06,13:09,,no
HJ vs EP OPEN (ABC PLAYER),HJ,vs_open,EP,ABC player,QJo,3bet,0,,0,,0,100,Live Poker Preflop Guide (2026),2026-01-06,13:09,,no
HJ vs EP OPEN (ABC PLAYER),HJ,vs_open,EP,ABC player,JJ,3bet,100,,0,,0,0,Live Poker Preflop Guide (2026),2026-01-06,13:09,,no
HJ vs EP OPEN (ABC PLAYER),HJ,vs_open,EP,ABC player,JTs,3bet,50,,0,,0,50,Live Poker Preflop Guide (2026),2026-01-06,13:09,"SITUATIONAL (Mark): play this action when you have a bigger edge on the player, lower rake, or deeper stacks; leave it out with an aggressive 4-bettor behind.",yes
HJ vs EP OPEN (ABC PLAYER),HJ,vs_open,EP,ABC player,J9s,3bet,0,,0,,0,100,Live Poker Preflop Guide (2026),2026-01-06,13:09,,no
HJ vs EP OPEN (ABC PLAYER),HJ,vs_open,EP,ABC player,J8s,3bet,0,,0,,0,100,Live Poker Preflop Guide (2026),2026-01-06,13:09,,no
HJ vs EP OPEN (ABC PLAYER),HJ,vs_open,EP,ABC player,J7s,3bet,0,,0,,0,100,Live Poker Preflop Guide (2026),2026-01-06,13:09,,no
HJ vs EP OPEN (ABC PLAYER),HJ,vs_open,EP,ABC player,J6s,3bet,0,,0,,0,100,Live Poker Preflop Guide (2026),2026-01-06,13:09,,no
HJ vs EP OPEN (ABC PLAYER),HJ,vs_open,EP,ABC player,J5s,3bet,0,,0,,0,100,Live Poker Preflop Guide (2026),2026-01-06,13:09,,no
HJ vs EP OPEN (ABC PLAYER),HJ,vs_open,EP,ABC player,J4s,3bet,0,,0,,0,100,Live Poker Preflop Guide (2026),2026-01-06,13:09,,no
HJ vs EP OPEN (ABC PLAYER),HJ,vs_open,EP,ABC player,J3s,3bet,0,,0,,0,100,Live Poker Preflop Guide (2026),2026-01-06,13:09,,no
HJ vs EP OPEN (ABC PLAYER),HJ,vs_open,EP,ABC player,J2s,3bet,0,,0,,0,100,Live Poker Preflop Guide (2026),2026-01-06,13:09,,no
HJ vs EP OPEN (ABC PLAYER),HJ,vs_open,EP,ABC player,ATo,3bet,0,,0,,0,100,Live Poker Preflop Guide (2026),2026-01-06,13:09,,no
HJ vs EP OPEN (ABC PLAYER),HJ,vs_open,EP,ABC player,KTo,3bet,0,,0,,0,100,Live Poker Preflop Guide (2026),2026-01-06,13:09,,no
HJ vs EP OPEN (ABC PLAYER),HJ,vs_open,EP,ABC player,QTo,3bet,0,,0,,0,100,Live Poker Preflop Guide (2026),2026-01-06,13:09,,no
HJ vs EP OPEN (ABC PLAYER),HJ,vs_open,EP,ABC player,JTo,3bet,0,,0,,0,100,Live Poker Preflop Guide (2026),2026-01-06,13:09,,no
HJ vs EP OPEN (ABC PLAYER),HJ,vs_open,EP,ABC player,TT,3bet,100,,0,,0,0,Live Poker Preflop Guide (2026),2026-01-06,13:09,,no
HJ vs EP OPEN (ABC PLAYER),HJ,vs_open,EP,ABC player,T9s,3bet,0,,0,,0,100,Live Poker Preflop Guide (2026),2026-01-06,13:09,,no
HJ vs EP OPEN (ABC PLAYER),HJ,vs_open,EP,ABC player,T8s,3bet,0,,0,,0,100,Live Poker Preflop Guide (2026),2026-01-06,13:09,,no
HJ vs EP OPEN (ABC PLAYER),HJ,vs_open,EP,ABC player,T7s,3bet,0,,0,,0,100,Live Poker Preflop Guide (2026),2026-01-06,13:09,,no
HJ vs EP OPEN (ABC PLAYER),HJ,vs_open,EP,ABC player,T6s,3bet,0,,0,,0,100,Live Poker Preflop Guide (2026),2026-01-06,13:09,,no
HJ vs EP OPEN (ABC PLAYER),HJ,vs_open,EP,ABC player,T5s,3bet,0,,0,,0,100,Live Poker Preflop Guide (2026),2026-01-06,13:09,,no
HJ vs EP OPEN (ABC PLAYER),HJ,vs_open,EP,ABC player,T4s,3bet,0,,0,,0,100,Live Poker Preflop Guide (2026),2026-01-06,13:09,,no
HJ vs EP OPEN (ABC PLAYER),HJ,vs_open,EP,ABC player,T3s,3bet,0,,0,,0,100,Live Poker Preflop Guide (2026),2026-01-06,13:09,,no
HJ vs EP OPEN (ABC PLAYER),HJ,vs_open,EP,ABC player,T2s,3bet,0,,0,,0,100,Live Poker Preflop Guide (2026),2026-01-06,13:09,,no
HJ vs EP OPEN (ABC PLAYER),HJ,vs_open,EP,ABC player,A9o,3bet,0,,0,,0,100,Live Poker Preflop Guide (2026),2026-01-06,13:09,,no
HJ vs EP OPEN (ABC PLAYER),HJ,vs_open,EP,ABC player,K9o,3bet,0,,0,,0,100,Live Poker Preflop Guide (2026),2026-01-06,13:09,,no
HJ vs EP OPEN (ABC PLAYER),HJ,vs_open,EP,ABC player,Q9o,3bet,0,,0,,0,100,Live Poker Preflop Guide (2026),2026-01-06,13:09,,no
HJ vs EP OPEN (ABC PLAYER),HJ,vs_open,EP,ABC player,J9o,3bet,0,,0,,0,100,Live Poker Preflop Guide (2026),2026-01-06,13:09,,no
HJ vs EP OPEN (ABC PLAYER),HJ,vs_open,EP,ABC player,T9o,3bet,0,,0,,0,100,Live Poker Preflop Guide (2026),2026-01-06,13:09,,no
HJ vs EP OPEN (ABC PLAYER),HJ,vs_open,EP,ABC player,99,3bet,100,,0,,0,0,Live Poker Preflop Guide (2026),2026-01-06,13:09,,no
HJ vs EP OPEN (ABC PLAYER),HJ,vs_open,EP,ABC player,98s,3bet,0,,0,,0,100,Live Poker Preflop Guide (2026),2026-01-06,13:09,,no
HJ vs EP OPEN (ABC PLAYER),HJ,vs_open,EP,ABC player,97s,3bet,0,,0,,0,100,Live Poker Preflop Guide (2026),2026-01-06,13:09,,no
HJ vs EP OPEN (ABC PLAYER),HJ,vs_open,EP,ABC player,96s,3bet,0,,0,,0,100,Live Poker Preflop Guide (2026),2026-01-06,13:09,,no
HJ vs EP OPEN (ABC PLAYER),HJ,vs_open,EP,ABC player,95s,3bet,0,,0,,0,100,Live Poker Preflop Guide (2026),2026-01-06,13:09,,no
HJ vs EP OPEN (ABC PLAYER),HJ,vs_open,EP,ABC player,94s,3bet,0,,0,,0,100,Live Poker Preflop Guide (2026),2026-01-06,13:09,,no
HJ vs EP OPEN (ABC PLAYER),HJ,vs_open,EP,ABC player,93s,3bet,0,,0,,0,100,Live Poker Preflop Guide (2026),2026-01-06,13:09,,no
HJ vs EP OPEN (ABC PLAYER),HJ,vs_open,EP,ABC player,92s,3bet,0,,0,,0,100,Live Poker Preflop Guide (2026),2026-01-06,13:09,,no
HJ vs EP OPEN (ABC PLAYER),HJ,vs_open,EP,ABC player,A8o,3bet,0,,0,,0,100,Live Poker Preflop Guide (2026),2026-01-06,13:09,,no
HJ vs EP OPEN (ABC PLAYER),HJ,vs_open,EP,ABC player,K8o,3bet,0,,0,,0,100,Live Poker Preflop Guide (2026),2026-01-06,13:09,,no
HJ vs EP OPEN (ABC PLAYER),HJ,vs_open,EP,ABC player,Q8o,3bet,0,,0,,0,100,Live Poker Preflop Guide (2026),2026-01-06,13:09,,no
HJ vs EP OPEN (ABC PLAYER),HJ,vs_open,EP,ABC player,J8o,3bet,0,,0,,0,100,Live Poker Preflop Guide (2026),2026-01-06,13:09,,no
HJ vs EP OPEN (ABC PLAYER),HJ,vs_open,EP,ABC player,T8o,3bet,0,,0,,0,100,Live Poker Preflop Guide (2026),2026-01-06,13:09,,no
HJ vs EP OPEN (ABC PLAYER),HJ,vs_open,EP,ABC player,98o,3bet,0,,0,,0,100,Live Poker Preflop Guide (2026),2026-01-06,13:09,,no
HJ vs EP OPEN (ABC PLAYER),HJ,vs_open,EP,ABC player,88,3bet,100,,0,,0,0,Live Poker Preflop Guide (2026),2026-01-06,13:09,,no
HJ vs EP OPEN (ABC PLAYER),HJ,vs_open,EP,ABC player,87s,3bet,0,,0,,0,100,Live Poker Preflop Guide (2026),2026-01-06,13:09,,no
HJ vs EP OPEN (ABC PLAYER),HJ,vs_open,EP,ABC player,86s,3bet,0,,0,,0,100,Live Poker Preflop Guide (2026),2026-01-06,13:09,,no
HJ vs EP OPEN (ABC PLAYER),HJ,vs_open,EP,ABC player,85s,3bet,0,,0,,0,100,Live Poker Preflop Guide (2026),2026-01-06,13:09,,no
HJ vs EP OPEN (ABC PLAYER),HJ,vs_open,EP,ABC player,84s,3bet,0,,0,,0,100,Live Poker Preflop Guide (2026),2026-01-06,13:09,,no
HJ vs EP OPEN (ABC PLAYER),HJ,vs_open,EP,ABC player,83s,3bet,0,,0,,0,100,Live Poker Preflop Guide (2026),2026-01-06,13:09,,no
HJ vs EP OPEN (ABC PLAYER),HJ,vs_open,EP,ABC player,82s,3bet,0,,0,,0,100,Live Poker Preflop Guide (2026),2026-01-06,13:09,,no
HJ vs EP OPEN (ABC PLAYER),HJ,vs_open,EP,ABC player,A7o,3bet,0,,0,,0,100,Live Poker Preflop Guide (2026),2026-01-06,13:09,,no
HJ vs EP OPEN (ABC PLAYER),HJ,vs_open,EP,ABC player,K7o,3bet,0,,0,,0,100,Live Poker Preflop Guide (2026),2026-01-06,13:09,,no
HJ vs EP OPEN (ABC PLAYER),HJ,vs_open,EP,ABC player,Q7o,3bet,0,,0,,0,100,Live Poker Preflop Guide (2026),2026-01-06,13:09,,no
HJ vs EP OPEN (ABC PLAYER),HJ,vs_open,EP,ABC player,J7o,3bet,0,,0,,0,100,Live Poker Preflop Guide (2026),2026-01-06,13:09,,no
HJ vs EP OPEN (ABC PLAYER),HJ,vs_open,EP,ABC player,T7o,3bet,0,,0,,0,100,Live Poker Preflop Guide (2026),2026-01-06,13:09,,no
HJ vs EP OPEN (ABC PLAYER),HJ,vs_open,EP,ABC player,97o,3bet,0,,0,,0,100,Live Poker Preflop Guide (2026),2026-01-06,13:09,,no
HJ vs EP OPEN (ABC PLAYER),HJ,vs_open,EP,ABC player,87o,3bet,0,,0,,0,100,Live Poker Preflop Guide (2026),2026-01-06,13:09,,no
HJ vs EP OPEN (ABC PLAYER),HJ,vs_open,EP,ABC player,77,3bet,0,,0,,0,100,Live Poker Preflop Guide (2026),2026-01-06,13:09,,no
HJ vs EP OPEN (ABC PLAYER),HJ,vs_open,EP,ABC player,76s,3bet,0,,0,,0,100,Live Poker Preflop Guide (2026),2026-01-06,13:09,,no
HJ vs EP OPEN (ABC PLAYER),HJ,vs_open,EP,ABC player,75s,3bet,0,,0,,0,100,Live Poker Preflop Guide (2026),2026-01-06,13:09,,no
HJ vs EP OPEN (ABC PLAYER),HJ,vs_open,EP,ABC player,74s,3bet,0,,0,,0,100,Live Poker Preflop Guide (2026),2026-01-06,13:09,,no
HJ vs EP OPEN (ABC PLAYER),HJ,vs_open,EP,ABC player,73s,3bet,0,,0,,0,100,Live Poker Preflop Guide (2026),2026-01-06,13:09,,no
HJ vs EP OPEN (ABC PLAYER),HJ,vs_open,EP,ABC player,72s,3bet,0,,0,,0,100,Live Poker Preflop Guide (2026),2026-01-06,13:09,,no
HJ vs EP OPEN (ABC PLAYER),HJ,vs_open,EP,ABC player,A6o,3bet,0,,0,,0,100,Live Poker Preflop Guide (2026),2026-01-06,13:09,,no
HJ vs EP OPEN (ABC PLAYER),HJ,vs_open,EP,ABC player,K6o,3bet,0,,0,,0,100,Live Poker Preflop Guide (2026),2026-01-06,13:09,,no
HJ vs EP OPEN (ABC PLAYER),HJ,vs_open,EP,ABC player,Q6o,3bet,0,,0,,0,100,Live Poker Preflop Guide (2026),2026-01-06,13:09,,no
HJ vs EP OPEN (ABC PLAYER),HJ,vs_open,EP,ABC player,J6o,3bet,0,,0,,0,100,Live Poker Preflop Guide (2026),2026-01-06,13:09,,no
HJ vs EP OPEN (ABC PLAYER),HJ,vs_open,EP,ABC player,T6o,3bet,0,,0,,0,100,Live Poker Preflop Guide (2026),2026-01-06,13:09,,no
HJ vs EP OPEN (ABC PLAYER),HJ,vs_open,EP,ABC player,96o,3bet,0,,0,,0,100,Live Poker Preflop Guide (2026),2026-01-06,13:09,,no
HJ vs EP OPEN (ABC PLAYER),HJ,vs_open,EP,ABC player,86o,3bet,0,,0,,0,100,Live Poker Preflop Guide (2026),2026-01-06,13:09,,no
HJ vs EP OPEN (ABC PLAYER),HJ,vs_open,EP,ABC player,76o,3bet,0,,0,,0,100,Live Poker Preflop Guide (2026),2026-01-06,13:09,,no
HJ vs EP OPEN (ABC PLAYER),HJ,vs_open,EP,ABC player,66,3bet,0,,0,,0,100,Live Poker Preflop Guide (2026),2026-01-06,13:09,,no
HJ vs EP OPEN (ABC PLAYER),HJ,vs_open,EP,ABC player,65s,3bet,0,,0,,0,100,Live Poker Preflop Guide (2026),2026-01-06,13:09,,no
HJ vs EP OPEN (ABC PLAYER),HJ,vs_open,EP,ABC player,64s,3bet,0,,0,,0,100,Live Poker Preflop Guide (2026),2026-01-06,13:09,,no
HJ vs EP OPEN (ABC PLAYER),HJ,vs_open,EP,ABC player,63s,3bet,0,,0,,0,100,Live Poker Preflop Guide (2026),2026-01-06,13:09,,no
HJ vs EP OPEN (ABC PLAYER),HJ,vs_open,EP,ABC player,62s,3bet,0,,0,,0,100,Live Poker Preflop Guide (2026),2026-01-06,13:09,,no
HJ vs EP OPEN (ABC PLAYER),HJ,vs_open,EP,ABC player,A5o,3bet,0,,0,,0,100,Live Poker Preflop Guide (2026),2026-01-06,13:09,,no
HJ vs EP OPEN (ABC PLAYER),HJ,vs_open,EP,ABC player,K5o,3bet,0,,0,,0,100,Live Poker Preflop Guide (2026),2026-01-06,13:09,,no
HJ vs EP OPEN (ABC PLAYER),HJ,vs_open,EP,ABC player,Q5o,3bet,0,,0,,0,100,Live Poker Preflop Guide (2026),2026-01-06,13:09,,no
HJ vs EP OPEN (ABC PLAYER),HJ,vs_open,EP,ABC player,J5o,3bet,0,,0,,0,100,Live Poker Preflop Guide (2026),2026-01-06,13:09,,no
HJ vs EP OPEN (ABC PLAYER),HJ,vs_open,EP,ABC player,T5o,3bet,0,,0,,0,100,Live Poker Preflop Guide (2026),2026-01-06,13:09,,no
HJ vs EP OPEN (ABC PLAYER),HJ,vs_open,EP,ABC player,95o,3bet,0,,0,,0,100,Live Poker Preflop Guide (2026),2026-01-06,13:09,,no
HJ vs EP OPEN (ABC PLAYER),HJ,vs_open,EP,ABC player,85o,3bet,0,,0,,0,100,Live Poker Preflop Guide (2026),2026-01-06,13:09,,no
HJ vs EP OPEN (ABC PLAYER),HJ,vs_open,EP,ABC player,75o,3bet,0,,0,,0,100,Live Poker Preflop Guide (2026),2026-01-06,13:09,,no
HJ vs EP OPEN (ABC PLAYER),HJ,vs_open,EP,ABC player,65o,3bet,0,,0,,0,100,Live Poker Preflop Guide (2026),2026-01-06,13:09,,no
HJ vs EP OPEN (ABC PLAYER),HJ,vs_open,EP,ABC player,55,3bet,0,,0,,0,100,Live Poker Preflop Guide (2026),2026-01-06,13:09,,no
HJ vs EP OPEN (ABC PLAYER),HJ,vs_open,EP,ABC player,54s,3bet,0,,0,,0,100,Live Poker Preflop Guide (2026),2026-01-06,13:09,,no
HJ vs EP OPEN (ABC PLAYER),HJ,vs_open,EP,ABC player,53s,3bet,0,,0,,0,100,Live Poker Preflop Guide (2026),2026-01-06,13:09,,no
HJ vs EP OPEN (ABC PLAYER),HJ,vs_open,EP,ABC player,52s,3bet,0,,0,,0,100,Live Poker Preflop Guide (2026),2026-01-06,13:09,,no
HJ vs EP OPEN (ABC PLAYER),HJ,vs_open,EP,ABC player,A4o,3bet,0,,0,,0,100,Live Poker Preflop Guide (2026),2026-01-06,13:09,,no
HJ vs EP OPEN (ABC PLAYER),HJ,vs_open,EP,ABC player,K4o,3bet,0,,0,,0,100,Live Poker Preflop Guide (2026),2026-01-06,13:09,,no
HJ vs EP OPEN (ABC PLAYER),HJ,vs_open,EP,ABC player,Q4o,3bet,0,,0,,0,100,Live Poker Preflop Guide (2026),2026-01-06,13:09,,no
HJ vs EP OPEN (ABC PLAYER),HJ,vs_open,EP,ABC player,J4o,3bet,0,,0,,0,100,Live Poker Preflop Guide (2026),2026-01-06,13:09,,no
HJ vs EP OPEN (ABC PLAYER),HJ,vs_open,EP,ABC player,T4o,3bet,0,,0,,0,100,Live Poker Preflop Guide (2026),2026-01-06,13:09,,no
HJ vs EP OPEN (ABC PLAYER),HJ,vs_open,EP,ABC player,94o,3bet,0,,0,,0,100,Live Poker Preflop Guide (2026),2026-01-06,13:09,,no
HJ vs EP OPEN (ABC PLAYER),HJ,vs_open,EP,ABC player,84o,3bet,0,,0,,0,100,Live Poker Preflop Guide (2026),2026-01-06,13:09,,no
HJ vs EP OPEN (ABC PLAYER),HJ,vs_open,EP,ABC player,74o,3bet,0,,0,,0,100,Live Poker Preflop Guide (2026),2026-01-06,13:09,,no
HJ vs EP OPEN (ABC PLAYER),HJ,vs_open,EP,ABC player,64o,3bet,0,,0,,0,100,Live Poker Preflop Guide (2026),2026-01-06,13:09,,no
HJ vs EP OPEN (ABC PLAYER),HJ,vs_open,EP,ABC player,54o,3bet,0,,0,,0,100,Live Poker Preflop Guide (2026),2026-01-06,13:09,,no
HJ vs EP OPEN (ABC PLAYER),HJ,vs_open,EP,ABC player,44,3bet,0,,0,,0,100,Live Poker Preflop Guide (2026),2026-01-06,13:09,,no
HJ vs EP OPEN (ABC PLAYER),HJ,vs_open,EP,ABC player,43s,3bet,0,,0,,0,100,Live Poker Preflop Guide (2026),2026-01-06,13:09,,no
HJ vs EP OPEN (ABC PLAYER),HJ,vs_open,EP,ABC player,42s,3bet,0,,0,,0,100,Live Poker Preflop Guide (2026),2026-01-06,13:09,,no
HJ vs EP OPEN (ABC PLAYER),HJ,vs_open,EP,ABC player,A3o,3bet,0,,0,,0,100,Live Poker Preflop Guide (2026),2026-01-06,13:09,,no
HJ vs EP OPEN (ABC PLAYER),HJ,vs_open,EP,ABC player,K3o,3bet,0,,0,,0,100,Live Poker Preflop Guide (2026),2026-01-06,13:09,,no
HJ vs EP OPEN (ABC PLAYER),HJ,vs_open,EP,ABC player,Q3o,3bet,0,,0,,0,100,Live Poker Preflop Guide (2026),2026-01-06,13:09,,no
HJ vs EP OPEN (ABC PLAYER),HJ,vs_open,EP,ABC player,J3o,3bet,0,,0,,0,100,Live Poker Preflop Guide (2026),2026-01-06,13:09,,no
HJ vs EP OPEN (ABC PLAYER),HJ,vs_open,EP,ABC player,T3o,3bet,0,,0,,0,100,Live Poker Preflop Guide (2026),2026-01-06,13:09,,no
HJ vs EP OPEN (ABC PLAYER),HJ,vs_open,EP,ABC player,93o,3bet,0,,0,,0,100,Live Poker Preflop Guide (2026),2026-01-06,13:09,,no
HJ vs EP OPEN (ABC PLAYER),HJ,vs_open,EP,ABC player,83o,3bet,0,,0,,0,100,Live Poker Preflop Guide (2026),2026-01-06,13:09,,no
HJ vs EP OPEN (ABC PLAYER),HJ,vs_open,EP,ABC player,73o,3bet,0,,0,,0,100,Live Poker Preflop Guide (2026),2026-01-06,13:09,,no
HJ vs EP OPEN (ABC PLAYER),HJ,vs_open,EP,ABC player,63o,3bet,0,,0,,0,100,Live Poker Preflop Guide (2026),2026-01-06,13:09,,no
HJ vs EP OPEN (ABC PLAYER),HJ,vs_open,EP,ABC player,53o,3bet,0,,0,,0,100,Live Poker Preflop Guide (2026),2026-01-06,13:09,,no
HJ vs EP OPEN (ABC PLAYER),HJ,vs_open,EP,ABC player,43o,3bet,0,,0,,0,100,Live Poker Preflop Guide (2026),2026-01-06,13:09,,no
HJ vs EP OPEN (ABC PLAYER),HJ,vs_open,EP,ABC player,33,3bet,0,,0,,0,100,Live Poker Preflop Guide (2026),2026-01-06,13:09,,no
HJ vs EP OPEN (ABC PLAYER),HJ,vs_open,EP,ABC player,32s,3bet,0,,0,,0,100,Live Poker Preflop Guide (2026),2026-01-06,13:09,,no
HJ vs EP OPEN (ABC PLAYER),HJ,vs_open,EP,ABC player,A2o,3bet,0,,0,,0,100,Live Poker Preflop Guide (2026),2026-01-06,13:09,,no
HJ vs EP OPEN (ABC PLAYER),HJ,vs_open,EP,ABC player,K2o,3bet,0,,0,,0,100,Live Poker Preflop Guide (2026),2026-01-06,13:09,,no
HJ vs EP OPEN (ABC PLAYER),HJ,vs_open,EP,ABC player,Q2o,3bet,0,,0,,0,100,Live Poker Preflop Guide (2026),2026-01-06,13:09,,no
HJ vs EP OPEN (ABC PLAYER),HJ,vs_open,EP,ABC player,J2o,3bet,0,,0,,0,100,Live Poker Preflop Guide (2026),2026-01-06,13:09,,no
HJ vs EP OPEN (ABC PLAYER),HJ,vs_open,EP,ABC player,T2o,3bet,0,,0,,0,100,Live Poker Preflop Guide (2026),2026-01-06,13:09,,no
HJ vs EP OPEN (ABC PLAYER),HJ,vs_open,EP,ABC player,92o,3bet,0,,0,,0,100,Live Poker Preflop Guide (2026),2026-01-06,13:09,,no
HJ vs EP OPEN (ABC PLAYER),HJ,vs_open,EP,ABC player,82o,3bet,0,,0,,0,100,Live Poker Preflop Guide (2026),2026-01-06,13:09,,no
HJ vs EP OPEN (ABC PLAYER),HJ,vs_open,EP,ABC player,72o,3bet,0,,0,,0,100,Live Poker Preflop Guide (2026),2026-01-06,13:09,,no
HJ vs EP OPEN (ABC PLAYER),HJ,vs_open,EP,ABC player,62o,3bet,0,,0,,0,100,Live Poker Preflop Guide (2026),2026-01-06,13:09,,no
HJ vs EP OPEN (ABC PLAYER),HJ,vs_open,EP,ABC player,52o,3bet,0,,0,,0,100,Live Poker Preflop Guide (2026),2026-01-06,13:09,,no
HJ vs EP OPEN (ABC PLAYER),HJ,vs_open,EP,ABC player,42o,3bet,0,,0,,0,100,Live Poker Preflop Guide (2026),2026-01-06,13:09,,no
HJ vs EP OPEN (ABC PLAYER),HJ,vs_open,EP,ABC player,32o,3bet,0,,0,,0,100,Live Poker Preflop Guide (2026),2026-01-06,13:09,,no
HJ vs EP OPEN (ABC PLAYER),HJ,vs_open,EP,ABC player,22,3bet,0,,0,,0,100,Live Poker Preflop Guide (2026),2026-01-06,13:09,,no
BTN vs EP OPEN (TIGHT PLAYER),BTN,vs_open,EP,tight player,AA,3bet,100,call,0,,0,0,Live Poker Preflop Guide (2026),2026-01-06,14:10,,no
BTN vs EP OPEN (TIGHT PLAYER),BTN,vs_open,EP,tight player,AKs,3bet,100,call,0,,0,0,Live Poker Preflop Guide (2026),2026-01-06,14:10,,no
BTN vs EP OPEN (TIGHT PLAYER),BTN,vs_open,EP,tight player,AQs,3bet,50,call,50,,0,0,Live Poker Preflop Guide (2026),2026-01-06,14:10,"SITUATIONAL (Mark): play this action when you have a bigger edge on the player, lower rake, or deeper stacks; leave it out with an aggressive 4-bettor behind.",yes
BTN vs EP OPEN (TIGHT PLAYER),BTN,vs_open,EP,tight player,AJs,3bet,0,call,100,,0,0,Live Poker Preflop Guide (2026),2026-01-06,14:10,,no
BTN vs EP OPEN (TIGHT PLAYER),BTN,vs_open,EP,tight player,ATs,3bet,0,call,100,,0,0,Live Poker Preflop Guide (2026),2026-01-06,14:10,,no
BTN vs EP OPEN (TIGHT PLAYER),BTN,vs_open,EP,tight player,A9s,3bet,0,call,0,,0,100,Live Poker Preflop Guide (2026),2026-01-06,14:10,,no
BTN vs EP OPEN (TIGHT PLAYER),BTN,vs_open,EP,tight player,A8s,3bet,0,call,0,,0,100,Live Poker Preflop Guide (2026),2026-01-06,14:10,,no
BTN vs EP OPEN (TIGHT PLAYER),BTN,vs_open,EP,tight player,A7s,3bet,0,call,0,,0,100,Live Poker Preflop Guide (2026),2026-01-06,14:10,,no
BTN vs EP OPEN (TIGHT PLAYER),BTN,vs_open,EP,tight player,A6s,3bet,0,call,0,,0,100,Live Poker Preflop Guide (2026),2026-01-06,14:10,,no
BTN vs EP OPEN (TIGHT PLAYER),BTN,vs_open,EP,tight player,A5s,3bet,0,call,100,,0,0,Live Poker Preflop Guide (2026),2026-01-06,14:10,,no
BTN vs EP OPEN (TIGHT PLAYER),BTN,vs_open,EP,tight player,A4s,3bet,0,call,100,,0,0,Live Poker Preflop Guide (2026),2026-01-06,14:10,,no
BTN vs EP OPEN (TIGHT PLAYER),BTN,vs_open,EP,tight player,A3s,3bet,0,call,0,,0,100,Live Poker Preflop Guide (2026),2026-01-06,14:10,,no
BTN vs EP OPEN (TIGHT PLAYER),BTN,vs_open,EP,tight player,A2s,3bet,0,call,0,,0,100,Live Poker Preflop Guide (2026),2026-01-06,14:10,,no
BTN vs EP OPEN (TIGHT PLAYER),BTN,vs_open,EP,tight player,AKo,3bet,50,call,50,,0,0,Live Poker Preflop Guide (2026),2026-01-06,14:10,"SITUATIONAL (Mark): play this action when you have a bigger edge on the player, lower rake, or deeper stacks; leave it out with an aggressive 4-bettor behind.",yes
BTN vs EP OPEN (TIGHT PLAYER),BTN,vs_open,EP,tight player,KK,3bet,100,call,0,,0,0,Live Poker Preflop Guide (2026),2026-01-06,14:10,,no
BTN vs EP OPEN (TIGHT PLAYER),BTN,vs_open,EP,tight player,KQs,3bet,50,call,50,,0,0,Live Poker Preflop Guide (2026),2026-01-06,14:10,"SITUATIONAL (Mark): play this action when you have a bigger edge on the player, lower rake, or deeper stacks; leave it out with an aggressive 4-bettor behind.",yes
BTN vs EP OPEN (TIGHT PLAYER),BTN,vs_open,EP,tight player,KJs,3bet,0,call,100,,0,0,Live Poker Preflop Guide (2026),2026-01-06,14:10,,no
BTN vs EP OPEN (TIGHT PLAYER),BTN,vs_open,EP,tight player,KTs,3bet,0,call,100,,0,0,Live Poker Preflop Guide (2026),2026-01-06,14:10,,no
BTN vs EP OPEN (TIGHT PLAYER),BTN,vs_open,EP,tight player,K9s,3bet,0,call,0,,0,100,Live Poker Preflop Guide (2026),2026-01-06,14:10,,no
BTN vs EP OPEN (TIGHT PLAYER),BTN,vs_open,EP,tight player,K8s,3bet,0,call,0,,0,100,Live Poker Preflop Guide (2026),2026-01-06,14:10,,no
BTN vs EP OPEN (TIGHT PLAYER),BTN,vs_open,EP,tight player,K7s,3bet,0,call,0,,0,100,Live Poker Preflop Guide (2026),2026-01-06,14:10,,no
BTN vs EP OPEN (TIGHT PLAYER),BTN,vs_open,EP,tight player,K6s,3bet,0,call,0,,0,100,Live Poker Preflop Guide (2026),2026-01-06,14:10,,no
BTN vs EP OPEN (TIGHT PLAYER),BTN,vs_open,EP,tight player,K5s,3bet,0,call,0,,0,100,Live Poker Preflop Guide (2026),2026-01-06,14:10,,no
BTN vs EP OPEN (TIGHT PLAYER),BTN,vs_open,EP,tight player,K4s,3bet,0,call,0,,0,100,Live Poker Preflop Guide (2026),2026-01-06,14:10,,no
BTN vs EP OPEN (TIGHT PLAYER),BTN,vs_open,EP,tight player,K3s,3bet,0,call,0,,0,100,Live Poker Preflop Guide (2026),2026-01-06,14:10,,no
BTN vs EP OPEN (TIGHT PLAYER),BTN,vs_open,EP,tight player,K2s,3bet,0,call,0,,0,100,Live Poker Preflop Guide (2026),2026-01-06,14:10,,no
BTN vs EP OPEN (TIGHT PLAYER),BTN,vs_open,EP,tight player,AQo,3bet,0,call,0,,0,100,Live Poker Preflop Guide (2026),2026-01-06,14:10,,no
BTN vs EP OPEN (TIGHT PLAYER),BTN,vs_open,EP,tight player,KQo,3bet,0,call,0,,0,100,Live Poker Preflop Guide (2026),2026-01-06,14:10,,no
BTN vs EP OPEN (TIGHT PLAYER),BTN,vs_open,EP,tight player,QQ,3bet,50,call,50,,0,0,Live Poker Preflop Guide (2026),2026-01-06,14:10,"SITUATIONAL (Mark): play this action when you have a bigger edge on the player, lower rake, or deeper stacks; leave it out with an aggressive 4-bettor behind.",yes
BTN vs EP OPEN (TIGHT PLAYER),BTN,vs_open,EP,tight player,QJs,3bet,0,call,100,,0,0,Live Poker Preflop Guide (2026),2026-01-06,14:10,,no
BTN vs EP OPEN (TIGHT PLAYER),BTN,vs_open,EP,tight player,QTs,3bet,0,call,0,,0,100,Live Poker Preflop Guide (2026),2026-01-06,14:10,,no
BTN vs EP OPEN (TIGHT PLAYER),BTN,vs_open,EP,tight player,Q9s,3bet,0,call,0,,0,100,Live Poker Preflop Guide (2026),2026-01-06,14:10,,no
BTN vs EP OPEN (TIGHT PLAYER),BTN,vs_open,EP,tight player,Q8s,3bet,0,call,0,,0,100,Live Poker Preflop Guide (2026),2026-01-06,14:10,,no
BTN vs EP OPEN (TIGHT PLAYER),BTN,vs_open,EP,tight player,Q7s,3bet,0,call,0,,0,100,Live Poker Preflop Guide (2026),2026-01-06,14:10,,no
BTN vs EP OPEN (TIGHT PLAYER),BTN,vs_open,EP,tight player,Q6s,3bet,0,call,0,,0,100,Live Poker Preflop Guide (2026),2026-01-06,14:10,,no
BTN vs EP OPEN (TIGHT PLAYER),BTN,vs_open,EP,tight player,Q5s,3bet,0,call,0,,0,100,Live Poker Preflop Guide (2026),2026-01-06,14:10,,no
BTN vs EP OPEN (TIGHT PLAYER),BTN,vs_open,EP,tight player,Q4s,3bet,0,call,0,,0,100,Live Poker Preflop Guide (2026),2026-01-06,14:10,,no
BTN vs EP OPEN (TIGHT PLAYER),BTN,vs_open,EP,tight player,Q3s,3bet,0,call,0,,0,100,Live Poker Preflop Guide (2026),2026-01-06,14:10,,no
BTN vs EP OPEN (TIGHT PLAYER),BTN,vs_open,EP,tight player,Q2s,3bet,0,call,0,,0,100,Live Poker Preflop Guide (2026),2026-01-06,14:10,,no
BTN vs EP OPEN (TIGHT PLAYER),BTN,vs_open,EP,tight player,AJo,3bet,0,call,0,,0,100,Live Poker Preflop Guide (2026),2026-01-06,14:10,,no
BTN vs EP OPEN (TIGHT PLAYER),BTN,vs_open,EP,tight player,KJo,3bet,0,call,0,,0,100,Live Poker Preflop Guide (2026),2026-01-06,14:10,,no
BTN vs EP OPEN (TIGHT PLAYER),BTN,vs_open,EP,tight player,QJo,3bet,0,call,0,,0,100,Live Poker Preflop Guide (2026),2026-01-06,14:10,,no
BTN vs EP OPEN (TIGHT PLAYER),BTN,vs_open,EP,tight player,JJ,3bet,50,call,50,,0,0,Live Poker Preflop Guide (2026),2026-01-06,14:10,"SITUATIONAL (Mark): play this action when you have a bigger edge on the player, lower rake, or deeper stacks; leave it out with an aggressive 4-bettor behind.",yes
BTN vs EP OPEN (TIGHT PLAYER),BTN,vs_open,EP,tight player,JTs,3bet,0,call,100,,0,0,Live Poker Preflop Guide (2026),2026-01-06,14:10,,no
BTN vs EP OPEN (TIGHT PLAYER),BTN,vs_open,EP,tight player,J9s,3bet,0,call,0,,0,100,Live Poker Preflop Guide (2026),2026-01-06,14:10,,no
BTN vs EP OPEN (TIGHT PLAYER),BTN,vs_open,EP,tight player,J8s,3bet,0,call,0,,0,100,Live Poker Preflop Guide (2026),2026-01-06,14:10,,no
BTN vs EP OPEN (TIGHT PLAYER),BTN,vs_open,EP,tight player,J7s,3bet,0,call,0,,0,100,Live Poker Preflop Guide (2026),2026-01-06,14:10,,no
BTN vs EP OPEN (TIGHT PLAYER),BTN,vs_open,EP,tight player,J6s,3bet,0,call,0,,0,100,Live Poker Preflop Guide (2026),2026-01-06,14:10,,no
BTN vs EP OPEN (TIGHT PLAYER),BTN,vs_open,EP,tight player,J5s,3bet,0,call,0,,0,100,Live Poker Preflop Guide (2026),2026-01-06,14:10,,no
BTN vs EP OPEN (TIGHT PLAYER),BTN,vs_open,EP,tight player,J4s,3bet,0,call,0,,0,100,Live Poker Preflop Guide (2026),2026-01-06,14:10,,no
BTN vs EP OPEN (TIGHT PLAYER),BTN,vs_open,EP,tight player,J3s,3bet,0,call,0,,0,100,Live Poker Preflop Guide (2026),2026-01-06,14:10,,no
BTN vs EP OPEN (TIGHT PLAYER),BTN,vs_open,EP,tight player,J2s,3bet,0,call,0,,0,100,Live Poker Preflop Guide (2026),2026-01-06,14:10,,no
BTN vs EP OPEN (TIGHT PLAYER),BTN,vs_open,EP,tight player,ATo,3bet,0,call,0,,0,100,Live Poker Preflop Guide (2026),2026-01-06,14:10,,no
BTN vs EP OPEN (TIGHT PLAYER),BTN,vs_open,EP,tight player,KTo,3bet,0,call,0,,0,100,Live Poker Preflop Guide (2026),2026-01-06,14:10,,no
BTN vs EP OPEN (TIGHT PLAYER),BTN,vs_open,EP,tight player,QTo,3bet,0,call,0,,0,100,Live Poker Preflop Guide (2026),2026-01-06,14:10,,no
BTN vs EP OPEN (TIGHT PLAYER),BTN,vs_open,EP,tight player,JTo,3bet,0,call,0,,0,100,Live Poker Preflop Guide (2026),2026-01-06,14:10,,no
BTN vs EP OPEN (TIGHT PLAYER),BTN,vs_open,EP,tight player,TT,3bet,50,call,50,,0,0,Live Poker Preflop Guide (2026),2026-01-06,14:10,"SITUATIONAL (Mark): play this action when you have a bigger edge on the player, lower rake, or deeper stacks; leave it out with an aggressive 4-bettor behind.",yes
BTN vs EP OPEN (TIGHT PLAYER),BTN,vs_open,EP,tight player,T9s,3bet,0,call,100,,0,0,Live Poker Preflop Guide (2026),2026-01-06,14:10,,no
BTN vs EP OPEN (TIGHT PLAYER),BTN,vs_open,EP,tight player,T8s,3bet,0,call,0,,0,100,Live Poker Preflop Guide (2026),2026-01-06,14:10,,no
BTN vs EP OPEN (TIGHT PLAYER),BTN,vs_open,EP,tight player,T7s,3bet,0,call,0,,0,100,Live Poker Preflop Guide (2026),2026-01-06,14:10,,no
BTN vs EP OPEN (TIGHT PLAYER),BTN,vs_open,EP,tight player,T6s,3bet,0,call,0,,0,100,Live Poker Preflop Guide (2026),2026-01-06,14:10,,no
BTN vs EP OPEN (TIGHT PLAYER),BTN,vs_open,EP,tight player,T5s,3bet,0,call,0,,0,100,Live Poker Preflop Guide (2026),2026-01-06,14:10,,no
BTN vs EP OPEN (TIGHT PLAYER),BTN,vs_open,EP,tight player,T4s,3bet,0,call,0,,0,100,Live Poker Preflop Guide (2026),2026-01-06,14:10,,no
BTN vs EP OPEN (TIGHT PLAYER),BTN,vs_open,EP,tight player,T3s,3bet,0,call,0,,0,100,Live Poker Preflop Guide (2026),2026-01-06,14:10,,no
BTN vs EP OPEN (TIGHT PLAYER),BTN,vs_open,EP,tight player,T2s,3bet,0,call,0,,0,100,Live Poker Preflop Guide (2026),2026-01-06,14:10,,no
BTN vs EP OPEN (TIGHT PLAYER),BTN,vs_open,EP,tight player,A9o,3bet,0,call,0,,0,100,Live Poker Preflop Guide (2026),2026-01-06,14:10,,no
BTN vs EP OPEN (TIGHT PLAYER),BTN,vs_open,EP,tight player,K9o,3bet,0,call,0,,0,100,Live Poker Preflop Guide (2026),2026-01-06,14:10,,no
BTN vs EP OPEN (TIGHT PLAYER),BTN,vs_open,EP,tight player,Q9o,3bet,0,call,0,,0,100,Live Poker Preflop Guide (2026),2026-01-06,14:10,,no
BTN vs EP OPEN (TIGHT PLAYER),BTN,vs_open,EP,tight player,J9o,3bet,0,call,0,,0,100,Live Poker Preflop Guide (2026),2026-01-06,14:10,,no
BTN vs EP OPEN (TIGHT PLAYER),BTN,vs_open,EP,tight player,T9o,3bet,0,call,0,,0,100,Live Poker Preflop Guide (2026),2026-01-06,14:10,,no
BTN vs EP OPEN (TIGHT PLAYER),BTN,vs_open,EP,tight player,99,3bet,0,call,100,,0,0,Live Poker Preflop Guide (2026),2026-01-06,14:10,,no
BTN vs EP OPEN (TIGHT PLAYER),BTN,vs_open,EP,tight player,98s,3bet,0,call,0,,0,100,Live Poker Preflop Guide (2026),2026-01-06,14:10,,no
BTN vs EP OPEN (TIGHT PLAYER),BTN,vs_open,EP,tight player,97s,3bet,0,call,0,,0,100,Live Poker Preflop Guide (2026),2026-01-06,14:10,,no
BTN vs EP OPEN (TIGHT PLAYER),BTN,vs_open,EP,tight player,96s,3bet,0,call,0,,0,100,Live Poker Preflop Guide (2026),2026-01-06,14:10,,no
BTN vs EP OPEN (TIGHT PLAYER),BTN,vs_open,EP,tight player,95s,3bet,0,call,0,,0,100,Live Poker Preflop Guide (2026),2026-01-06,14:10,,no
BTN vs EP OPEN (TIGHT PLAYER),BTN,vs_open,EP,tight player,94s,3bet,0,call,0,,0,100,Live Poker Preflop Guide (2026),2026-01-06,14:10,,no
BTN vs EP OPEN (TIGHT PLAYER),BTN,vs_open,EP,tight player,93s,3bet,0,call,0,,0,100,Live Poker Preflop Guide (2026),2026-01-06,14:10,,no
BTN vs EP OPEN (TIGHT PLAYER),BTN,vs_open,EP,tight player,92s,3bet,0,call,0,,0,100,Live Poker Preflop Guide (2026),2026-01-06,14:10,,no
BTN vs EP OPEN (TIGHT PLAYER),BTN,vs_open,EP,tight player,A8o,3bet,0,call,0,,0,100,Live Poker Preflop Guide (2026),2026-01-06,14:10,,no
BTN vs EP OPEN (TIGHT PLAYER),BTN,vs_open,EP,tight player,K8o,3bet,0,call,0,,0,100,Live Poker Preflop Guide (2026),2026-01-06,14:10,,no
BTN vs EP OPEN (TIGHT PLAYER),BTN,vs_open,EP,tight player,Q8o,3bet,0,call,0,,0,100,Live Poker Preflop Guide (2026),2026-01-06,14:10,,no
BTN vs EP OPEN (TIGHT PLAYER),BTN,vs_open,EP,tight player,J8o,3bet,0,call,0,,0,100,Live Poker Preflop Guide (2026),2026-01-06,14:10,,no
BTN vs EP OPEN (TIGHT PLAYER),BTN,vs_open,EP,tight player,T8o,3bet,0,call,0,,0,100,Live Poker Preflop Guide (2026),2026-01-06,14:10,,no
BTN vs EP OPEN (TIGHT PLAYER),BTN,vs_open,EP,tight player,98o,3bet,0,call,0,,0,100,Live Poker Preflop Guide (2026),2026-01-06,14:10,,no
BTN vs EP OPEN (TIGHT PLAYER),BTN,vs_open,EP,tight player,88,3bet,0,call,100,,0,0,Live Poker Preflop Guide (2026),2026-01-06,14:10,,no
BTN vs EP OPEN (TIGHT PLAYER),BTN,vs_open,EP,tight player,87s,3bet,0,call,0,,0,100,Live Poker Preflop Guide (2026),2026-01-06,14:10,,no
BTN vs EP OPEN (TIGHT PLAYER),BTN,vs_open,EP,tight player,86s,3bet,0,call,0,,0,100,Live Poker Preflop Guide (2026),2026-01-06,14:10,,no
BTN vs EP OPEN (TIGHT PLAYER),BTN,vs_open,EP,tight player,85s,3bet,0,call,0,,0,100,Live Poker Preflop Guide (2026),2026-01-06,14:10,,no
BTN vs EP OPEN (TIGHT PLAYER),BTN,vs_open,EP,tight player,84s,3bet,0,call,0,,0,100,Live Poker Preflop Guide (2026),2026-01-06,14:10,,no
BTN vs EP OPEN (TIGHT PLAYER),BTN,vs_open,EP,tight player,83s,3bet,0,call,0,,0,100,Live Poker Preflop Guide (2026),2026-01-06,14:10,,no
BTN vs EP OPEN (TIGHT PLAYER),BTN,vs_open,EP,tight player,82s,3bet,0,call,0,,0,100,Live Poker Preflop Guide (2026),2026-01-06,14:10,,no
BTN vs EP OPEN (TIGHT PLAYER),BTN,vs_open,EP,tight player,A7o,3bet,0,call,0,,0,100,Live Poker Preflop Guide (2026),2026-01-06,14:10,,no
BTN vs EP OPEN (TIGHT PLAYER),BTN,vs_open,EP,tight player,K7o,3bet,0,call,0,,0,100,Live Poker Preflop Guide (2026),2026-01-06,14:10,,no
BTN vs EP OPEN (TIGHT PLAYER),BTN,vs_open,EP,tight player,Q7o,3bet,0,call,0,,0,100,Live Poker Preflop Guide (2026),2026-01-06,14:10,,no
BTN vs EP OPEN (TIGHT PLAYER),BTN,vs_open,EP,tight player,J7o,3bet,0,call,0,,0,100,Live Poker Preflop Guide (2026),2026-01-06,14:10,,no
BTN vs EP OPEN (TIGHT PLAYER),BTN,vs_open,EP,tight player,T7o,3bet,0,call,0,,0,100,Live Poker Preflop Guide (2026),2026-01-06,14:10,,no
BTN vs EP OPEN (TIGHT PLAYER),BTN,vs_open,EP,tight player,97o,3bet,0,call,0,,0,100,Live Poker Preflop Guide (2026),2026-01-06,14:10,,no
BTN vs EP OPEN (TIGHT PLAYER),BTN,vs_open,EP,tight player,87o,3bet,0,call,0,,0,100,Live Poker Preflop Guide (2026),2026-01-06,14:10,,no
BTN vs EP OPEN (TIGHT PLAYER),BTN,vs_open,EP,tight player,77,3bet,0,call,100,,0,0,Live Poker Preflop Guide (2026),2026-01-06,14:10,,no
BTN vs EP OPEN (TIGHT PLAYER),BTN,vs_open,EP,tight player,76s,3bet,0,call,0,,0,100,Live Poker Preflop Guide (2026),2026-01-06,14:10,,no
BTN vs EP OPEN (TIGHT PLAYER),BTN,vs_open,EP,tight player,75s,3bet,0,call,0,,0,100,Live Poker Preflop Guide (2026),2026-01-06,14:10,,no
BTN vs EP OPEN (TIGHT PLAYER),BTN,vs_open,EP,tight player,74s,3bet,0,call,0,,0,100,Live Poker Preflop Guide (2026),2026-01-06,14:10,,no
BTN vs EP OPEN (TIGHT PLAYER),BTN,vs_open,EP,tight player,73s,3bet,0,call,0,,0,100,Live Poker Preflop Guide (2026),2026-01-06,14:10,,no
BTN vs EP OPEN (TIGHT PLAYER),BTN,vs_open,EP,tight player,72s,3bet,0,call,0,,0,100,Live Poker Preflop Guide (2026),2026-01-06,14:10,,no
BTN vs EP OPEN (TIGHT PLAYER),BTN,vs_open,EP,tight player,A6o,3bet,0,call,0,,0,100,Live Poker Preflop Guide (2026),2026-01-06,14:10,,no
BTN vs EP OPEN (TIGHT PLAYER),BTN,vs_open,EP,tight player,K6o,3bet,0,call,0,,0,100,Live Poker Preflop Guide (2026),2026-01-06,14:10,,no
BTN vs EP OPEN (TIGHT PLAYER),BTN,vs_open,EP,tight player,Q6o,3bet,0,call,0,,0,100,Live Poker Preflop Guide (2026),2026-01-06,14:10,,no
BTN vs EP OPEN (TIGHT PLAYER),BTN,vs_open,EP,tight player,J6o,3bet,0,call,0,,0,100,Live Poker Preflop Guide (2026),2026-01-06,14:10,,no
BTN vs EP OPEN (TIGHT PLAYER),BTN,vs_open,EP,tight player,T6o,3bet,0,call,0,,0,100,Live Poker Preflop Guide (2026),2026-01-06,14:10,,no
BTN vs EP OPEN (TIGHT PLAYER),BTN,vs_open,EP,tight player,96o,3bet,0,call,0,,0,100,Live Poker Preflop Guide (2026),2026-01-06,14:10,,no
BTN vs EP OPEN (TIGHT PLAYER),BTN,vs_open,EP,tight player,86o,3bet,0,call,0,,0,100,Live Poker Preflop Guide (2026),2026-01-06,14:10,,no
BTN vs EP OPEN (TIGHT PLAYER),BTN,vs_open,EP,tight player,76o,3bet,0,call,0,,0,100,Live Poker Preflop Guide (2026),2026-01-06,14:10,,no
BTN vs EP OPEN (TIGHT PLAYER),BTN,vs_open,EP,tight player,66,3bet,0,call,100,,0,0,Live Poker Preflop Guide (2026),2026-01-06,14:10,,no
BTN vs EP OPEN (TIGHT PLAYER),BTN,vs_open,EP,tight player,65s,3bet,0,call,100,,0,0,Live Poker Preflop Guide (2026),2026-01-06,14:10,,no
BTN vs EP OPEN (TIGHT PLAYER),BTN,vs_open,EP,tight player,64s,3bet,0,call,0,,0,100,Live Poker Preflop Guide (2026),2026-01-06,14:10,,no
BTN vs EP OPEN (TIGHT PLAYER),BTN,vs_open,EP,tight player,63s,3bet,0,call,0,,0,100,Live Poker Preflop Guide (2026),2026-01-06,14:10,,no
BTN vs EP OPEN (TIGHT PLAYER),BTN,vs_open,EP,tight player,62s,3bet,0,call,0,,0,100,Live Poker Preflop Guide (2026),2026-01-06,14:10,,no
BTN vs EP OPEN (TIGHT PLAYER),BTN,vs_open,EP,tight player,A5o,3bet,0,call,0,,0,100,Live Poker Preflop Guide (2026),2026-01-06,14:10,,no
BTN vs EP OPEN (TIGHT PLAYER),BTN,vs_open,EP,tight player,K5o,3bet,0,call,0,,0,100,Live Poker Preflop Guide (2026),2026-01-06,14:10,,no
BTN vs EP OPEN (TIGHT PLAYER),BTN,vs_open,EP,tight player,Q5o,3bet,0,call,0,,0,100,Live Poker Preflop Guide (2026),2026-01-06,14:10,,no
BTN vs EP OPEN (TIGHT PLAYER),BTN,vs_open,EP,tight player,J5o,3bet,0,call,0,,0,100,Live Poker Preflop Guide (2026),2026-01-06,14:10,,no
BTN vs EP OPEN (TIGHT PLAYER),BTN,vs_open,EP,tight player,T5o,3bet,0,call,0,,0,100,Live Poker Preflop Guide (2026),2026-01-06,14:10,,no
BTN vs EP OPEN (TIGHT PLAYER),BTN,vs_open,EP,tight player,95o,3bet,0,call,0,,0,100,Live Poker Preflop Guide (2026),2026-01-06,14:10,,no
BTN vs EP OPEN (TIGHT PLAYER),BTN,vs_open,EP,tight player,85o,3bet,0,call,0,,0,100,Live Poker Preflop Guide (2026),2026-01-06,14:10,,no
BTN vs EP OPEN (TIGHT PLAYER),BTN,vs_open,EP,tight player,75o,3bet,0,call,0,,0,100,Live Poker Preflop Guide (2026),2026-01-06,14:10,,no
BTN vs EP OPEN (TIGHT PLAYER),BTN,vs_open,EP,tight player,65o,3bet,0,call,0,,0,100,Live Poker Preflop Guide (2026),2026-01-06,14:10,,no
BTN vs EP OPEN (TIGHT PLAYER),BTN,vs_open,EP,tight player,55,3bet,0,call,100,,0,0,Live Poker Preflop Guide (2026),2026-01-06,14:10,,no
BTN vs EP OPEN (TIGHT PLAYER),BTN,vs_open,EP,tight player,54s,3bet,0,call,100,,0,0,Live Poker Preflop Guide (2026),2026-01-06,14:10,,no
BTN vs EP OPEN (TIGHT PLAYER),BTN,vs_open,EP,tight player,53s,3bet,0,call,0,,0,100,Live Poker Preflop Guide (2026),2026-01-06,14:10,,no
BTN vs EP OPEN (TIGHT PLAYER),BTN,vs_open,EP,tight player,52s,3bet,0,call,0,,0,100,Live Poker Preflop Guide (2026),2026-01-06,14:10,,no
BTN vs EP OPEN (TIGHT PLAYER),BTN,vs_open,EP,tight player,A4o,3bet,0,call,0,,0,100,Live Poker Preflop Guide (2026),2026-01-06,14:10,,no
BTN vs EP OPEN (TIGHT PLAYER),BTN,vs_open,EP,tight player,K4o,3bet,0,call,0,,0,100,Live Poker Preflop Guide (2026),2026-01-06,14:10,,no
BTN vs EP OPEN (TIGHT PLAYER),BTN,vs_open,EP,tight player,Q4o,3bet,0,call,0,,0,100,Live Poker Preflop Guide (2026),2026-01-06,14:10,,no
BTN vs EP OPEN (TIGHT PLAYER),BTN,vs_open,EP,tight player,J4o,3bet,0,call,0,,0,100,Live Poker Preflop Guide (2026),2026-01-06,14:10,,no
BTN vs EP OPEN (TIGHT PLAYER),BTN,vs_open,EP,tight player,T4o,3bet,0,call,0,,0,100,Live Poker Preflop Guide (2026),2026-01-06,14:10,,no
BTN vs EP OPEN (TIGHT PLAYER),BTN,vs_open,EP,tight player,94o,3bet,0,call,0,,0,100,Live Poker Preflop Guide (2026),2026-01-06,14:10,,no
BTN vs EP OPEN (TIGHT PLAYER),BTN,vs_open,EP,tight player,84o,3bet,0,call,0,,0,100,Live Poker Preflop Guide (2026),2026-01-06,14:10,,no
BTN vs EP OPEN (TIGHT PLAYER),BTN,vs_open,EP,tight player,74o,3bet,0,call,0,,0,100,Live Poker Preflop Guide (2026),2026-01-06,14:10,,no
BTN vs EP OPEN (TIGHT PLAYER),BTN,vs_open,EP,tight player,64o,3bet,0,call,0,,0,100,Live Poker Preflop Guide (2026),2026-01-06,14:10,,no
BTN vs EP OPEN (TIGHT PLAYER),BTN,vs_open,EP,tight player,54o,3bet,0,call,0,,0,100,Live Poker Preflop Guide (2026),2026-01-06,14:10,,no
BTN vs EP OPEN (TIGHT PLAYER),BTN,vs_open,EP,tight player,44,3bet,0,call,100,,0,0,Live Poker Preflop Guide (2026),2026-01-06,14:10,,no
BTN vs EP OPEN (TIGHT PLAYER),BTN,vs_open,EP,tight player,43s,3bet,0,call,0,,0,100,Live Poker Preflop Guide (2026),2026-01-06,14:10,,no
BTN vs EP OPEN (TIGHT PLAYER),BTN,vs_open,EP,tight player,42s,3bet,0,call,0,,0,100,Live Poker Preflop Guide (2026),2026-01-06,14:10,,no
BTN vs EP OPEN (TIGHT PLAYER),BTN,vs_open,EP,tight player,A3o,3bet,0,call,0,,0,100,Live Poker Preflop Guide (2026),2026-01-06,14:10,,no
BTN vs EP OPEN (TIGHT PLAYER),BTN,vs_open,EP,tight player,K3o,3bet,0,call,0,,0,100,Live Poker Preflop Guide (2026),2026-01-06,14:10,,no
BTN vs EP OPEN (TIGHT PLAYER),BTN,vs_open,EP,tight player,Q3o,3bet,0,call,0,,0,100,Live Poker Preflop Guide (2026),2026-01-06,14:10,,no
BTN vs EP OPEN (TIGHT PLAYER),BTN,vs_open,EP,tight player,J3o,3bet,0,call,0,,0,100,Live Poker Preflop Guide (2026),2026-01-06,14:10,,no
BTN vs EP OPEN (TIGHT PLAYER),BTN,vs_open,EP,tight player,T3o,3bet,0,call,0,,0,100,Live Poker Preflop Guide (2026),2026-01-06,14:10,,no
BTN vs EP OPEN (TIGHT PLAYER),BTN,vs_open,EP,tight player,93o,3bet,0,call,0,,0,100,Live Poker Preflop Guide (2026),2026-01-06,14:10,,no
BTN vs EP OPEN (TIGHT PLAYER),BTN,vs_open,EP,tight player,83o,3bet,0,call,0,,0,100,Live Poker Preflop Guide (2026),2026-01-06,14:10,,no
BTN vs EP OPEN (TIGHT PLAYER),BTN,vs_open,EP,tight player,73o,3bet,0,call,0,,0,100,Live Poker Preflop Guide (2026),2026-01-06,14:10,,no
BTN vs EP OPEN (TIGHT PLAYER),BTN,vs_open,EP,tight player,63o,3bet,0,call,0,,0,100,Live Poker Preflop Guide (2026),2026-01-06,14:10,,no
BTN vs EP OPEN (TIGHT PLAYER),BTN,vs_open,EP,tight player,53o,3bet,0,call,0,,0,100,Live Poker Preflop Guide (2026),2026-01-06,14:10,,no
BTN vs EP OPEN (TIGHT PLAYER),BTN,vs_open,EP,tight player,43o,3bet,0,call,0,,0,100,Live Poker Preflop Guide (2026),2026-01-06,14:10,,no
BTN vs EP OPEN (TIGHT PLAYER),BTN,vs_open,EP,tight player,33,3bet,0,call,100,,0,0,Live Poker Preflop Guide (2026),2026-01-06,14:10,,no
BTN vs EP OPEN (TIGHT PLAYER),BTN,vs_open,EP,tight player,32s,3bet,0,call,0,,0,100,Live Poker Preflop Guide (2026),2026-01-06,14:10,,no
BTN vs EP OPEN (TIGHT PLAYER),BTN,vs_open,EP,tight player,A2o,3bet,0,call,0,,0,100,Live Poker Preflop Guide (2026),2026-01-06,14:10,,no
BTN vs EP OPEN (TIGHT PLAYER),BTN,vs_open,EP,tight player,K2o,3bet,0,call,0,,0,100,Live Poker Preflop Guide (2026),2026-01-06,14:10,,no
BTN vs EP OPEN (TIGHT PLAYER),BTN,vs_open,EP,tight player,Q2o,3bet,0,call,0,,0,100,Live Poker Preflop Guide (2026),2026-01-06,14:10,,no
BTN vs EP OPEN (TIGHT PLAYER),BTN,vs_open,EP,tight player,J2o,3bet,0,call,0,,0,100,Live Poker Preflop Guide (2026),2026-01-06,14:10,,no
BTN vs EP OPEN (TIGHT PLAYER),BTN,vs_open,EP,tight player,T2o,3bet,0,call,0,,0,100,Live Poker Preflop Guide (2026),2026-01-06,14:10,,no
BTN vs EP OPEN (TIGHT PLAYER),BTN,vs_open,EP,tight player,92o,3bet,0,call,0,,0,100,Live Poker Preflop Guide (2026),2026-01-06,14:10,,no
BTN vs EP OPEN (TIGHT PLAYER),BTN,vs_open,EP,tight player,82o,3bet,0,call,0,,0,100,Live Poker Preflop Guide (2026),2026-01-06,14:10,,no
BTN vs EP OPEN (TIGHT PLAYER),BTN,vs_open,EP,tight player,72o,3bet,0,call,0,,0,100,Live Poker Preflop Guide (2026),2026-01-06,14:10,,no
BTN vs EP OPEN (TIGHT PLAYER),BTN,vs_open,EP,tight player,62o,3bet,0,call,0,,0,100,Live Poker Preflop Guide (2026),2026-01-06,14:10,,no
BTN vs EP OPEN (TIGHT PLAYER),BTN,vs_open,EP,tight player,52o,3bet,0,call,0,,0,100,Live Poker Preflop Guide (2026),2026-01-06,14:10,,no
BTN vs EP OPEN (TIGHT PLAYER),BTN,vs_open,EP,tight player,42o,3bet,0,call,0,,0,100,Live Poker Preflop Guide (2026),2026-01-06,14:10,,no
BTN vs EP OPEN (TIGHT PLAYER),BTN,vs_open,EP,tight player,32o,3bet,0,call,0,,0,100,Live Poker Preflop Guide (2026),2026-01-06,14:10,,no
BTN vs EP OPEN (TIGHT PLAYER),BTN,vs_open,EP,tight player,22,3bet,0,call,100,,0,0,Live Poker Preflop Guide (2026),2026-01-06,14:10,,no
BTN vs EP OPEN (LOOSE PLAYER),BTN,vs_open,EP,loose player,AA,3bet,100,call,0,,0,0,Live Poker Preflop Guide (2026),2026-01-06,14:38,,no
BTN vs EP OPEN (LOOSE PLAYER),BTN,vs_open,EP,loose player,AKs,3bet,100,call,0,,0,0,Live Poker Preflop Guide (2026),2026-01-06,14:38,,no
BTN vs EP OPEN (LOOSE PLAYER),BTN,vs_open,EP,loose player,AQs,3bet,100,call,0,,0,0,Live Poker Preflop Guide (2026),2026-01-06,14:38,,no
BTN vs EP OPEN (LOOSE PLAYER),BTN,vs_open,EP,loose player,AJs,3bet,100,call,0,,0,0,Live Poker Preflop Guide (2026),2026-01-06,14:38,,no
BTN vs EP OPEN (LOOSE PLAYER),BTN,vs_open,EP,loose player,ATs,3bet,100,call,0,,0,0,Live Poker Preflop Guide (2026),2026-01-06,14:38,,no
BTN vs EP OPEN (LOOSE PLAYER),BTN,vs_open,EP,loose player,A9s,3bet,100,call,0,,0,0,Live Poker Preflop Guide (2026),2026-01-06,14:38,,no
BTN vs EP OPEN (LOOSE PLAYER),BTN,vs_open,EP,loose player,A8s,3bet,100,call,0,,0,0,Live Poker Preflop Guide (2026),2026-01-06,14:38,,no
BTN vs EP OPEN (LOOSE PLAYER),BTN,vs_open,EP,loose player,A7s,3bet,100,call,0,,0,0,Live Poker Preflop Guide (2026),2026-01-06,14:38,,no
BTN vs EP OPEN (LOOSE PLAYER),BTN,vs_open,EP,loose player,A6s,3bet,100,call,0,,0,0,Live Poker Preflop Guide (2026),2026-01-06,14:38,,no
BTN vs EP OPEN (LOOSE PLAYER),BTN,vs_open,EP,loose player,A5s,3bet,100,call,0,,0,0,Live Poker Preflop Guide (2026),2026-01-06,14:38,,no
BTN vs EP OPEN (LOOSE PLAYER),BTN,vs_open,EP,loose player,A4s,3bet,50,call,50,,0,0,Live Poker Preflop Guide (2026),2026-01-06,14:38,"SITUATIONAL (Mark): play this action when you have a bigger edge on the player, lower rake, or deeper stacks; leave it out with an aggressive 4-bettor behind.",yes
BTN vs EP OPEN (LOOSE PLAYER),BTN,vs_open,EP,loose player,A3s,3bet,50,call,50,,0,0,Live Poker Preflop Guide (2026),2026-01-06,14:38,"SITUATIONAL (Mark): play this action when you have a bigger edge on the player, lower rake, or deeper stacks; leave it out with an aggressive 4-bettor behind.",yes
BTN vs EP OPEN (LOOSE PLAYER),BTN,vs_open,EP,loose player,A2s,3bet,50,call,50,,0,0,Live Poker Preflop Guide (2026),2026-01-06,14:38,"SITUATIONAL (Mark): play this action when you have a bigger edge on the player, lower rake, or deeper stacks; leave it out with an aggressive 4-bettor behind.",yes
BTN vs EP OPEN (LOOSE PLAYER),BTN,vs_open,EP,loose player,AKo,3bet,100,call,0,,0,0,Live Poker Preflop Guide (2026),2026-01-06,14:38,,no
BTN vs EP OPEN (LOOSE PLAYER),BTN,vs_open,EP,loose player,KK,3bet,100,call,0,,0,0,Live Poker Preflop Guide (2026),2026-01-06,14:38,,no
BTN vs EP OPEN (LOOSE PLAYER),BTN,vs_open,EP,loose player,KQs,3bet,100,call,0,,0,0,Live Poker Preflop Guide (2026),2026-01-06,14:38,,no
BTN vs EP OPEN (LOOSE PLAYER),BTN,vs_open,EP,loose player,KJs,3bet,100,call,0,,0,0,Live Poker Preflop Guide (2026),2026-01-06,14:38,,no
BTN vs EP OPEN (LOOSE PLAYER),BTN,vs_open,EP,loose player,KTs,3bet,100,call,0,,0,0,Live Poker Preflop Guide (2026),2026-01-06,14:38,,no
BTN vs EP OPEN (LOOSE PLAYER),BTN,vs_open,EP,loose player,K9s,3bet,100,call,0,,0,0,Live Poker Preflop Guide (2026),2026-01-06,14:38,,no
BTN vs EP OPEN (LOOSE PLAYER),BTN,vs_open,EP,loose player,K8s,3bet,50,call,50,,0,0,Live Poker Preflop Guide (2026),2026-01-06,14:38,"SITUATIONAL (Mark): play this action when you have a bigger edge on the player, lower rake, or deeper stacks; leave it out with an aggressive 4-bettor behind.",yes
BTN vs EP OPEN (LOOSE PLAYER),BTN,vs_open,EP,loose player,K7s,3bet,0,call,0,,0,100,Live Poker Preflop Guide (2026),2026-01-06,14:38,,no
BTN vs EP OPEN (LOOSE PLAYER),BTN,vs_open,EP,loose player,K6s,3bet,50,call,50,,0,0,Live Poker Preflop Guide (2026),2026-01-06,14:38,"SITUATIONAL (Mark): play this action when you have a bigger edge on the player, lower rake, or deeper stacks; leave it out with an aggressive 4-bettor behind.",yes
BTN vs EP OPEN (LOOSE PLAYER),BTN,vs_open,EP,loose player,K5s,3bet,0,call,0,,0,100,Live Poker Preflop Guide (2026),2026-01-06,14:38,,no
BTN vs EP OPEN (LOOSE PLAYER),BTN,vs_open,EP,loose player,K4s,3bet,0,call,0,,0,100,Live Poker Preflop Guide (2026),2026-01-06,14:38,,no
BTN vs EP OPEN (LOOSE PLAYER),BTN,vs_open,EP,loose player,K3s,3bet,0,call,0,,0,100,Live Poker Preflop Guide (2026),2026-01-06,14:38,,no
BTN vs EP OPEN (LOOSE PLAYER),BTN,vs_open,EP,loose player,K2s,3bet,0,call,0,,0,100,Live Poker Preflop Guide (2026),2026-01-06,14:38,,no
BTN vs EP OPEN (LOOSE PLAYER),BTN,vs_open,EP,loose player,AQo,3bet,100,call,0,,0,0,Live Poker Preflop Guide (2026),2026-01-06,14:38,,no
BTN vs EP OPEN (LOOSE PLAYER),BTN,vs_open,EP,loose player,KQo,3bet,100,call,0,,0,0,Live Poker Preflop Guide (2026),2026-01-06,14:38,,no
BTN vs EP OPEN (LOOSE PLAYER),BTN,vs_open,EP,loose player,QQ,3bet,100,call,0,,0,0,Live Poker Preflop Guide (2026),2026-01-06,14:38,,no
BTN vs EP OPEN (LOOSE PLAYER),BTN,vs_open,EP,loose player,QJs,3bet,100,call,0,,0,0,Live Poker Preflop Guide (2026),2026-01-06,14:38,,no
BTN vs EP OPEN (LOOSE PLAYER),BTN,vs_open,EP,loose player,QTs,3bet,100,call,0,,0,0,Live Poker Preflop Guide (2026),2026-01-06,14:38,,no
BTN vs EP OPEN (LOOSE PLAYER),BTN,vs_open,EP,loose player,Q9s,3bet,50,call,50,,0,0,Live Poker Preflop Guide (2026),2026-01-06,14:38,"SITUATIONAL (Mark): play this action when you have a bigger edge on the player, lower rake, or deeper stacks; leave it out with an aggressive 4-bettor behind.",yes
BTN vs EP OPEN (LOOSE PLAYER),BTN,vs_open,EP,loose player,Q8s,3bet,0,call,0,,0,100,Live Poker Preflop Guide (2026),2026-01-06,14:38,,no
BTN vs EP OPEN (LOOSE PLAYER),BTN,vs_open,EP,loose player,Q7s,3bet,0,call,0,,0,100,Live Poker Preflop Guide (2026),2026-01-06,14:38,,no
BTN vs EP OPEN (LOOSE PLAYER),BTN,vs_open,EP,loose player,Q6s,3bet,0,call,0,,0,100,Live Poker Preflop Guide (2026),2026-01-06,14:38,,no
BTN vs EP OPEN (LOOSE PLAYER),BTN,vs_open,EP,loose player,Q5s,3bet,0,call,0,,0,100,Live Poker Preflop Guide (2026),2026-01-06,14:38,,no
BTN vs EP OPEN (LOOSE PLAYER),BTN,vs_open,EP,loose player,Q4s,3bet,0,call,0,,0,100,Live Poker Preflop Guide (2026),2026-01-06,14:38,,no
BTN vs EP OPEN (LOOSE PLAYER),BTN,vs_open,EP,loose player,Q3s,3bet,0,call,0,,0,100,Live Poker Preflop Guide (2026),2026-01-06,14:38,,no
BTN vs EP OPEN (LOOSE PLAYER),BTN,vs_open,EP,loose player,Q2s,3bet,0,call,0,,0,100,Live Poker Preflop Guide (2026),2026-01-06,14:38,,no
BTN vs EP OPEN (LOOSE PLAYER),BTN,vs_open,EP,loose player,AJo,3bet,100,call,0,,0,0,Live Poker Preflop Guide (2026),2026-01-06,14:38,,no
BTN vs EP OPEN (LOOSE PLAYER),BTN,vs_open,EP,loose player,KJo,3bet,50,call,50,,0,0,Live Poker Preflop Guide (2026),2026-01-06,14:38,"SITUATIONAL (Mark): play this action when you have a bigger edge on the player, lower rake, or deeper stacks; leave it out with an aggressive 4-bettor behind.",yes
BTN vs EP OPEN (LOOSE PLAYER),BTN,vs_open,EP,loose player,QJo,3bet,0,call,0,,0,100,Live Poker Preflop Guide (2026),2026-01-06,14:38,,no
BTN vs EP OPEN (LOOSE PLAYER),BTN,vs_open,EP,loose player,JJ,3bet,100,call,0,,0,0,Live Poker Preflop Guide (2026),2026-01-06,14:38,,no
BTN vs EP OPEN (LOOSE PLAYER),BTN,vs_open,EP,loose player,JTs,3bet,100,call,0,,0,0,Live Poker Preflop Guide (2026),2026-01-06,14:38,,no
BTN vs EP OPEN (LOOSE PLAYER),BTN,vs_open,EP,loose player,J9s,3bet,100,call,0,,0,0,Live Poker Preflop Guide (2026),2026-01-06,14:38,,no
BTN vs EP OPEN (LOOSE PLAYER),BTN,vs_open,EP,loose player,J8s,3bet,50,call,50,,0,0,Live Poker Preflop Guide (2026),2026-01-06,14:38,"SITUATIONAL (Mark): play this action when you have a bigger edge on the player, lower rake, or deeper stacks; leave it out with an aggressive 4-bettor behind.",yes
BTN vs EP OPEN (LOOSE PLAYER),BTN,vs_open,EP,loose player,J7s,3bet,0,call,0,,0,100,Live Poker Preflop Guide (2026),2026-01-06,14:38,,no
BTN vs EP OPEN (LOOSE PLAYER),BTN,vs_open,EP,loose player,J6s,3bet,0,call,0,,0,100,Live Poker Preflop Guide (2026),2026-01-06,14:38,,no
BTN vs EP OPEN (LOOSE PLAYER),BTN,vs_open,EP,loose player,J5s,3bet,0,call,0,,0,100,Live Poker Preflop Guide (2026),2026-01-06,14:38,,no
BTN vs EP OPEN (LOOSE PLAYER),BTN,vs_open,EP,loose player,J4s,3bet,0,call,0,,0,100,Live Poker Preflop Guide (2026),2026-01-06,14:38,,no
BTN vs EP OPEN (LOOSE PLAYER),BTN,vs_open,EP,loose player,J3s,3bet,0,call,0,,0,100,Live Poker Preflop Guide (2026),2026-01-06,14:38,,no
BTN vs EP OPEN (LOOSE PLAYER),BTN,vs_open,EP,loose player,J2s,3bet,0,call,0,,0,100,Live Poker Preflop Guide (2026),2026-01-06,14:38,,no
BTN vs EP OPEN (LOOSE PLAYER),BTN,vs_open,EP,loose player,ATo,3bet,100,call,0,,0,0,Live Poker Preflop Guide (2026),2026-01-06,14:38,,no
BTN vs EP OPEN (LOOSE PLAYER),BTN,vs_open,EP,loose player,KTo,3bet,50,call,50,,0,0,Live Poker Preflop Guide (2026),2026-01-06,14:38,"SITUATIONAL (Mark): play this action when you have a bigger edge on the player, lower rake, or deeper stacks; leave it out with an aggressive 4-bettor behind.",yes
BTN vs EP OPEN (LOOSE PLAYER),BTN,vs_open,EP,loose player,QTo,3bet,0,call,0,,0,100,Live Poker Preflop Guide (2026),2026-01-06,14:38,,no
BTN vs EP OPEN (LOOSE PLAYER),BTN,vs_open,EP,loose player,JTo,3bet,0,call,0,,0,100,Live Poker Preflop Guide (2026),2026-01-06,14:38,,no
BTN vs EP OPEN (LOOSE PLAYER),BTN,vs_open,EP,loose player,TT,3bet,100,call,0,,0,0,Live Poker Preflop Guide (2026),2026-01-06,14:38,,no
BTN vs EP OPEN (LOOSE PLAYER),BTN,vs_open,EP,loose player,T9s,3bet,100,call,0,,0,0,Live Poker Preflop Guide (2026),2026-01-06,14:38,,no
BTN vs EP OPEN (LOOSE PLAYER),BTN,vs_open,EP,loose player,T8s,3bet,50,call,50,,0,0,Live Poker Preflop Guide (2026),2026-01-06,14:38,"SITUATIONAL (Mark): play this action when you have a bigger edge on the player, lower rake, or deeper stacks; leave it out with an aggressive 4-bettor behind.",yes
BTN vs EP OPEN (LOOSE PLAYER),BTN,vs_open,EP,loose player,T7s,3bet,0,call,0,,0,100,Live Poker Preflop Guide (2026),2026-01-06,14:38,,no
BTN vs EP OPEN (LOOSE PLAYER),BTN,vs_open,EP,loose player,T6s,3bet,0,call,0,,0,100,Live Poker Preflop Guide (2026),2026-01-06,14:38,,no
BTN vs EP OPEN (LOOSE PLAYER),BTN,vs_open,EP,loose player,T5s,3bet,0,call,0,,0,100,Live Poker Preflop Guide (2026),2026-01-06,14:38,,no
BTN vs EP OPEN (LOOSE PLAYER),BTN,vs_open,EP,loose player,T4s,3bet,0,call,0,,0,100,Live Poker Preflop Guide (2026),2026-01-06,14:38,,no
BTN vs EP OPEN (LOOSE PLAYER),BTN,vs_open,EP,loose player,T3s,3bet,0,call,0,,0,100,Live Poker Preflop Guide (2026),2026-01-06,14:38,,no
BTN vs EP OPEN (LOOSE PLAYER),BTN,vs_open,EP,loose player,T2s,3bet,0,call,0,,0,100,Live Poker Preflop Guide (2026),2026-01-06,14:38,,no
BTN vs EP OPEN (LOOSE PLAYER),BTN,vs_open,EP,loose player,A9o,3bet,0,call,0,,0,100,Live Poker Preflop Guide (2026),2026-01-06,14:38,,no
BTN vs EP OPEN (LOOSE PLAYER),BTN,vs_open,EP,loose player,K9o,3bet,0,call,0,,0,100,Live Poker Preflop Guide (2026),2026-01-06,14:38,,no
BTN vs EP OPEN (LOOSE PLAYER),BTN,vs_open,EP,loose player,Q9o,3bet,0,call,0,,0,100,Live Poker Preflop Guide (2026),2026-01-06,14:38,,no
BTN vs EP OPEN (LOOSE PLAYER),BTN,vs_open,EP,loose player,J9o,3bet,0,call,0,,0,100,Live Poker Preflop Guide (2026),2026-01-06,14:38,,no
BTN vs EP OPEN (LOOSE PLAYER),BTN,vs_open,EP,loose player,T9o,3bet,0,call,0,,0,100,Live Poker Preflop Guide (2026),2026-01-06,14:38,,no
BTN vs EP OPEN (LOOSE PLAYER),BTN,vs_open,EP,loose player,99,3bet,100,call,0,,0,0,Live Poker Preflop Guide (2026),2026-01-06,14:38,,no
BTN vs EP OPEN (LOOSE PLAYER),BTN,vs_open,EP,loose player,98s,3bet,50,call,50,,0,0,Live Poker Preflop Guide (2026),2026-01-06,14:38,"SITUATIONAL (Mark): play this action when you have a bigger edge on the player, lower rake, or deeper stacks; leave it out with an aggressive 4-bettor behind.",yes
BTN vs EP OPEN (LOOSE PLAYER),BTN,vs_open,EP,loose player,97s,3bet,0,call,0,,0,100,Live Poker Preflop Guide (2026),2026-01-06,14:38,,no
BTN vs EP OPEN (LOOSE PLAYER),BTN,vs_open,EP,loose player,96s,3bet,0,call,0,,0,100,Live Poker Preflop Guide (2026),2026-01-06,14:38,,no
BTN vs EP OPEN (LOOSE PLAYER),BTN,vs_open,EP,loose player,95s,3bet,0,call,0,,0,100,Live Poker Preflop Guide (2026),2026-01-06,14:38,,no
BTN vs EP OPEN (LOOSE PLAYER),BTN,vs_open,EP,loose player,94s,3bet,0,call,0,,0,100,Live Poker Preflop Guide (2026),2026-01-06,14:38,,no
BTN vs EP OPEN (LOOSE PLAYER),BTN,vs_open,EP,loose player,93s,3bet,0,call,0,,0,100,Live Poker Preflop Guide (2026),2026-01-06,14:38,,no
BTN vs EP OPEN (LOOSE PLAYER),BTN,vs_open,EP,loose player,92s,3bet,0,call,0,,0,100,Live Poker Preflop Guide (2026),2026-01-06,14:38,,no
BTN vs EP OPEN (LOOSE PLAYER),BTN,vs_open,EP,loose player,A8o,3bet,0,call,0,,0,100,Live Poker Preflop Guide (2026),2026-01-06,14:38,,no
BTN vs EP OPEN (LOOSE PLAYER),BTN,vs_open,EP,loose player,K8o,3bet,0,call,0,,0,100,Live Poker Preflop Guide (2026),2026-01-06,14:38,,no
BTN vs EP OPEN (LOOSE PLAYER),BTN,vs_open,EP,loose player,Q8o,3bet,0,call,0,,0,100,Live Poker Preflop Guide (2026),2026-01-06,14:38,,no
BTN vs EP OPEN (LOOSE PLAYER),BTN,vs_open,EP,loose player,J8o,3bet,0,call,0,,0,100,Live Poker Preflop Guide (2026),2026-01-06,14:38,,no
BTN vs EP OPEN (LOOSE PLAYER),BTN,vs_open,EP,loose player,T8o,3bet,0,call,0,,0,100,Live Poker Preflop Guide (2026),2026-01-06,14:38,,no
BTN vs EP OPEN (LOOSE PLAYER),BTN,vs_open,EP,loose player,98o,3bet,0,call,0,,0,100,Live Poker Preflop Guide (2026),2026-01-06,14:38,,no
BTN vs EP OPEN (LOOSE PLAYER),BTN,vs_open,EP,loose player,88,3bet,100,call,0,,0,0,Live Poker Preflop Guide (2026),2026-01-06,14:38,,no
BTN vs EP OPEN (LOOSE PLAYER),BTN,vs_open,EP,loose player,87s,3bet,50,call,50,,0,0,Live Poker Preflop Guide (2026),2026-01-06,14:38,"SITUATIONAL (Mark): play this action when you have a bigger edge on the player, lower rake, or deeper stacks; leave it out with an aggressive 4-bettor behind.",yes
BTN vs EP OPEN (LOOSE PLAYER),BTN,vs_open,EP,loose player,86s,3bet,0,call,0,,0,100,Live Poker Preflop Guide (2026),2026-01-06,14:38,,no
BTN vs EP OPEN (LOOSE PLAYER),BTN,vs_open,EP,loose player,85s,3bet,0,call,0,,0,100,Live Poker Preflop Guide (2026),2026-01-06,14:38,,no
BTN vs EP OPEN (LOOSE PLAYER),BTN,vs_open,EP,loose player,84s,3bet,0,call,0,,0,100,Live Poker Preflop Guide (2026),2026-01-06,14:38,,no
BTN vs EP OPEN (LOOSE PLAYER),BTN,vs_open,EP,loose player,83s,3bet,0,call,0,,0,100,Live Poker Preflop Guide (2026),2026-01-06,14:38,,no
BTN vs EP OPEN (LOOSE PLAYER),BTN,vs_open,EP,loose player,82s,3bet,0,call,0,,0,100,Live Poker Preflop Guide (2026),2026-01-06,14:38,,no
BTN vs EP OPEN (LOOSE PLAYER),BTN,vs_open,EP,loose player,A7o,3bet,0,call,0,,0,100,Live Poker Preflop Guide (2026),2026-01-06,14:38,,no
BTN vs EP OPEN (LOOSE PLAYER),BTN,vs_open,EP,loose player,K7o,3bet,0,call,0,,0,100,Live Poker Preflop Guide (2026),2026-01-06,14:38,,no
BTN vs EP OPEN (LOOSE PLAYER),BTN,vs_open,EP,loose player,Q7o,3bet,0,call,0,,0,100,Live Poker Preflop Guide (2026),2026-01-06,14:38,,no
BTN vs EP OPEN (LOOSE PLAYER),BTN,vs_open,EP,loose player,J7o,3bet,0,call,0,,0,100,Live Poker Preflop Guide (2026),2026-01-06,14:38,,no
BTN vs EP OPEN (LOOSE PLAYER),BTN,vs_open,EP,loose player,T7o,3bet,0,call,0,,0,100,Live Poker Preflop Guide (2026),2026-01-06,14:38,,no
BTN vs EP OPEN (LOOSE PLAYER),BTN,vs_open,EP,loose player,97o,3bet,0,call,0,,0,100,Live Poker Preflop Guide (2026),2026-01-06,14:38,,no
BTN vs EP OPEN (LOOSE PLAYER),BTN,vs_open,EP,loose player,87o,3bet,0,call,0,,0,100,Live Poker Preflop Guide (2026),2026-01-06,14:38,,no
BTN vs EP OPEN (LOOSE PLAYER),BTN,vs_open,EP,loose player,77,3bet,100,call,0,,0,0,Live Poker Preflop Guide (2026),2026-01-06,14:38,,no
BTN vs EP OPEN (LOOSE PLAYER),BTN,vs_open,EP,loose player,76s,3bet,50,call,50,,0,0,Live Poker Preflop Guide (2026),2026-01-06,14:38,"SITUATIONAL (Mark): play this action when you have a bigger edge on the player, lower rake, or deeper stacks; leave it out with an aggressive 4-bettor behind.",yes
BTN vs EP OPEN (LOOSE PLAYER),BTN,vs_open,EP,loose player,75s,3bet,0,call,0,,0,100,Live Poker Preflop Guide (2026),2026-01-06,14:38,,no
BTN vs EP OPEN (LOOSE PLAYER),BTN,vs_open,EP,loose player,74s,3bet,0,call,0,,0,100,Live Poker Preflop Guide (2026),2026-01-06,14:38,,no
BTN vs EP OPEN (LOOSE PLAYER),BTN,vs_open,EP,loose player,73s,3bet,0,call,0,,0,100,Live Poker Preflop Guide (2026),2026-01-06,14:38,,no
BTN vs EP OPEN (LOOSE PLAYER),BTN,vs_open,EP,loose player,72s,3bet,0,call,0,,0,100,Live Poker Preflop Guide (2026),2026-01-06,14:38,,no
BTN vs EP OPEN (LOOSE PLAYER),BTN,vs_open,EP,loose player,A6o,3bet,0,call,0,,0,100,Live Poker Preflop Guide (2026),2026-01-06,14:38,,no
BTN vs EP OPEN (LOOSE PLAYER),BTN,vs_open,EP,loose player,K6o,3bet,0,call,0,,0,100,Live Poker Preflop Guide (2026),2026-01-06,14:38,,no
BTN vs EP OPEN (LOOSE PLAYER),BTN,vs_open,EP,loose player,Q6o,3bet,0,call,0,,0,100,Live Poker Preflop Guide (2026),2026-01-06,14:38,,no
BTN vs EP OPEN (LOOSE PLAYER),BTN,vs_open,EP,loose player,J6o,3bet,0,call,0,,0,100,Live Poker Preflop Guide (2026),2026-01-06,14:38,,no
BTN vs EP OPEN (LOOSE PLAYER),BTN,vs_open,EP,loose player,T6o,3bet,0,call,0,,0,100,Live Poker Preflop Guide (2026),2026-01-06,14:38,,no
BTN vs EP OPEN (LOOSE PLAYER),BTN,vs_open,EP,loose player,96o,3bet,0,call,0,,0,100,Live Poker Preflop Guide (2026),2026-01-06,14:38,,no
BTN vs EP OPEN (LOOSE PLAYER),BTN,vs_open,EP,loose player,86o,3bet,0,call,0,,0,100,Live Poker Preflop Guide (2026),2026-01-06,14:38,,no
BTN vs EP OPEN (LOOSE PLAYER),BTN,vs_open,EP,loose player,76o,3bet,0,call,0,,0,100,Live Poker Preflop Guide (2026),2026-01-06,14:38,,no
BTN vs EP OPEN (LOOSE PLAYER),BTN,vs_open,EP,loose player,66,3bet,50,call,50,,0,0,Live Poker Preflop Guide (2026),2026-01-06,14:38,"SITUATIONAL (Mark): play this action when you have a bigger edge on the player, lower rake, or deeper stacks; leave it out with an aggressive 4-bettor behind.",yes
BTN vs EP OPEN (LOOSE PLAYER),BTN,vs_open,EP,loose player,65s,3bet,50,call,50,,0,0,Live Poker Preflop Guide (2026),2026-01-06,14:38,"SITUATIONAL (Mark): play this action when you have a bigger edge on the player, lower rake, or deeper stacks; leave it out with an aggressive 4-bettor behind.",yes
BTN vs EP OPEN (LOOSE PLAYER),BTN,vs_open,EP,loose player,64s,3bet,0,call,0,,0,100,Live Poker Preflop Guide (2026),2026-01-06,14:38,,no
BTN vs EP OPEN (LOOSE PLAYER),BTN,vs_open,EP,loose player,63s,3bet,0,call,0,,0,100,Live Poker Preflop Guide (2026),2026-01-06,14:38,,no
BTN vs EP OPEN (LOOSE PLAYER),BTN,vs_open,EP,loose player,62s,3bet,0,call,0,,0,100,Live Poker Preflop Guide (2026),2026-01-06,14:38,,no
BTN vs EP OPEN (LOOSE PLAYER),BTN,vs_open,EP,loose player,A5o,3bet,0,call,0,,0,100,Live Poker Preflop Guide (2026),2026-01-06,14:38,,no
BTN vs EP OPEN (LOOSE PLAYER),BTN,vs_open,EP,loose player,K5o,3bet,0,call,0,,0,100,Live Poker Preflop Guide (2026),2026-01-06,14:38,,no
BTN vs EP OPEN (LOOSE PLAYER),BTN,vs_open,EP,loose player,Q5o,3bet,0,call,0,,0,100,Live Poker Preflop Guide (2026),2026-01-06,14:38,,no
BTN vs EP OPEN (LOOSE PLAYER),BTN,vs_open,EP,loose player,J5o,3bet,0,call,0,,0,100,Live Poker Preflop Guide (2026),2026-01-06,14:38,,no
BTN vs EP OPEN (LOOSE PLAYER),BTN,vs_open,EP,loose player,T5o,3bet,0,call,0,,0,100,Live Poker Preflop Guide (2026),2026-01-06,14:38,,no
BTN vs EP OPEN (LOOSE PLAYER),BTN,vs_open,EP,loose player,95o,3bet,0,call,0,,0,100,Live Poker Preflop Guide (2026),2026-01-06,14:38,,no
BTN vs EP OPEN (LOOSE PLAYER),BTN,vs_open,EP,loose player,85o,3bet,0,call,0,,0,100,Live Poker Preflop Guide (2026),2026-01-06,14:38,,no
BTN vs EP OPEN (LOOSE PLAYER),BTN,vs_open,EP,loose player,75o,3bet,0,call,0,,0,100,Live Poker Preflop Guide (2026),2026-01-06,14:38,,no
BTN vs EP OPEN (LOOSE PLAYER),BTN,vs_open,EP,loose player,65o,3bet,0,call,0,,0,100,Live Poker Preflop Guide (2026),2026-01-06,14:38,,no
BTN vs EP OPEN (LOOSE PLAYER),BTN,vs_open,EP,loose player,55,3bet,50,call,50,,0,0,Live Poker Preflop Guide (2026),2026-01-06,14:38,"SITUATIONAL (Mark): play this action when you have a bigger edge on the player, lower rake, or deeper stacks; leave it out with an aggressive 4-bettor behind.",yes
BTN vs EP OPEN (LOOSE PLAYER),BTN,vs_open,EP,loose player,54s,3bet,50,call,50,,0,0,Live Poker Preflop Guide (2026),2026-01-06,14:38,"SITUATIONAL (Mark): play this action when you have a bigger edge on the player, lower rake, or deeper stacks; leave it out with an aggressive 4-bettor behind.",yes
BTN vs EP OPEN (LOOSE PLAYER),BTN,vs_open,EP,loose player,53s,3bet,0,call,0,,0,100,Live Poker Preflop Guide (2026),2026-01-06,14:38,,no
BTN vs EP OPEN (LOOSE PLAYER),BTN,vs_open,EP,loose player,52s,3bet,0,call,0,,0,100,Live Poker Preflop Guide (2026),2026-01-06,14:38,,no
BTN vs EP OPEN (LOOSE PLAYER),BTN,vs_open,EP,loose player,A4o,3bet,0,call,0,,0,100,Live Poker Preflop Guide (2026),2026-01-06,14:38,,no
BTN vs EP OPEN (LOOSE PLAYER),BTN,vs_open,EP,loose player,K4o,3bet,0,call,0,,0,100,Live Poker Preflop Guide (2026),2026-01-06,14:38,,no
BTN vs EP OPEN (LOOSE PLAYER),BTN,vs_open,EP,loose player,Q4o,3bet,0,call,0,,0,100,Live Poker Preflop Guide (2026),2026-01-06,14:38,,no
BTN vs EP OPEN (LOOSE PLAYER),BTN,vs_open,EP,loose player,J4o,3bet,0,call,0,,0,100,Live Poker Preflop Guide (2026),2026-01-06,14:38,,no
BTN vs EP OPEN (LOOSE PLAYER),BTN,vs_open,EP,loose player,T4o,3bet,0,call,0,,0,100,Live Poker Preflop Guide (2026),2026-01-06,14:38,,no
BTN vs EP OPEN (LOOSE PLAYER),BTN,vs_open,EP,loose player,94o,3bet,0,call,0,,0,100,Live Poker Preflop Guide (2026),2026-01-06,14:38,,no
BTN vs EP OPEN (LOOSE PLAYER),BTN,vs_open,EP,loose player,84o,3bet,0,call,0,,0,100,Live Poker Preflop Guide (2026),2026-01-06,14:38,,no
BTN vs EP OPEN (LOOSE PLAYER),BTN,vs_open,EP,loose player,74o,3bet,0,call,0,,0,100,Live Poker Preflop Guide (2026),2026-01-06,14:38,,no
BTN vs EP OPEN (LOOSE PLAYER),BTN,vs_open,EP,loose player,64o,3bet,0,call,0,,0,100,Live Poker Preflop Guide (2026),2026-01-06,14:38,,no
BTN vs EP OPEN (LOOSE PLAYER),BTN,vs_open,EP,loose player,54o,3bet,0,call,0,,0,100,Live Poker Preflop Guide (2026),2026-01-06,14:38,,no
BTN vs EP OPEN (LOOSE PLAYER),BTN,vs_open,EP,loose player,44,3bet,50,call,50,,0,0,Live Poker Preflop Guide (2026),2026-01-06,14:38,"SITUATIONAL (Mark): play this action when you have a bigger edge on the player, lower rake, or deeper stacks; leave it out with an aggressive 4-bettor behind.",yes
BTN vs EP OPEN (LOOSE PLAYER),BTN,vs_open,EP,loose player,43s,3bet,0,call,0,,0,100,Live Poker Preflop Guide (2026),2026-01-06,14:38,,no
BTN vs EP OPEN (LOOSE PLAYER),BTN,vs_open,EP,loose player,42s,3bet,0,call,0,,0,100,Live Poker Preflop Guide (2026),2026-01-06,14:38,,no
BTN vs EP OPEN (LOOSE PLAYER),BTN,vs_open,EP,loose player,A3o,3bet,0,call,0,,0,100,Live Poker Preflop Guide (2026),2026-01-06,14:38,,no
BTN vs EP OPEN (LOOSE PLAYER),BTN,vs_open,EP,loose player,K3o,3bet,0,call,0,,0,100,Live Poker Preflop Guide (2026),2026-01-06,14:38,,no
BTN vs EP OPEN (LOOSE PLAYER),BTN,vs_open,EP,loose player,Q3o,3bet,0,call,0,,0,100,Live Poker Preflop Guide (2026),2026-01-06,14:38,,no
BTN vs EP OPEN (LOOSE PLAYER),BTN,vs_open,EP,loose player,J3o,3bet,0,call,0,,0,100,Live Poker Preflop Guide (2026),2026-01-06,14:38,,no
BTN vs EP OPEN (LOOSE PLAYER),BTN,vs_open,EP,loose player,T3o,3bet,0,call,0,,0,100,Live Poker Preflop Guide (2026),2026-01-06,14:38,,no
BTN vs EP OPEN (LOOSE PLAYER),BTN,vs_open,EP,loose player,93o,3bet,0,call,0,,0,100,Live Poker Preflop Guide (2026),2026-01-06,14:38,,no
BTN vs EP OPEN (LOOSE PLAYER),BTN,vs_open,EP,loose player,83o,3bet,0,call,0,,0,100,Live Poker Preflop Guide (2026),2026-01-06,14:38,,no
BTN vs EP OPEN (LOOSE PLAYER),BTN,vs_open,EP,loose player,73o,3bet,0,call,0,,0,100,Live Poker Preflop Guide (2026),2026-01-06,14:38,,no
BTN vs EP OPEN (LOOSE PLAYER),BTN,vs_open,EP,loose player,63o,3bet,0,call,0,,0,100,Live Poker Preflop Guide (2026),2026-01-06,14:38,,no
BTN vs EP OPEN (LOOSE PLAYER),BTN,vs_open,EP,loose player,53o,3bet,0,call,0,,0,100,Live Poker Preflop Guide (2026),2026-01-06,14:38,,no
BTN vs EP OPEN (LOOSE PLAYER),BTN,vs_open,EP,loose player,43o,3bet,0,call,0,,0,100,Live Poker Preflop Guide (2026),2026-01-06,14:38,,no
BTN vs EP OPEN (LOOSE PLAYER),BTN,vs_open,EP,loose player,33,3bet,50,call,50,,0,0,Live Poker Preflop Guide (2026),2026-01-06,14:38,"SITUATIONAL (Mark): play this action when you have a bigger edge on the player, lower rake, or deeper stacks; leave it out with an aggressive 4-bettor behind.",yes
BTN vs EP OPEN (LOOSE PLAYER),BTN,vs_open,EP,loose player,32s,3bet,0,call,0,,0,100,Live Poker Preflop Guide (2026),2026-01-06,14:38,,no
BTN vs EP OPEN (LOOSE PLAYER),BTN,vs_open,EP,loose player,A2o,3bet,0,call,0,,0,100,Live Poker Preflop Guide (2026),2026-01-06,14:38,,no
BTN vs EP OPEN (LOOSE PLAYER),BTN,vs_open,EP,loose player,K2o,3bet,0,call,0,,0,100,Live Poker Preflop Guide (2026),2026-01-06,14:38,,no
BTN vs EP OPEN (LOOSE PLAYER),BTN,vs_open,EP,loose player,Q2o,3bet,0,call,0,,0,100,Live Poker Preflop Guide (2026),2026-01-06,14:38,,no
BTN vs EP OPEN (LOOSE PLAYER),BTN,vs_open,EP,loose player,J2o,3bet,0,call,0,,0,100,Live Poker Preflop Guide (2026),2026-01-06,14:38,,no
BTN vs EP OPEN (LOOSE PLAYER),BTN,vs_open,EP,loose player,T2o,3bet,0,call,0,,0,100,Live Poker Preflop Guide (2026),2026-01-06,14:38,,no
BTN vs EP OPEN (LOOSE PLAYER),BTN,vs_open,EP,loose player,92o,3bet,0,call,0,,0,100,Live Poker Preflop Guide (2026),2026-01-06,14:38,,no
BTN vs EP OPEN (LOOSE PLAYER),BTN,vs_open,EP,loose player,82o,3bet,0,call,0,,0,100,Live Poker Preflop Guide (2026),2026-01-06,14:38,,no
BTN vs EP OPEN (LOOSE PLAYER),BTN,vs_open,EP,loose player,72o,3bet,0,call,0,,0,100,Live Poker Preflop Guide (2026),2026-01-06,14:38,,no
BTN vs EP OPEN (LOOSE PLAYER),BTN,vs_open,EP,loose player,62o,3bet,0,call,0,,0,100,Live Poker Preflop Guide (2026),2026-01-06,14:38,,no
BTN vs EP OPEN (LOOSE PLAYER),BTN,vs_open,EP,loose player,52o,3bet,0,call,0,,0,100,Live Poker Preflop Guide (2026),2026-01-06,14:38,,no
BTN vs EP OPEN (LOOSE PLAYER),BTN,vs_open,EP,loose player,42o,3bet,0,call,0,,0,100,Live Poker Preflop Guide (2026),2026-01-06,14:38,,no
BTN vs EP OPEN (LOOSE PLAYER),BTN,vs_open,EP,loose player,32o,3bet,0,call,0,,0,100,Live Poker Preflop Guide (2026),2026-01-06,14:38,,no
BTN vs EP OPEN (LOOSE PLAYER),BTN,vs_open,EP,loose player,22,3bet,50,call,50,,0,0,Live Poker Preflop Guide (2026),2026-01-06,14:38,"SITUATIONAL (Mark): play this action when you have a bigger edge on the player, lower rake, or deeper stacks; leave it out with an aggressive 4-bettor behind.",yes
BTN SQZ vs MP OPEN & COLD CALL,BTN,squeeze,MP open + cold call,,AA,squeeze,100,call,0,,0,0,Live Poker Preflop Guide (2026),2026-01-06,16:40,,no
BTN SQZ vs MP OPEN & COLD CALL,BTN,squeeze,MP open + cold call,,AKs,squeeze,100,call,0,,0,0,Live Poker Preflop Guide (2026),2026-01-06,16:40,,no
BTN SQZ vs MP OPEN & COLD CALL,BTN,squeeze,MP open + cold call,,AQs,squeeze,100,call,0,,0,0,Live Poker Preflop Guide (2026),2026-01-06,16:40,,no
BTN SQZ vs MP OPEN & COLD CALL,BTN,squeeze,MP open + cold call,,AJs,squeeze,100,call,0,,0,0,Live Poker Preflop Guide (2026),2026-01-06,16:40,,no
BTN SQZ vs MP OPEN & COLD CALL,BTN,squeeze,MP open + cold call,,ATs,squeeze,100,call,0,,0,0,Live Poker Preflop Guide (2026),2026-01-06,16:40,,no
BTN SQZ vs MP OPEN & COLD CALL,BTN,squeeze,MP open + cold call,,A9s,squeeze,100,call,0,,0,0,Live Poker Preflop Guide (2026),2026-01-06,16:40,,no
BTN SQZ vs MP OPEN & COLD CALL,BTN,squeeze,MP open + cold call,,A8s,squeeze,0,call,100,,0,0,Live Poker Preflop Guide (2026),2026-01-06,16:40,,no
BTN SQZ vs MP OPEN & COLD CALL,BTN,squeeze,MP open + cold call,,A7s,squeeze,0,call,100,,0,0,Live Poker Preflop Guide (2026),2026-01-06,16:40,,no
BTN SQZ vs MP OPEN & COLD CALL,BTN,squeeze,MP open + cold call,,A6s,squeeze,0,call,100,,0,0,Live Poker Preflop Guide (2026),2026-01-06,16:40,,no
BTN SQZ vs MP OPEN & COLD CALL,BTN,squeeze,MP open + cold call,,A5s,squeeze,50,call,50,,0,0,Live Poker Preflop Guide (2026),2026-01-06,16:40,"SITUATIONAL (Mark): play this action when you have a bigger edge on the player, lower rake, or deeper stacks; leave it out with an aggressive 4-bettor behind.",yes
BTN SQZ vs MP OPEN & COLD CALL,BTN,squeeze,MP open + cold call,,A4s,squeeze,0,call,100,,0,0,Live Poker Preflop Guide (2026),2026-01-06,16:40,,no
BTN SQZ vs MP OPEN & COLD CALL,BTN,squeeze,MP open + cold call,,A3s,squeeze,0,call,100,,0,0,Live Poker Preflop Guide (2026),2026-01-06,16:40,,no
BTN SQZ vs MP OPEN & COLD CALL,BTN,squeeze,MP open + cold call,,A2s,squeeze,0,call,100,,0,0,Live Poker Preflop Guide (2026),2026-01-06,16:40,,no
BTN SQZ vs MP OPEN & COLD CALL,BTN,squeeze,MP open + cold call,,AKo,squeeze,100,call,0,,0,0,Live Poker Preflop Guide (2026),2026-01-06,16:40,,no
BTN SQZ vs MP OPEN & COLD CALL,BTN,squeeze,MP open + cold call,,KK,squeeze,100,call,0,,0,0,Live Poker Preflop Guide (2026),2026-01-06,16:40,,no
BTN SQZ vs MP OPEN & COLD CALL,BTN,squeeze,MP open + cold call,,KQs,squeeze,100,call,0,,0,0,Live Poker Preflop Guide (2026),2026-01-06,16:40,,no
BTN SQZ vs MP OPEN & COLD CALL,BTN,squeeze,MP open + cold call,,KJs,squeeze,100,call,0,,0,0,Live Poker Preflop Guide (2026),2026-01-06,16:40,,no
BTN SQZ vs MP OPEN & COLD CALL,BTN,squeeze,MP open + cold call,,KTs,squeeze,100,call,0,,0,0,Live Poker Preflop Guide (2026),2026-01-06,16:40,,no
BTN SQZ vs MP OPEN & COLD CALL,BTN,squeeze,MP open + cold call,,K9s,squeeze,50,call,50,,0,0,Live Poker Preflop Guide (2026),2026-01-06,16:40,"SITUATIONAL (Mark): play this action when you have a bigger edge on the player, lower rake, or deeper stacks; leave it out with an aggressive 4-bettor behind.",yes
BTN SQZ vs MP OPEN & COLD CALL,BTN,squeeze,MP open + cold call,,K8s,squeeze,0,call,100,,0,0,Live Poker Preflop Guide (2026),2026-01-06,16:40,,no
BTN SQZ vs MP OPEN & COLD CALL,BTN,squeeze,MP open + cold call,,K7s,squeeze,0,call,0,,0,100,Live Poker Preflop Guide (2026),2026-01-06,16:40,,no
BTN SQZ vs MP OPEN & COLD CALL,BTN,squeeze,MP open + cold call,,K6s,squeeze,0,call,0,,0,100,Live Poker Preflop Guide (2026),2026-01-06,16:40,,no
BTN SQZ vs MP OPEN & COLD CALL,BTN,squeeze,MP open + cold call,,K5s,squeeze,0,call,0,,0,100,Live Poker Preflop Guide (2026),2026-01-06,16:40,,no
BTN SQZ vs MP OPEN & COLD CALL,BTN,squeeze,MP open + cold call,,K4s,squeeze,0,call,0,,0,100,Live Poker Preflop Guide (2026),2026-01-06,16:40,,no
BTN SQZ vs MP OPEN & COLD CALL,BTN,squeeze,MP open + cold call,,K3s,squeeze,0,call,0,,0,100,Live Poker Preflop Guide (2026),2026-01-06,16:40,,no
BTN SQZ vs MP OPEN & COLD CALL,BTN,squeeze,MP open + cold call,,K2s,squeeze,0,call,0,,0,100,Live Poker Preflop Guide (2026),2026-01-06,16:40,,no
BTN SQZ vs MP OPEN & COLD CALL,BTN,squeeze,MP open + cold call,,AQo,squeeze,100,call,0,,0,0,Live Poker Preflop Guide (2026),2026-01-06,16:40,,no
BTN SQZ vs MP OPEN & COLD CALL,BTN,squeeze,MP open + cold call,,KQo,squeeze,100,call,0,,0,0,Live Poker Preflop Guide (2026),2026-01-06,16:40,,no
BTN SQZ vs MP OPEN & COLD CALL,BTN,squeeze,MP open + cold call,,QQ,squeeze,100,call,0,,0,0,Live Poker Preflop Guide (2026),2026-01-06,16:40,,no
BTN SQZ vs MP OPEN & COLD CALL,BTN,squeeze,MP open + cold call,,QJs,squeeze,100,call,0,,0,0,Live Poker Preflop Guide (2026),2026-01-06,16:40,,no
BTN SQZ vs MP OPEN & COLD CALL,BTN,squeeze,MP open + cold call,,QTs,squeeze,50,call,50,,0,0,Live Poker Preflop Guide (2026),2026-01-06,16:40,"SITUATIONAL (Mark): play this action when you have a bigger edge on the player, lower rake, or deeper stacks; leave it out with an aggressive 4-bettor behind.",yes
BTN SQZ vs MP OPEN & COLD CALL,BTN,squeeze,MP open + cold call,,Q9s,squeeze,0,call,100,,0,0,Live Poker Preflop Guide (2026),2026-01-06,16:40,,no
BTN SQZ vs MP OPEN & COLD CALL,BTN,squeeze,MP open + cold call,,Q8s,squeeze,0,call,0,,0,100,Live Poker Preflop Guide (2026),2026-01-06,16:40,,no
BTN SQZ vs MP OPEN & COLD CALL,BTN,squeeze,MP open + cold call,,Q7s,squeeze,0,call,0,,0,100,Live Poker Preflop Guide (2026),2026-01-06,16:40,,no
BTN SQZ vs MP OPEN & COLD CALL,BTN,squeeze,MP open + cold call,,Q6s,squeeze,0,call,0,,0,100,Live Poker Preflop Guide (2026),2026-01-06,16:40,,no
BTN SQZ vs MP OPEN & COLD CALL,BTN,squeeze,MP open + cold call,,Q5s,squeeze,0,call,0,,0,100,Live Poker Preflop Guide (2026),2026-01-06,16:40,,no
BTN SQZ vs MP OPEN & COLD CALL,BTN,squeeze,MP open + cold call,,Q4s,squeeze,0,call,0,,0,100,Live Poker Preflop Guide (2026),2026-01-06,16:40,,no
BTN SQZ vs MP OPEN & COLD CALL,BTN,squeeze,MP open + cold call,,Q3s,squeeze,0,call,0,,0,100,Live Poker Preflop Guide (2026),2026-01-06,16:40,,no
BTN SQZ vs MP OPEN & COLD CALL,BTN,squeeze,MP open + cold call,,Q2s,squeeze,0,call,0,,0,100,Live Poker Preflop Guide (2026),2026-01-06,16:40,,no
BTN SQZ vs MP OPEN & COLD CALL,BTN,squeeze,MP open + cold call,,AJo,squeeze,50,call,50,,0,0,Live Poker Preflop Guide (2026),2026-01-06,16:40,"SITUATIONAL (Mark): play this action when you have a bigger edge on the player, lower rake, or deeper stacks; leave it out with an aggressive 4-bettor behind.",yes
BTN SQZ vs MP OPEN & COLD CALL,BTN,squeeze,MP open + cold call,,KJo,squeeze,50,call,50,,0,0,Live Poker Preflop Guide (2026),2026-01-06,16:40,"SITUATIONAL (Mark): play this action when you have a bigger edge on the player, lower rake, or deeper stacks; leave it out with an aggressive 4-bettor behind.",yes
BTN SQZ vs MP OPEN & COLD CALL,BTN,squeeze,MP open + cold call,,QJo,squeeze,0,call,0,,0,100,Live Poker Preflop Guide (2026),2026-01-06,16:40,,no
BTN SQZ vs MP OPEN & COLD CALL,BTN,squeeze,MP open + cold call,,JJ,squeeze,100,call,0,,0,0,Live Poker Preflop Guide (2026),2026-01-06,16:40,,no
BTN SQZ vs MP OPEN & COLD CALL,BTN,squeeze,MP open + cold call,,JTs,squeeze,50,call,50,,0,0,Live Poker Preflop Guide (2026),2026-01-06,16:40,"SITUATIONAL (Mark): play this action when you have a bigger edge on the player, lower rake, or deeper stacks; leave it out with an aggressive 4-bettor behind.",yes
BTN SQZ vs MP OPEN & COLD CALL,BTN,squeeze,MP open + cold call,,J9s,squeeze,0,call,100,,0,0,Live Poker Preflop Guide (2026),2026-01-06,16:40,,no
BTN SQZ vs MP OPEN & COLD CALL,BTN,squeeze,MP open + cold call,,J8s,squeeze,0,call,0,,0,100,Live Poker Preflop Guide (2026),2026-01-06,16:40,,no
BTN SQZ vs MP OPEN & COLD CALL,BTN,squeeze,MP open + cold call,,J7s,squeeze,0,call,0,,0,100,Live Poker Preflop Guide (2026),2026-01-06,16:40,,no
BTN SQZ vs MP OPEN & COLD CALL,BTN,squeeze,MP open + cold call,,J6s,squeeze,0,call,0,,0,100,Live Poker Preflop Guide (2026),2026-01-06,16:40,,no
BTN SQZ vs MP OPEN & COLD CALL,BTN,squeeze,MP open + cold call,,J5s,squeeze,0,call,0,,0,100,Live Poker Preflop Guide (2026),2026-01-06,16:40,,no
BTN SQZ vs MP OPEN & COLD CALL,BTN,squeeze,MP open + cold call,,J4s,squeeze,0,call,0,,0,100,Live Poker Preflop Guide (2026),2026-01-06,16:40,,no
BTN SQZ vs MP OPEN & COLD CALL,BTN,squeeze,MP open + cold call,,J3s,squeeze,0,call,0,,0,100,Live Poker Preflop Guide (2026),2026-01-06,16:40,,no
BTN SQZ vs MP OPEN & COLD CALL,BTN,squeeze,MP open + cold call,,J2s,squeeze,0,call,0,,0,100,Live Poker Preflop Guide (2026),2026-01-06,16:40,,no
BTN SQZ vs MP OPEN & COLD CALL,BTN,squeeze,MP open + cold call,,ATo,squeeze,0,call,0,,0,100,Live Poker Preflop Guide (2026),2026-01-06,16:40,,no
BTN SQZ vs MP OPEN & COLD CALL,BTN,squeeze,MP open + cold call,,KTo,squeeze,0,call,0,,0,100,Live Poker Preflop Guide (2026),2026-01-06,16:40,,no
BTN SQZ vs MP OPEN & COLD CALL,BTN,squeeze,MP open + cold call,,QTo,squeeze,0,call,0,,0,100,Live Poker Preflop Guide (2026),2026-01-06,16:40,,no
BTN SQZ vs MP OPEN & COLD CALL,BTN,squeeze,MP open + cold call,,JTo,squeeze,0,call,0,,0,100,Live Poker Preflop Guide (2026),2026-01-06,16:40,,no
BTN SQZ vs MP OPEN & COLD CALL,BTN,squeeze,MP open + cold call,,TT,squeeze,100,call,0,,0,0,Live Poker Preflop Guide (2026),2026-01-06,16:40,,no
BTN SQZ vs MP OPEN & COLD CALL,BTN,squeeze,MP open + cold call,,T9s,squeeze,50,call,50,,0,0,Live Poker Preflop Guide (2026),2026-01-06,16:40,"SITUATIONAL (Mark): play this action when you have a bigger edge on the player, lower rake, or deeper stacks; leave it out with an aggressive 4-bettor behind.",yes
BTN SQZ vs MP OPEN & COLD CALL,BTN,squeeze,MP open + cold call,,T8s,squeeze,0,call,0,,0,100,Live Poker Preflop Guide (2026),2026-01-06,16:40,,no
BTN SQZ vs MP OPEN & COLD CALL,BTN,squeeze,MP open + cold call,,T7s,squeeze,0,call,0,,0,100,Live Poker Preflop Guide (2026),2026-01-06,16:40,,no
BTN SQZ vs MP OPEN & COLD CALL,BTN,squeeze,MP open + cold call,,T6s,squeeze,0,call,0,,0,100,Live Poker Preflop Guide (2026),2026-01-06,16:40,,no
BTN SQZ vs MP OPEN & COLD CALL,BTN,squeeze,MP open + cold call,,T5s,squeeze,0,call,0,,0,100,Live Poker Preflop Guide (2026),2026-01-06,16:40,,no
BTN SQZ vs MP OPEN & COLD CALL,BTN,squeeze,MP open + cold call,,T4s,squeeze,0,call,0,,0,100,Live Poker Preflop Guide (2026),2026-01-06,16:40,,no
BTN SQZ vs MP OPEN & COLD CALL,BTN,squeeze,MP open + cold call,,T3s,squeeze,0,call,0,,0,100,Live Poker Preflop Guide (2026),2026-01-06,16:40,,no
BTN SQZ vs MP OPEN & COLD CALL,BTN,squeeze,MP open + cold call,,T2s,squeeze,0,call,0,,0,100,Live Poker Preflop Guide (2026),2026-01-06,16:40,,no
BTN SQZ vs MP OPEN & COLD CALL,BTN,squeeze,MP open + cold call,,A9o,squeeze,0,call,0,,0,100,Live Poker Preflop Guide (2026),2026-01-06,16:40,,no
BTN SQZ vs MP OPEN & COLD CALL,BTN,squeeze,MP open + cold call,,K9o,squeeze,0,call,0,,0,100,Live Poker Preflop Guide (2026),2026-01-06,16:40,,no
BTN SQZ vs MP OPEN & COLD CALL,BTN,squeeze,MP open + cold call,,Q9o,squeeze,0,call,0,,0,100,Live Poker Preflop Guide (2026),2026-01-06,16:40,,no
BTN SQZ vs MP OPEN & COLD CALL,BTN,squeeze,MP open + cold call,,J9o,squeeze,0,call,0,,0,100,Live Poker Preflop Guide (2026),2026-01-06,16:40,,no
BTN SQZ vs MP OPEN & COLD CALL,BTN,squeeze,MP open + cold call,,T9o,squeeze,0,call,0,,0,100,Live Poker Preflop Guide (2026),2026-01-06,16:40,,no
BTN SQZ vs MP OPEN & COLD CALL,BTN,squeeze,MP open + cold call,,99,squeeze,100,call,0,,0,0,Live Poker Preflop Guide (2026),2026-01-06,16:40,,no
BTN SQZ vs MP OPEN & COLD CALL,BTN,squeeze,MP open + cold call,,98s,squeeze,0,call,100,,0,0,Live Poker Preflop Guide (2026),2026-01-06,16:40,,no
BTN SQZ vs MP OPEN & COLD CALL,BTN,squeeze,MP open + cold call,,97s,squeeze,0,call,0,,0,100,Live Poker Preflop Guide (2026),2026-01-06,16:40,,no
BTN SQZ vs MP OPEN & COLD CALL,BTN,squeeze,MP open + cold call,,96s,squeeze,0,call,0,,0,100,Live Poker Preflop Guide (2026),2026-01-06,16:40,,no
BTN SQZ vs MP OPEN & COLD CALL,BTN,squeeze,MP open + cold call,,95s,squeeze,0,call,0,,0,100,Live Poker Preflop Guide (2026),2026-01-06,16:40,,no
BTN SQZ vs MP OPEN & COLD CALL,BTN,squeeze,MP open + cold call,,94s,squeeze,0,call,0,,0,100,Live Poker Preflop Guide (2026),2026-01-06,16:40,,no
BTN SQZ vs MP OPEN & COLD CALL,BTN,squeeze,MP open + cold call,,93s,squeeze,0,call,0,,0,100,Live Poker Preflop Guide (2026),2026-01-06,16:40,,no
BTN SQZ vs MP OPEN & COLD CALL,BTN,squeeze,MP open + cold call,,92s,squeeze,0,call,0,,0,100,Live Poker Preflop Guide (2026),2026-01-06,16:40,,no
BTN SQZ vs MP OPEN & COLD CALL,BTN,squeeze,MP open + cold call,,A8o,squeeze,0,call,0,,0,100,Live Poker Preflop Guide (2026),2026-01-06,16:40,,no
BTN SQZ vs MP OPEN & COLD CALL,BTN,squeeze,MP open + cold call,,K8o,squeeze,0,call,0,,0,100,Live Poker Preflop Guide (2026),2026-01-06,16:40,,no
BTN SQZ vs MP OPEN & COLD CALL,BTN,squeeze,MP open + cold call,,Q8o,squeeze,0,call,0,,0,100,Live Poker Preflop Guide (2026),2026-01-06,16:40,,no
BTN SQZ vs MP OPEN & COLD CALL,BTN,squeeze,MP open + cold call,,J8o,squeeze,0,call,0,,0,100,Live Poker Preflop Guide (2026),2026-01-06,16:40,,no
BTN SQZ vs MP OPEN & COLD CALL,BTN,squeeze,MP open + cold call,,T8o,squeeze,0,call,0,,0,100,Live Poker Preflop Guide (2026),2026-01-06,16:40,,no
BTN SQZ vs MP OPEN & COLD CALL,BTN,squeeze,MP open + cold call,,98o,squeeze,0,call,0,,0,100,Live Poker Preflop Guide (2026),2026-01-06,16:40,,no
BTN SQZ vs MP OPEN & COLD CALL,BTN,squeeze,MP open + cold call,,88,squeeze,100,call,0,,0,0,Live Poker Preflop Guide (2026),2026-01-06,16:40,,no
BTN SQZ vs MP OPEN & COLD CALL,BTN,squeeze,MP open + cold call,,87s,squeeze,0,call,100,,0,0,Live Poker Preflop Guide (2026),2026-01-06,16:40,,no
BTN SQZ vs MP OPEN & COLD CALL,BTN,squeeze,MP open + cold call,,86s,squeeze,0,call,0,,0,100,Live Poker Preflop Guide (2026),2026-01-06,16:40,,no
BTN SQZ vs MP OPEN & COLD CALL,BTN,squeeze,MP open + cold call,,85s,squeeze,0,call,0,,0,100,Live Poker Preflop Guide (2026),2026-01-06,16:40,,no
BTN SQZ vs MP OPEN & COLD CALL,BTN,squeeze,MP open + cold call,,84s,squeeze,0,call,0,,0,100,Live Poker Preflop Guide (2026),2026-01-06,16:40,,no
BTN SQZ vs MP OPEN & COLD CALL,BTN,squeeze,MP open + cold call,,83s,squeeze,0,call,0,,0,100,Live Poker Preflop Guide (2026),2026-01-06,16:40,,no
BTN SQZ vs MP OPEN & COLD CALL,BTN,squeeze,MP open + cold call,,82s,squeeze,0,call,0,,0,100,Live Poker Preflop Guide (2026),2026-01-06,16:40,,no
BTN SQZ vs MP OPEN & COLD CALL,BTN,squeeze,MP open + cold call,,A7o,squeeze,0,call,0,,0,100,Live Poker Preflop Guide (2026),2026-01-06,16:40,,no
BTN SQZ vs MP OPEN & COLD CALL,BTN,squeeze,MP open + cold call,,K7o,squeeze,0,call,0,,0,100,Live Poker Preflop Guide (2026),2026-01-06,16:40,,no
BTN SQZ vs MP OPEN & COLD CALL,BTN,squeeze,MP open + cold call,,Q7o,squeeze,0,call,0,,0,100,Live Poker Preflop Guide (2026),2026-01-06,16:40,,no
BTN SQZ vs MP OPEN & COLD CALL,BTN,squeeze,MP open + cold call,,J7o,squeeze,0,call,0,,0,100,Live Poker Preflop Guide (2026),2026-01-06,16:40,,no
BTN SQZ vs MP OPEN & COLD CALL,BTN,squeeze,MP open + cold call,,T7o,squeeze,0,call,0,,0,100,Live Poker Preflop Guide (2026),2026-01-06,16:40,,no
BTN SQZ vs MP OPEN & COLD CALL,BTN,squeeze,MP open + cold call,,97o,squeeze,0,call,0,,0,100,Live Poker Preflop Guide (2026),2026-01-06,16:40,,no
BTN SQZ vs MP OPEN & COLD CALL,BTN,squeeze,MP open + cold call,,87o,squeeze,0,call,0,,0,100,Live Poker Preflop Guide (2026),2026-01-06,16:40,,no
BTN SQZ vs MP OPEN & COLD CALL,BTN,squeeze,MP open + cold call,,77,squeeze,50,call,50,,0,0,Live Poker Preflop Guide (2026),2026-01-06,16:40,"SITUATIONAL (Mark): play this action when you have a bigger edge on the player, lower rake, or deeper stacks; leave it out with an aggressive 4-bettor behind.",yes
BTN SQZ vs MP OPEN & COLD CALL,BTN,squeeze,MP open + cold call,,76s,squeeze,0,call,100,,0,0,Live Poker Preflop Guide (2026),2026-01-06,16:40,,no
BTN SQZ vs MP OPEN & COLD CALL,BTN,squeeze,MP open + cold call,,75s,squeeze,0,call,0,,0,100,Live Poker Preflop Guide (2026),2026-01-06,16:40,,no
BTN SQZ vs MP OPEN & COLD CALL,BTN,squeeze,MP open + cold call,,74s,squeeze,0,call,0,,0,100,Live Poker Preflop Guide (2026),2026-01-06,16:40,,no
BTN SQZ vs MP OPEN & COLD CALL,BTN,squeeze,MP open + cold call,,73s,squeeze,0,call,0,,0,100,Live Poker Preflop Guide (2026),2026-01-06,16:40,,no
BTN SQZ vs MP OPEN & COLD CALL,BTN,squeeze,MP open + cold call,,72s,squeeze,0,call,0,,0,100,Live Poker Preflop Guide (2026),2026-01-06,16:40,,no
BTN SQZ vs MP OPEN & COLD CALL,BTN,squeeze,MP open + cold call,,A6o,squeeze,0,call,0,,0,100,Live Poker Preflop Guide (2026),2026-01-06,16:40,,no
BTN SQZ vs MP OPEN & COLD CALL,BTN,squeeze,MP open + cold call,,K6o,squeeze,0,call,0,,0,100,Live Poker Preflop Guide (2026),2026-01-06,16:40,,no
BTN SQZ vs MP OPEN & COLD CALL,BTN,squeeze,MP open + cold call,,Q6o,squeeze,0,call,0,,0,100,Live Poker Preflop Guide (2026),2026-01-06,16:40,,no
BTN SQZ vs MP OPEN & COLD CALL,BTN,squeeze,MP open + cold call,,J6o,squeeze,0,call,0,,0,100,Live Poker Preflop Guide (2026),2026-01-06,16:40,,no
BTN SQZ vs MP OPEN & COLD CALL,BTN,squeeze,MP open + cold call,,T6o,squeeze,0,call,0,,0,100,Live Poker Preflop Guide (2026),2026-01-06,16:40,,no
BTN SQZ vs MP OPEN & COLD CALL,BTN,squeeze,MP open + cold call,,96o,squeeze,0,call,0,,0,100,Live Poker Preflop Guide (2026),2026-01-06,16:40,,no
BTN SQZ vs MP OPEN & COLD CALL,BTN,squeeze,MP open + cold call,,86o,squeeze,0,call,0,,0,100,Live Poker Preflop Guide (2026),2026-01-06,16:40,,no
BTN SQZ vs MP OPEN & COLD CALL,BTN,squeeze,MP open + cold call,,76o,squeeze,0,call,0,,0,100,Live Poker Preflop Guide (2026),2026-01-06,16:40,,no
BTN SQZ vs MP OPEN & COLD CALL,BTN,squeeze,MP open + cold call,,66,squeeze,50,call,50,,0,0,Live Poker Preflop Guide (2026),2026-01-06,16:40,"SITUATIONAL (Mark): play this action when you have a bigger edge on the player, lower rake, or deeper stacks; leave it out with an aggressive 4-bettor behind.",yes
BTN SQZ vs MP OPEN & COLD CALL,BTN,squeeze,MP open + cold call,,65s,squeeze,0,call,100,,0,0,Live Poker Preflop Guide (2026),2026-01-06,16:40,,no
BTN SQZ vs MP OPEN & COLD CALL,BTN,squeeze,MP open + cold call,,64s,squeeze,0,call,0,,0,100,Live Poker Preflop Guide (2026),2026-01-06,16:40,,no
BTN SQZ vs MP OPEN & COLD CALL,BTN,squeeze,MP open + cold call,,63s,squeeze,0,call,0,,0,100,Live Poker Preflop Guide (2026),2026-01-06,16:40,,no
BTN SQZ vs MP OPEN & COLD CALL,BTN,squeeze,MP open + cold call,,62s,squeeze,0,call,0,,0,100,Live Poker Preflop Guide (2026),2026-01-06,16:40,,no
BTN SQZ vs MP OPEN & COLD CALL,BTN,squeeze,MP open + cold call,,A5o,squeeze,0,call,0,,0,100,Live Poker Preflop Guide (2026),2026-01-06,16:40,,no
BTN SQZ vs MP OPEN & COLD CALL,BTN,squeeze,MP open + cold call,,K5o,squeeze,0,call,0,,0,100,Live Poker Preflop Guide (2026),2026-01-06,16:40,,no
BTN SQZ vs MP OPEN & COLD CALL,BTN,squeeze,MP open + cold call,,Q5o,squeeze,0,call,0,,0,100,Live Poker Preflop Guide (2026),2026-01-06,16:40,,no
BTN SQZ vs MP OPEN & COLD CALL,BTN,squeeze,MP open + cold call,,J5o,squeeze,0,call,0,,0,100,Live Poker Preflop Guide (2026),2026-01-06,16:40,,no
BTN SQZ vs MP OPEN & COLD CALL,BTN,squeeze,MP open + cold call,,T5o,squeeze,0,call,0,,0,100,Live Poker Preflop Guide (2026),2026-01-06,16:40,,no
BTN SQZ vs MP OPEN & COLD CALL,BTN,squeeze,MP open + cold call,,95o,squeeze,0,call,0,,0,100,Live Poker Preflop Guide (2026),2026-01-06,16:40,,no
BTN SQZ vs MP OPEN & COLD CALL,BTN,squeeze,MP open + cold call,,85o,squeeze,0,call,0,,0,100,Live Poker Preflop Guide (2026),2026-01-06,16:40,,no
BTN SQZ vs MP OPEN & COLD CALL,BTN,squeeze,MP open + cold call,,75o,squeeze,0,call,0,,0,100,Live Poker Preflop Guide (2026),2026-01-06,16:40,,no
BTN SQZ vs MP OPEN & COLD CALL,BTN,squeeze,MP open + cold call,,65o,squeeze,0,call,0,,0,100,Live Poker Preflop Guide (2026),2026-01-06,16:40,,no
BTN SQZ vs MP OPEN & COLD CALL,BTN,squeeze,MP open + cold call,,55,squeeze,50,call,50,,0,0,Live Poker Preflop Guide (2026),2026-01-06,16:40,"SITUATIONAL (Mark): play this action when you have a bigger edge on the player, lower rake, or deeper stacks; leave it out with an aggressive 4-bettor behind.",yes
BTN SQZ vs MP OPEN & COLD CALL,BTN,squeeze,MP open + cold call,,54s,squeeze,0,call,0,,0,100,Live Poker Preflop Guide (2026),2026-01-06,16:40,,no
BTN SQZ vs MP OPEN & COLD CALL,BTN,squeeze,MP open + cold call,,53s,squeeze,0,call,0,,0,100,Live Poker Preflop Guide (2026),2026-01-06,16:40,,no
BTN SQZ vs MP OPEN & COLD CALL,BTN,squeeze,MP open + cold call,,52s,squeeze,0,call,0,,0,100,Live Poker Preflop Guide (2026),2026-01-06,16:40,,no
BTN SQZ vs MP OPEN & COLD CALL,BTN,squeeze,MP open + cold call,,A4o,squeeze,0,call,0,,0,100,Live Poker Preflop Guide (2026),2026-01-06,16:40,,no
BTN SQZ vs MP OPEN & COLD CALL,BTN,squeeze,MP open + cold call,,K4o,squeeze,0,call,0,,0,100,Live Poker Preflop Guide (2026),2026-01-06,16:40,,no
BTN SQZ vs MP OPEN & COLD CALL,BTN,squeeze,MP open + cold call,,Q4o,squeeze,0,call,0,,0,100,Live Poker Preflop Guide (2026),2026-01-06,16:40,,no
BTN SQZ vs MP OPEN & COLD CALL,BTN,squeeze,MP open + cold call,,J4o,squeeze,0,call,0,,0,100,Live Poker Preflop Guide (2026),2026-01-06,16:40,,no
BTN SQZ vs MP OPEN & COLD CALL,BTN,squeeze,MP open + cold call,,T4o,squeeze,0,call,0,,0,100,Live Poker Preflop Guide (2026),2026-01-06,16:40,,no
BTN SQZ vs MP OPEN & COLD CALL,BTN,squeeze,MP open + cold call,,94o,squeeze,0,call,0,,0,100,Live Poker Preflop Guide (2026),2026-01-06,16:40,,no
BTN SQZ vs MP OPEN & COLD CALL,BTN,squeeze,MP open + cold call,,84o,squeeze,0,call,0,,0,100,Live Poker Preflop Guide (2026),2026-01-06,16:40,,no
BTN SQZ vs MP OPEN & COLD CALL,BTN,squeeze,MP open + cold call,,74o,squeeze,0,call,0,,0,100,Live Poker Preflop Guide (2026),2026-01-06,16:40,,no
BTN SQZ vs MP OPEN & COLD CALL,BTN,squeeze,MP open + cold call,,64o,squeeze,0,call,0,,0,100,Live Poker Preflop Guide (2026),2026-01-06,16:40,,no
BTN SQZ vs MP OPEN & COLD CALL,BTN,squeeze,MP open + cold call,,54o,squeeze,0,call,0,,0,100,Live Poker Preflop Guide (2026),2026-01-06,16:40,,no
BTN SQZ vs MP OPEN & COLD CALL,BTN,squeeze,MP open + cold call,,44,squeeze,0,call,100,,0,0,Live Poker Preflop Guide (2026),2026-01-06,16:40,,no
BTN SQZ vs MP OPEN & COLD CALL,BTN,squeeze,MP open + cold call,,43s,squeeze,0,call,0,,0,100,Live Poker Preflop Guide (2026),2026-01-06,16:40,,no
BTN SQZ vs MP OPEN & COLD CALL,BTN,squeeze,MP open + cold call,,42s,squeeze,0,call,0,,0,100,Live Poker Preflop Guide (2026),2026-01-06,16:40,,no
BTN SQZ vs MP OPEN & COLD CALL,BTN,squeeze,MP open + cold call,,A3o,squeeze,0,call,0,,0,100,Live Poker Preflop Guide (2026),2026-01-06,16:40,,no
BTN SQZ vs MP OPEN & COLD CALL,BTN,squeeze,MP open + cold call,,K3o,squeeze,0,call,0,,0,100,Live Poker Preflop Guide (2026),2026-01-06,16:40,,no
BTN SQZ vs MP OPEN & COLD CALL,BTN,squeeze,MP open + cold call,,Q3o,squeeze,0,call,0,,0,100,Live Poker Preflop Guide (2026),2026-01-06,16:40,,no
BTN SQZ vs MP OPEN & COLD CALL,BTN,squeeze,MP open + cold call,,J3o,squeeze,0,call,0,,0,100,Live Poker Preflop Guide (2026),2026-01-06,16:40,,no
BTN SQZ vs MP OPEN & COLD CALL,BTN,squeeze,MP open + cold call,,T3o,squeeze,0,call,0,,0,100,Live Poker Preflop Guide (2026),2026-01-06,16:40,,no
BTN SQZ vs MP OPEN & COLD CALL,BTN,squeeze,MP open + cold call,,93o,squeeze,0,call,0,,0,100,Live Poker Preflop Guide (2026),2026-01-06,16:40,,no
BTN SQZ vs MP OPEN & COLD CALL,BTN,squeeze,MP open + cold call,,83o,squeeze,0,call,0,,0,100,Live Poker Preflop Guide (2026),2026-01-06,16:40,,no
BTN SQZ vs MP OPEN & COLD CALL,BTN,squeeze,MP open + cold call,,73o,squeeze,0,call,0,,0,100,Live Poker Preflop Guide (2026),2026-01-06,16:40,,no
BTN SQZ vs MP OPEN & COLD CALL,BTN,squeeze,MP open + cold call,,63o,squeeze,0,call,0,,0,100,Live Poker Preflop Guide (2026),2026-01-06,16:40,,no
BTN SQZ vs MP OPEN & COLD CALL,BTN,squeeze,MP open + cold call,,53o,squeeze,0,call,0,,0,100,Live Poker Preflop Guide (2026),2026-01-06,16:40,,no
BTN SQZ vs MP OPEN & COLD CALL,BTN,squeeze,MP open + cold call,,43o,squeeze,0,call,0,,0,100,Live Poker Preflop Guide (2026),2026-01-06,16:40,,no
BTN SQZ vs MP OPEN & COLD CALL,BTN,squeeze,MP open + cold call,,33,squeeze,0,call,100,,0,0,Live Poker Preflop Guide (2026),2026-01-06,16:40,,no
BTN SQZ vs MP OPEN & COLD CALL,BTN,squeeze,MP open + cold call,,32s,squeeze,0,call,0,,0,100,Live Poker Preflop Guide (2026),2026-01-06,16:40,,no
BTN SQZ vs MP OPEN & COLD CALL,BTN,squeeze,MP open + cold call,,A2o,squeeze,0,call,0,,0,100,Live Poker Preflop Guide (2026),2026-01-06,16:40,,no
BTN SQZ vs MP OPEN & COLD CALL,BTN,squeeze,MP open + cold call,,K2o,squeeze,0,call,0,,0,100,Live Poker Preflop Guide (2026),2026-01-06,16:40,,no
BTN SQZ vs MP OPEN & COLD CALL,BTN,squeeze,MP open + cold call,,Q2o,squeeze,0,call,0,,0,100,Live Poker Preflop Guide (2026),2026-01-06,16:40,,no
BTN SQZ vs MP OPEN & COLD CALL,BTN,squeeze,MP open + cold call,,J2o,squeeze,0,call,0,,0,100,Live Poker Preflop Guide (2026),2026-01-06,16:40,,no
BTN SQZ vs MP OPEN & COLD CALL,BTN,squeeze,MP open + cold call,,T2o,squeeze,0,call,0,,0,100,Live Poker Preflop Guide (2026),2026-01-06,16:40,,no
BTN SQZ vs MP OPEN & COLD CALL,BTN,squeeze,MP open + cold call,,92o,squeeze,0,call,0,,0,100,Live Poker Preflop Guide (2026),2026-01-06,16:40,,no
BTN SQZ vs MP OPEN & COLD CALL,BTN,squeeze,MP open + cold call,,82o,squeeze,0,call,0,,0,100,Live Poker Preflop Guide (2026),2026-01-06,16:40,,no
BTN SQZ vs MP OPEN & COLD CALL,BTN,squeeze,MP open + cold call,,72o,squeeze,0,call,0,,0,100,Live Poker Preflop Guide (2026),2026-01-06,16:40,,no
BTN SQZ vs MP OPEN & COLD CALL,BTN,squeeze,MP open + cold call,,62o,squeeze,0,call,0,,0,100,Live Poker Preflop Guide (2026),2026-01-06,16:40,,no
BTN SQZ vs MP OPEN & COLD CALL,BTN,squeeze,MP open + cold call,,52o,squeeze,0,call,0,,0,100,Live Poker Preflop Guide (2026),2026-01-06,16:40,,no
BTN SQZ vs MP OPEN & COLD CALL,BTN,squeeze,MP open + cold call,,42o,squeeze,0,call,0,,0,100,Live Poker Preflop Guide (2026),2026-01-06,16:40,,no
BTN SQZ vs MP OPEN & COLD CALL,BTN,squeeze,MP open + cold call,,32o,squeeze,0,call,0,,0,100,Live Poker Preflop Guide (2026),2026-01-06,16:40,,no
BTN SQZ vs MP OPEN & COLD CALL,BTN,squeeze,MP open + cold call,,22,squeeze,0,call,100,,0,0,Live Poker Preflop Guide (2026),2026-01-06,16:40,,no
SB SQZ vs MP OPEN & COLD CALL,SB,squeeze,MP open + cold call,,AA,squeeze,100,,0,,0,0,Live Poker Preflop Guide (2026),2026-01-06,17:13,,no
SB SQZ vs MP OPEN & COLD CALL,SB,squeeze,MP open + cold call,,AKs,squeeze,100,,0,,0,0,Live Poker Preflop Guide (2026),2026-01-06,17:13,,no
SB SQZ vs MP OPEN & COLD CALL,SB,squeeze,MP open + cold call,,AQs,squeeze,100,,0,,0,0,Live Poker Preflop Guide (2026),2026-01-06,17:13,,no
SB SQZ vs MP OPEN & COLD CALL,SB,squeeze,MP open + cold call,,AJs,squeeze,100,,0,,0,0,Live Poker Preflop Guide (2026),2026-01-06,17:13,,no
SB SQZ vs MP OPEN & COLD CALL,SB,squeeze,MP open + cold call,,ATs,squeeze,100,,0,,0,0,Live Poker Preflop Guide (2026),2026-01-06,17:13,,no
SB SQZ vs MP OPEN & COLD CALL,SB,squeeze,MP open + cold call,,A9s,squeeze,0,,0,,0,100,Live Poker Preflop Guide (2026),2026-01-06,17:13,,no
SB SQZ vs MP OPEN & COLD CALL,SB,squeeze,MP open + cold call,,A8s,squeeze,0,,0,,0,100,Live Poker Preflop Guide (2026),2026-01-06,17:13,,no
SB SQZ vs MP OPEN & COLD CALL,SB,squeeze,MP open + cold call,,A7s,squeeze,0,,0,,0,100,Live Poker Preflop Guide (2026),2026-01-06,17:13,,no
SB SQZ vs MP OPEN & COLD CALL,SB,squeeze,MP open + cold call,,A6s,squeeze,0,,0,,0,100,Live Poker Preflop Guide (2026),2026-01-06,17:13,,no
SB SQZ vs MP OPEN & COLD CALL,SB,squeeze,MP open + cold call,,A5s,squeeze,0,,0,,0,100,Live Poker Preflop Guide (2026),2026-01-06,17:13,,no
SB SQZ vs MP OPEN & COLD CALL,SB,squeeze,MP open + cold call,,A4s,squeeze,0,,0,,0,100,Live Poker Preflop Guide (2026),2026-01-06,17:13,,no
SB SQZ vs MP OPEN & COLD CALL,SB,squeeze,MP open + cold call,,A3s,squeeze,0,,0,,0,100,Live Poker Preflop Guide (2026),2026-01-06,17:13,,no
SB SQZ vs MP OPEN & COLD CALL,SB,squeeze,MP open + cold call,,A2s,squeeze,0,,0,,0,100,Live Poker Preflop Guide (2026),2026-01-06,17:13,,no
SB SQZ vs MP OPEN & COLD CALL,SB,squeeze,MP open + cold call,,AKo,squeeze,100,,0,,0,0,Live Poker Preflop Guide (2026),2026-01-06,17:13,,no
SB SQZ vs MP OPEN & COLD CALL,SB,squeeze,MP open + cold call,,KK,squeeze,100,,0,,0,0,Live Poker Preflop Guide (2026),2026-01-06,17:13,,no
SB SQZ vs MP OPEN & COLD CALL,SB,squeeze,MP open + cold call,,KQs,squeeze,100,,0,,0,0,Live Poker Preflop Guide (2026),2026-01-06,17:13,,no
SB SQZ vs MP OPEN & COLD CALL,SB,squeeze,MP open + cold call,,KJs,squeeze,100,,0,,0,0,Live Poker Preflop Guide (2026),2026-01-06,17:13,,no
SB SQZ vs MP OPEN & COLD CALL,SB,squeeze,MP open + cold call,,KTs,squeeze,100,,0,,0,0,Live Poker Preflop Guide (2026),2026-01-06,17:13,,no
SB SQZ vs MP OPEN & COLD CALL,SB,squeeze,MP open + cold call,,K9s,squeeze,0,,0,,0,100,Live Poker Preflop Guide (2026),2026-01-06,17:13,,no
SB SQZ vs MP OPEN & COLD CALL,SB,squeeze,MP open + cold call,,K8s,squeeze,0,,0,,0,100,Live Poker Preflop Guide (2026),2026-01-06,17:13,,no
SB SQZ vs MP OPEN & COLD CALL,SB,squeeze,MP open + cold call,,K7s,squeeze,0,,0,,0,100,Live Poker Preflop Guide (2026),2026-01-06,17:13,,no
SB SQZ vs MP OPEN & COLD CALL,SB,squeeze,MP open + cold call,,K6s,squeeze,0,,0,,0,100,Live Poker Preflop Guide (2026),2026-01-06,17:13,,no
SB SQZ vs MP OPEN & COLD CALL,SB,squeeze,MP open + cold call,,K5s,squeeze,0,,0,,0,100,Live Poker Preflop Guide (2026),2026-01-06,17:13,,no
SB SQZ vs MP OPEN & COLD CALL,SB,squeeze,MP open + cold call,,K4s,squeeze,0,,0,,0,100,Live Poker Preflop Guide (2026),2026-01-06,17:13,,no
SB SQZ vs MP OPEN & COLD CALL,SB,squeeze,MP open + cold call,,K3s,squeeze,0,,0,,0,100,Live Poker Preflop Guide (2026),2026-01-06,17:13,,no
SB SQZ vs MP OPEN & COLD CALL,SB,squeeze,MP open + cold call,,K2s,squeeze,0,,0,,0,100,Live Poker Preflop Guide (2026),2026-01-06,17:13,,no
SB SQZ vs MP OPEN & COLD CALL,SB,squeeze,MP open + cold call,,AQo,squeeze,100,,0,,0,0,Live Poker Preflop Guide (2026),2026-01-06,17:13,,no
SB SQZ vs MP OPEN & COLD CALL,SB,squeeze,MP open + cold call,,KQo,squeeze,100,,0,,0,0,Live Poker Preflop Guide (2026),2026-01-06,17:13,,no
SB SQZ vs MP OPEN & COLD CALL,SB,squeeze,MP open + cold call,,QQ,squeeze,100,,0,,0,0,Live Poker Preflop Guide (2026),2026-01-06,17:13,,no
SB SQZ vs MP OPEN & COLD CALL,SB,squeeze,MP open + cold call,,QJs,squeeze,100,,0,,0,0,Live Poker Preflop Guide (2026),2026-01-06,17:13,,no
SB SQZ vs MP OPEN & COLD CALL,SB,squeeze,MP open + cold call,,QTs,squeeze,100,,0,,0,0,Live Poker Preflop Guide (2026),2026-01-06,17:13,,no
SB SQZ vs MP OPEN & COLD CALL,SB,squeeze,MP open + cold call,,Q9s,squeeze,0,,0,,0,100,Live Poker Preflop Guide (2026),2026-01-06,17:13,,no
SB SQZ vs MP OPEN & COLD CALL,SB,squeeze,MP open + cold call,,Q8s,squeeze,0,,0,,0,100,Live Poker Preflop Guide (2026),2026-01-06,17:13,,no
SB SQZ vs MP OPEN & COLD CALL,SB,squeeze,MP open + cold call,,Q7s,squeeze,0,,0,,0,100,Live Poker Preflop Guide (2026),2026-01-06,17:13,,no
SB SQZ vs MP OPEN & COLD CALL,SB,squeeze,MP open + cold call,,Q6s,squeeze,0,,0,,0,100,Live Poker Preflop Guide (2026),2026-01-06,17:13,,no
SB SQZ vs MP OPEN & COLD CALL,SB,squeeze,MP open + cold call,,Q5s,squeeze,0,,0,,0,100,Live Poker Preflop Guide (2026),2026-01-06,17:13,,no
SB SQZ vs MP OPEN & COLD CALL,SB,squeeze,MP open + cold call,,Q4s,squeeze,0,,0,,0,100,Live Poker Preflop Guide (2026),2026-01-06,17:13,,no
SB SQZ vs MP OPEN & COLD CALL,SB,squeeze,MP open + cold call,,Q3s,squeeze,0,,0,,0,100,Live Poker Preflop Guide (2026),2026-01-06,17:13,,no
SB SQZ vs MP OPEN & COLD CALL,SB,squeeze,MP open + cold call,,Q2s,squeeze,0,,0,,0,100,Live Poker Preflop Guide (2026),2026-01-06,17:13,,no
SB SQZ vs MP OPEN & COLD CALL,SB,squeeze,MP open + cold call,,AJo,squeeze,0,,0,,0,100,Live Poker Preflop Guide (2026),2026-01-06,17:13,,no
SB SQZ vs MP OPEN & COLD CALL,SB,squeeze,MP open + cold call,,KJo,squeeze,0,,0,,0,100,Live Poker Preflop Guide (2026),2026-01-06,17:13,,no
SB SQZ vs MP OPEN & COLD CALL,SB,squeeze,MP open + cold call,,QJo,squeeze,0,,0,,0,100,Live Poker Preflop Guide (2026),2026-01-06,17:13,,no
SB SQZ vs MP OPEN & COLD CALL,SB,squeeze,MP open + cold call,,JJ,squeeze,100,,0,,0,0,Live Poker Preflop Guide (2026),2026-01-06,17:13,,no
SB SQZ vs MP OPEN & COLD CALL,SB,squeeze,MP open + cold call,,JTs,squeeze,100,,0,,0,0,Live Poker Preflop Guide (2026),2026-01-06,17:13,,no
SB SQZ vs MP OPEN & COLD CALL,SB,squeeze,MP open + cold call,,J9s,squeeze,0,,0,,0,100,Live Poker Preflop Guide (2026),2026-01-06,17:13,,no
SB SQZ vs MP OPEN & COLD CALL,SB,squeeze,MP open + cold call,,J8s,squeeze,0,,0,,0,100,Live Poker Preflop Guide (2026),2026-01-06,17:13,,no
SB SQZ vs MP OPEN & COLD CALL,SB,squeeze,MP open + cold call,,J7s,squeeze,0,,0,,0,100,Live Poker Preflop Guide (2026),2026-01-06,17:13,,no
SB SQZ vs MP OPEN & COLD CALL,SB,squeeze,MP open + cold call,,J6s,squeeze,0,,0,,0,100,Live Poker Preflop Guide (2026),2026-01-06,17:13,,no
SB SQZ vs MP OPEN & COLD CALL,SB,squeeze,MP open + cold call,,J5s,squeeze,0,,0,,0,100,Live Poker Preflop Guide (2026),2026-01-06,17:13,,no
SB SQZ vs MP OPEN & COLD CALL,SB,squeeze,MP open + cold call,,J4s,squeeze,0,,0,,0,100,Live Poker Preflop Guide (2026),2026-01-06,17:13,,no
SB SQZ vs MP OPEN & COLD CALL,SB,squeeze,MP open + cold call,,J3s,squeeze,0,,0,,0,100,Live Poker Preflop Guide (2026),2026-01-06,17:13,,no
SB SQZ vs MP OPEN & COLD CALL,SB,squeeze,MP open + cold call,,J2s,squeeze,0,,0,,0,100,Live Poker Preflop Guide (2026),2026-01-06,17:13,,no
SB SQZ vs MP OPEN & COLD CALL,SB,squeeze,MP open + cold call,,ATo,squeeze,0,,0,,0,100,Live Poker Preflop Guide (2026),2026-01-06,17:13,,no
SB SQZ vs MP OPEN & COLD CALL,SB,squeeze,MP open + cold call,,KTo,squeeze,0,,0,,0,100,Live Poker Preflop Guide (2026),2026-01-06,17:13,,no
SB SQZ vs MP OPEN & COLD CALL,SB,squeeze,MP open + cold call,,QTo,squeeze,0,,0,,0,100,Live Poker Preflop Guide (2026),2026-01-06,17:13,,no
SB SQZ vs MP OPEN & COLD CALL,SB,squeeze,MP open + cold call,,JTo,squeeze,0,,0,,0,100,Live Poker Preflop Guide (2026),2026-01-06,17:13,,no
SB SQZ vs MP OPEN & COLD CALL,SB,squeeze,MP open + cold call,,TT,squeeze,100,,0,,0,0,Live Poker Preflop Guide (2026),2026-01-06,17:13,,no
SB SQZ vs MP OPEN & COLD CALL,SB,squeeze,MP open + cold call,,T9s,squeeze,100,,0,,0,0,Live Poker Preflop Guide (2026),2026-01-06,17:13,,no
SB SQZ vs MP OPEN & COLD CALL,SB,squeeze,MP open + cold call,,T8s,squeeze,0,,0,,0,100,Live Poker Preflop Guide (2026),2026-01-06,17:13,,no
SB SQZ vs MP OPEN & COLD CALL,SB,squeeze,MP open + cold call,,T7s,squeeze,0,,0,,0,100,Live Poker Preflop Guide (2026),2026-01-06,17:13,,no
SB SQZ vs MP OPEN & COLD CALL,SB,squeeze,MP open + cold call,,T6s,squeeze,0,,0,,0,100,Live Poker Preflop Guide (2026),2026-01-06,17:13,,no
SB SQZ vs MP OPEN & COLD CALL,SB,squeeze,MP open + cold call,,T5s,squeeze,0,,0,,0,100,Live Poker Preflop Guide (2026),2026-01-06,17:13,,no
SB SQZ vs MP OPEN & COLD CALL,SB,squeeze,MP open + cold call,,T4s,squeeze,0,,0,,0,100,Live Poker Preflop Guide (2026),2026-01-06,17:13,,no
SB SQZ vs MP OPEN & COLD CALL,SB,squeeze,MP open + cold call,,T3s,squeeze,0,,0,,0,100,Live Poker Preflop Guide (2026),2026-01-06,17:13,,no
SB SQZ vs MP OPEN & COLD CALL,SB,squeeze,MP open + cold call,,T2s,squeeze,0,,0,,0,100,Live Poker Preflop Guide (2026),2026-01-06,17:13,,no
SB SQZ vs MP OPEN & COLD CALL,SB,squeeze,MP open + cold call,,A9o,squeeze,0,,0,,0,100,Live Poker Preflop Guide (2026),2026-01-06,17:13,,no
SB SQZ vs MP OPEN & COLD CALL,SB,squeeze,MP open + cold call,,K9o,squeeze,0,,0,,0,100,Live Poker Preflop Guide (2026),2026-01-06,17:13,,no
SB SQZ vs MP OPEN & COLD CALL,SB,squeeze,MP open + cold call,,Q9o,squeeze,0,,0,,0,100,Live Poker Preflop Guide (2026),2026-01-06,17:13,,no
SB SQZ vs MP OPEN & COLD CALL,SB,squeeze,MP open + cold call,,J9o,squeeze,0,,0,,0,100,Live Poker Preflop Guide (2026),2026-01-06,17:13,,no
SB SQZ vs MP OPEN & COLD CALL,SB,squeeze,MP open + cold call,,T9o,squeeze,0,,0,,0,100,Live Poker Preflop Guide (2026),2026-01-06,17:13,,no
SB SQZ vs MP OPEN & COLD CALL,SB,squeeze,MP open + cold call,,99,squeeze,100,,0,,0,0,Live Poker Preflop Guide (2026),2026-01-06,17:13,,no
SB SQZ vs MP OPEN & COLD CALL,SB,squeeze,MP open + cold call,,98s,squeeze,0,,0,,0,100,Live Poker Preflop Guide (2026),2026-01-06,17:13,,no
SB SQZ vs MP OPEN & COLD CALL,SB,squeeze,MP open + cold call,,97s,squeeze,0,,0,,0,100,Live Poker Preflop Guide (2026),2026-01-06,17:13,,no
SB SQZ vs MP OPEN & COLD CALL,SB,squeeze,MP open + cold call,,96s,squeeze,0,,0,,0,100,Live Poker Preflop Guide (2026),2026-01-06,17:13,,no
SB SQZ vs MP OPEN & COLD CALL,SB,squeeze,MP open + cold call,,95s,squeeze,0,,0,,0,100,Live Poker Preflop Guide (2026),2026-01-06,17:13,,no
SB SQZ vs MP OPEN & COLD CALL,SB,squeeze,MP open + cold call,,94s,squeeze,0,,0,,0,100,Live Poker Preflop Guide (2026),2026-01-06,17:13,,no
SB SQZ vs MP OPEN & COLD CALL,SB,squeeze,MP open + cold call,,93s,squeeze,0,,0,,0,100,Live Poker Preflop Guide (2026),2026-01-06,17:13,,no
SB SQZ vs MP OPEN & COLD CALL,SB,squeeze,MP open + cold call,,92s,squeeze,0,,0,,0,100,Live Poker Preflop Guide (2026),2026-01-06,17:13,,no
SB SQZ vs MP OPEN & COLD CALL,SB,squeeze,MP open + cold call,,A8o,squeeze,0,,0,,0,100,Live Poker Preflop Guide (2026),2026-01-06,17:13,,no
SB SQZ vs MP OPEN & COLD CALL,SB,squeeze,MP open + cold call,,K8o,squeeze,0,,0,,0,100,Live Poker Preflop Guide (2026),2026-01-06,17:13,,no
SB SQZ vs MP OPEN & COLD CALL,SB,squeeze,MP open + cold call,,Q8o,squeeze,0,,0,,0,100,Live Poker Preflop Guide (2026),2026-01-06,17:13,,no
SB SQZ vs MP OPEN & COLD CALL,SB,squeeze,MP open + cold call,,J8o,squeeze,0,,0,,0,100,Live Poker Preflop Guide (2026),2026-01-06,17:13,,no
SB SQZ vs MP OPEN & COLD CALL,SB,squeeze,MP open + cold call,,T8o,squeeze,0,,0,,0,100,Live Poker Preflop Guide (2026),2026-01-06,17:13,,no
SB SQZ vs MP OPEN & COLD CALL,SB,squeeze,MP open + cold call,,98o,squeeze,0,,0,,0,100,Live Poker Preflop Guide (2026),2026-01-06,17:13,,no
SB SQZ vs MP OPEN & COLD CALL,SB,squeeze,MP open + cold call,,88,squeeze,100,,0,,0,0,Live Poker Preflop Guide (2026),2026-01-06,17:13,,no
SB SQZ vs MP OPEN & COLD CALL,SB,squeeze,MP open + cold call,,87s,squeeze,0,,0,,0,100,Live Poker Preflop Guide (2026),2026-01-06,17:13,,no
SB SQZ vs MP OPEN & COLD CALL,SB,squeeze,MP open + cold call,,86s,squeeze,0,,0,,0,100,Live Poker Preflop Guide (2026),2026-01-06,17:13,,no
SB SQZ vs MP OPEN & COLD CALL,SB,squeeze,MP open + cold call,,85s,squeeze,0,,0,,0,100,Live Poker Preflop Guide (2026),2026-01-06,17:13,,no
SB SQZ vs MP OPEN & COLD CALL,SB,squeeze,MP open + cold call,,84s,squeeze,0,,0,,0,100,Live Poker Preflop Guide (2026),2026-01-06,17:13,,no
SB SQZ vs MP OPEN & COLD CALL,SB,squeeze,MP open + cold call,,83s,squeeze,0,,0,,0,100,Live Poker Preflop Guide (2026),2026-01-06,17:13,,no
SB SQZ vs MP OPEN & COLD CALL,SB,squeeze,MP open + cold call,,82s,squeeze,0,,0,,0,100,Live Poker Preflop Guide (2026),2026-01-06,17:13,,no
SB SQZ vs MP OPEN & COLD CALL,SB,squeeze,MP open + cold call,,A7o,squeeze,0,,0,,0,100,Live Poker Preflop Guide (2026),2026-01-06,17:13,,no
SB SQZ vs MP OPEN & COLD CALL,SB,squeeze,MP open + cold call,,K7o,squeeze,0,,0,,0,100,Live Poker Preflop Guide (2026),2026-01-06,17:13,,no
SB SQZ vs MP OPEN & COLD CALL,SB,squeeze,MP open + cold call,,Q7o,squeeze,0,,0,,0,100,Live Poker Preflop Guide (2026),2026-01-06,17:13,,no
SB SQZ vs MP OPEN & COLD CALL,SB,squeeze,MP open + cold call,,J7o,squeeze,0,,0,,0,100,Live Poker Preflop Guide (2026),2026-01-06,17:13,,no
SB SQZ vs MP OPEN & COLD CALL,SB,squeeze,MP open + cold call,,T7o,squeeze,0,,0,,0,100,Live Poker Preflop Guide (2026),2026-01-06,17:13,,no
SB SQZ vs MP OPEN & COLD CALL,SB,squeeze,MP open + cold call,,97o,squeeze,0,,0,,0,100,Live Poker Preflop Guide (2026),2026-01-06,17:13,,no
SB SQZ vs MP OPEN & COLD CALL,SB,squeeze,MP open + cold call,,87o,squeeze,0,,0,,0,100,Live Poker Preflop Guide (2026),2026-01-06,17:13,,no
SB SQZ vs MP OPEN & COLD CALL,SB,squeeze,MP open + cold call,,77,squeeze,0,,0,,0,100,Live Poker Preflop Guide (2026),2026-01-06,17:13,,no
SB SQZ vs MP OPEN & COLD CALL,SB,squeeze,MP open + cold call,,76s,squeeze,0,,0,,0,100,Live Poker Preflop Guide (2026),2026-01-06,17:13,,no
SB SQZ vs MP OPEN & COLD CALL,SB,squeeze,MP open + cold call,,75s,squeeze,0,,0,,0,100,Live Poker Preflop Guide (2026),2026-01-06,17:13,,no
SB SQZ vs MP OPEN & COLD CALL,SB,squeeze,MP open + cold call,,74s,squeeze,0,,0,,0,100,Live Poker Preflop Guide (2026),2026-01-06,17:13,,no
SB SQZ vs MP OPEN & COLD CALL,SB,squeeze,MP open + cold call,,73s,squeeze,0,,0,,0,100,Live Poker Preflop Guide (2026),2026-01-06,17:13,,no
SB SQZ vs MP OPEN & COLD CALL,SB,squeeze,MP open + cold call,,72s,squeeze,0,,0,,0,100,Live Poker Preflop Guide (2026),2026-01-06,17:13,,no
SB SQZ vs MP OPEN & COLD CALL,SB,squeeze,MP open + cold call,,A6o,squeeze,0,,0,,0,100,Live Poker Preflop Guide (2026),2026-01-06,17:13,,no
SB SQZ vs MP OPEN & COLD CALL,SB,squeeze,MP open + cold call,,K6o,squeeze,0,,0,,0,100,Live Poker Preflop Guide (2026),2026-01-06,17:13,,no
SB SQZ vs MP OPEN & COLD CALL,SB,squeeze,MP open + cold call,,Q6o,squeeze,0,,0,,0,100,Live Poker Preflop Guide (2026),2026-01-06,17:13,,no
SB SQZ vs MP OPEN & COLD CALL,SB,squeeze,MP open + cold call,,J6o,squeeze,0,,0,,0,100,Live Poker Preflop Guide (2026),2026-01-06,17:13,,no
SB SQZ vs MP OPEN & COLD CALL,SB,squeeze,MP open + cold call,,T6o,squeeze,0,,0,,0,100,Live Poker Preflop Guide (2026),2026-01-06,17:13,,no
SB SQZ vs MP OPEN & COLD CALL,SB,squeeze,MP open + cold call,,96o,squeeze,0,,0,,0,100,Live Poker Preflop Guide (2026),2026-01-06,17:13,,no
SB SQZ vs MP OPEN & COLD CALL,SB,squeeze,MP open + cold call,,86o,squeeze,0,,0,,0,100,Live Poker Preflop Guide (2026),2026-01-06,17:13,,no
SB SQZ vs MP OPEN & COLD CALL,SB,squeeze,MP open + cold call,,76o,squeeze,0,,0,,0,100,Live Poker Preflop Guide (2026),2026-01-06,17:13,,no
SB SQZ vs MP OPEN & COLD CALL,SB,squeeze,MP open + cold call,,66,squeeze,0,,0,,0,100,Live Poker Preflop Guide (2026),2026-01-06,17:13,,no
SB SQZ vs MP OPEN & COLD CALL,SB,squeeze,MP open + cold call,,65s,squeeze,0,,0,,0,100,Live Poker Preflop Guide (2026),2026-01-06,17:13,,no
SB SQZ vs MP OPEN & COLD CALL,SB,squeeze,MP open + cold call,,64s,squeeze,0,,0,,0,100,Live Poker Preflop Guide (2026),2026-01-06,17:13,,no
SB SQZ vs MP OPEN & COLD CALL,SB,squeeze,MP open + cold call,,63s,squeeze,0,,0,,0,100,Live Poker Preflop Guide (2026),2026-01-06,17:13,,no
SB SQZ vs MP OPEN & COLD CALL,SB,squeeze,MP open + cold call,,62s,squeeze,0,,0,,0,100,Live Poker Preflop Guide (2026),2026-01-06,17:13,,no
SB SQZ vs MP OPEN & COLD CALL,SB,squeeze,MP open + cold call,,A5o,squeeze,0,,0,,0,100,Live Poker Preflop Guide (2026),2026-01-06,17:13,,no
SB SQZ vs MP OPEN & COLD CALL,SB,squeeze,MP open + cold call,,K5o,squeeze,0,,0,,0,100,Live Poker Preflop Guide (2026),2026-01-06,17:13,,no
SB SQZ vs MP OPEN & COLD CALL,SB,squeeze,MP open + cold call,,Q5o,squeeze,0,,0,,0,100,Live Poker Preflop Guide (2026),2026-01-06,17:13,,no
SB SQZ vs MP OPEN & COLD CALL,SB,squeeze,MP open + cold call,,J5o,squeeze,0,,0,,0,100,Live Poker Preflop Guide (2026),2026-01-06,17:13,,no
SB SQZ vs MP OPEN & COLD CALL,SB,squeeze,MP open + cold call,,T5o,squeeze,0,,0,,0,100,Live Poker Preflop Guide (2026),2026-01-06,17:13,,no
SB SQZ vs MP OPEN & COLD CALL,SB,squeeze,MP open + cold call,,95o,squeeze,0,,0,,0,100,Live Poker Preflop Guide (2026),2026-01-06,17:13,,no
SB SQZ vs MP OPEN & COLD CALL,SB,squeeze,MP open + cold call,,85o,squeeze,0,,0,,0,100,Live Poker Preflop Guide (2026),2026-01-06,17:13,,no
SB SQZ vs MP OPEN & COLD CALL,SB,squeeze,MP open + cold call,,75o,squeeze,0,,0,,0,100,Live Poker Preflop Guide (2026),2026-01-06,17:13,,no
SB SQZ vs MP OPEN & COLD CALL,SB,squeeze,MP open + cold call,,65o,squeeze,0,,0,,0,100,Live Poker Preflop Guide (2026),2026-01-06,17:13,,no
SB SQZ vs MP OPEN & COLD CALL,SB,squeeze,MP open + cold call,,55,squeeze,0,,0,,0,100,Live Poker Preflop Guide (2026),2026-01-06,17:13,,no
SB SQZ vs MP OPEN & COLD CALL,SB,squeeze,MP open + cold call,,54s,squeeze,0,,0,,0,100,Live Poker Preflop Guide (2026),2026-01-06,17:13,,no
SB SQZ vs MP OPEN & COLD CALL,SB,squeeze,MP open + cold call,,53s,squeeze,0,,0,,0,100,Live Poker Preflop Guide (2026),2026-01-06,17:13,,no
SB SQZ vs MP OPEN & COLD CALL,SB,squeeze,MP open + cold call,,52s,squeeze,0,,0,,0,100,Live Poker Preflop Guide (2026),2026-01-06,17:13,,no
SB SQZ vs MP OPEN & COLD CALL,SB,squeeze,MP open + cold call,,A4o,squeeze,0,,0,,0,100,Live Poker Preflop Guide (2026),2026-01-06,17:13,,no
SB SQZ vs MP OPEN & COLD CALL,SB,squeeze,MP open + cold call,,K4o,squeeze,0,,0,,0,100,Live Poker Preflop Guide (2026),2026-01-06,17:13,,no
SB SQZ vs MP OPEN & COLD CALL,SB,squeeze,MP open + cold call,,Q4o,squeeze,0,,0,,0,100,Live Poker Preflop Guide (2026),2026-01-06,17:13,,no
SB SQZ vs MP OPEN & COLD CALL,SB,squeeze,MP open + cold call,,J4o,squeeze,0,,0,,0,100,Live Poker Preflop Guide (2026),2026-01-06,17:13,,no
SB SQZ vs MP OPEN & COLD CALL,SB,squeeze,MP open + cold call,,T4o,squeeze,0,,0,,0,100,Live Poker Preflop Guide (2026),2026-01-06,17:13,,no
SB SQZ vs MP OPEN & COLD CALL,SB,squeeze,MP open + cold call,,94o,squeeze,0,,0,,0,100,Live Poker Preflop Guide (2026),2026-01-06,17:13,,no
SB SQZ vs MP OPEN & COLD CALL,SB,squeeze,MP open + cold call,,84o,squeeze,0,,0,,0,100,Live Poker Preflop Guide (2026),2026-01-06,17:13,,no
SB SQZ vs MP OPEN & COLD CALL,SB,squeeze,MP open + cold call,,74o,squeeze,0,,0,,0,100,Live Poker Preflop Guide (2026),2026-01-06,17:13,,no
SB SQZ vs MP OPEN & COLD CALL,SB,squeeze,MP open + cold call,,64o,squeeze,0,,0,,0,100,Live Poker Preflop Guide (2026),2026-01-06,17:13,,no
SB SQZ vs MP OPEN & COLD CALL,SB,squeeze,MP open + cold call,,54o,squeeze,0,,0,,0,100,Live Poker Preflop Guide (2026),2026-01-06,17:13,,no
SB SQZ vs MP OPEN & COLD CALL,SB,squeeze,MP open + cold call,,44,squeeze,0,,0,,0,100,Live Poker Preflop Guide (2026),2026-01-06,17:13,,no
SB SQZ vs MP OPEN & COLD CALL,SB,squeeze,MP open + cold call,,43s,squeeze,0,,0,,0,100,Live Poker Preflop Guide (2026),2026-01-06,17:13,,no
SB SQZ vs MP OPEN & COLD CALL,SB,squeeze,MP open + cold call,,42s,squeeze,0,,0,,0,100,Live Poker Preflop Guide (2026),2026-01-06,17:13,,no
SB SQZ vs MP OPEN & COLD CALL,SB,squeeze,MP open + cold call,,A3o,squeeze,0,,0,,0,100,Live Poker Preflop Guide (2026),2026-01-06,17:13,,no
SB SQZ vs MP OPEN & COLD CALL,SB,squeeze,MP open + cold call,,K3o,squeeze,0,,0,,0,100,Live Poker Preflop Guide (2026),2026-01-06,17:13,,no
SB SQZ vs MP OPEN & COLD CALL,SB,squeeze,MP open + cold call,,Q3o,squeeze,0,,0,,0,100,Live Poker Preflop Guide (2026),2026-01-06,17:13,,no
SB SQZ vs MP OPEN & COLD CALL,SB,squeeze,MP open + cold call,,J3o,squeeze,0,,0,,0,100,Live Poker Preflop Guide (2026),2026-01-06,17:13,,no
SB SQZ vs MP OPEN & COLD CALL,SB,squeeze,MP open + cold call,,T3o,squeeze,0,,0,,0,100,Live Poker Preflop Guide (2026),2026-01-06,17:13,,no
SB SQZ vs MP OPEN & COLD CALL,SB,squeeze,MP open + cold call,,93o,squeeze,0,,0,,0,100,Live Poker Preflop Guide (2026),2026-01-06,17:13,,no
SB SQZ vs MP OPEN & COLD CALL,SB,squeeze,MP open + cold call,,83o,squeeze,0,,0,,0,100,Live Poker Preflop Guide (2026),2026-01-06,17:13,,no
SB SQZ vs MP OPEN & COLD CALL,SB,squeeze,MP open + cold call,,73o,squeeze,0,,0,,0,100,Live Poker Preflop Guide (2026),2026-01-06,17:13,,no
SB SQZ vs MP OPEN & COLD CALL,SB,squeeze,MP open + cold call,,63o,squeeze,0,,0,,0,100,Live Poker Preflop Guide (2026),2026-01-06,17:13,,no
SB SQZ vs MP OPEN & COLD CALL,SB,squeeze,MP open + cold call,,53o,squeeze,0,,0,,0,100,Live Poker Preflop Guide (2026),2026-01-06,17:13,,no
SB SQZ vs MP OPEN & COLD CALL,SB,squeeze,MP open + cold call,,43o,squeeze,0,,0,,0,100,Live Poker Preflop Guide (2026),2026-01-06,17:13,,no
SB SQZ vs MP OPEN & COLD CALL,SB,squeeze,MP open + cold call,,33,squeeze,0,,0,,0,100,Live Poker Preflop Guide (2026),2026-01-06,17:13,,no
SB SQZ vs MP OPEN & COLD CALL,SB,squeeze,MP open + cold call,,32s,squeeze,0,,0,,0,100,Live Poker Preflop Guide (2026),2026-01-06,17:13,,no
SB SQZ vs MP OPEN & COLD CALL,SB,squeeze,MP open + cold call,,A2o,squeeze,0,,0,,0,100,Live Poker Preflop Guide (2026),2026-01-06,17:13,,no
SB SQZ vs MP OPEN & COLD CALL,SB,squeeze,MP open + cold call,,K2o,squeeze,0,,0,,0,100,Live Poker Preflop Guide (2026),2026-01-06,17:13,,no
SB SQZ vs MP OPEN & COLD CALL,SB,squeeze,MP open + cold call,,Q2o,squeeze,0,,0,,0,100,Live Poker Preflop Guide (2026),2026-01-06,17:13,,no
SB SQZ vs MP OPEN & COLD CALL,SB,squeeze,MP open + cold call,,J2o,squeeze,0,,0,,0,100,Live Poker Preflop Guide (2026),2026-01-06,17:13,,no
SB SQZ vs MP OPEN & COLD CALL,SB,squeeze,MP open + cold call,,T2o,squeeze,0,,0,,0,100,Live Poker Preflop Guide (2026),2026-01-06,17:13,,no
SB SQZ vs MP OPEN & COLD CALL,SB,squeeze,MP open + cold call,,92o,squeeze,0,,0,,0,100,Live Poker Preflop Guide (2026),2026-01-06,17:13,,no
SB SQZ vs MP OPEN & COLD CALL,SB,squeeze,MP open + cold call,,82o,squeeze,0,,0,,0,100,Live Poker Preflop Guide (2026),2026-01-06,17:13,,no
SB SQZ vs MP OPEN & COLD CALL,SB,squeeze,MP open + cold call,,72o,squeeze,0,,0,,0,100,Live Poker Preflop Guide (2026),2026-01-06,17:13,,no
SB SQZ vs MP OPEN & COLD CALL,SB,squeeze,MP open + cold call,,62o,squeeze,0,,0,,0,100,Live Poker Preflop Guide (2026),2026-01-06,17:13,,no
SB SQZ vs MP OPEN & COLD CALL,SB,squeeze,MP open + cold call,,52o,squeeze,0,,0,,0,100,Live Poker Preflop Guide (2026),2026-01-06,17:13,,no
SB SQZ vs MP OPEN & COLD CALL,SB,squeeze,MP open + cold call,,42o,squeeze,0,,0,,0,100,Live Poker Preflop Guide (2026),2026-01-06,17:13,,no
SB SQZ vs MP OPEN & COLD CALL,SB,squeeze,MP open + cold call,,32o,squeeze,0,,0,,0,100,Live Poker Preflop Guide (2026),2026-01-06,17:13,,no
SB SQZ vs MP OPEN & COLD CALL,SB,squeeze,MP open + cold call,,22,squeeze,0,,0,,0,100,Live Poker Preflop Guide (2026),2026-01-06,17:13,,no
OOP vs PASSIVE 3BET,opener OOP,vs_3bet,3bettor IP,passive 3bettor,AA,4bet,100,call,0,,0,0,Live Poker Preflop Guide (2026),2026-01-06,20:35,,no
OOP vs PASSIVE 3BET,opener OOP,vs_3bet,3bettor IP,passive 3bettor,AKs,4bet,100,call,0,,0,0,Live Poker Preflop Guide (2026),2026-01-06,20:35,,no
OOP vs PASSIVE 3BET,opener OOP,vs_3bet,3bettor IP,passive 3bettor,AQs,4bet,50,call,50,,0,0,Live Poker Preflop Guide (2026),2026-01-06,20:35,"SITUATIONAL (Mark): play this action when you have a bigger edge on the player, lower rake, or deeper stacks; leave it out with an aggressive 4-bettor behind.",yes
OOP vs PASSIVE 3BET,opener OOP,vs_3bet,3bettor IP,passive 3bettor,AJs,4bet,0,call,50,,0,50,Live Poker Preflop Guide (2026),2026-01-06,20:35,"SITUATIONAL (Mark): play this action when you have a bigger edge on the player, lower rake, or deeper stacks; leave it out with an aggressive 4-bettor behind.",yes
OOP vs PASSIVE 3BET,opener OOP,vs_3bet,3bettor IP,passive 3bettor,ATs,4bet,0,call,50,,0,50,Live Poker Preflop Guide (2026),2026-01-06,20:35,"SITUATIONAL (Mark): play this action when you have a bigger edge on the player, lower rake, or deeper stacks; leave it out with an aggressive 4-bettor behind.",yes
OOP vs PASSIVE 3BET,opener OOP,vs_3bet,3bettor IP,passive 3bettor,A9s,4bet,0,call,50,,0,50,Live Poker Preflop Guide (2026),2026-01-06,20:35,"SITUATIONAL (Mark): play this action when you have a bigger edge on the player, lower rake, or deeper stacks; leave it out with an aggressive 4-bettor behind.",yes
OOP vs PASSIVE 3BET,opener OOP,vs_3bet,3bettor IP,passive 3bettor,A8s,4bet,0,call,0,,0,100,Live Poker Preflop Guide (2026),2026-01-06,20:35,,no
OOP vs PASSIVE 3BET,opener OOP,vs_3bet,3bettor IP,passive 3bettor,A7s,4bet,0,call,0,,0,100,Live Poker Preflop Guide (2026),2026-01-06,20:35,,no
OOP vs PASSIVE 3BET,opener OOP,vs_3bet,3bettor IP,passive 3bettor,A6s,4bet,0,call,0,,0,100,Live Poker Preflop Guide (2026),2026-01-06,20:35,,no
OOP vs PASSIVE 3BET,opener OOP,vs_3bet,3bettor IP,passive 3bettor,A5s,4bet,0,call,0,,0,100,Live Poker Preflop Guide (2026),2026-01-06,20:35,,no
OOP vs PASSIVE 3BET,opener OOP,vs_3bet,3bettor IP,passive 3bettor,A4s,4bet,0,call,0,,0,100,Live Poker Preflop Guide (2026),2026-01-06,20:35,,no
OOP vs PASSIVE 3BET,opener OOP,vs_3bet,3bettor IP,passive 3bettor,A3s,4bet,0,call,0,,0,100,Live Poker Preflop Guide (2026),2026-01-06,20:35,,no
OOP vs PASSIVE 3BET,opener OOP,vs_3bet,3bettor IP,passive 3bettor,A2s,4bet,0,call,0,,0,100,Live Poker Preflop Guide (2026),2026-01-06,20:35,,no
OOP vs PASSIVE 3BET,opener OOP,vs_3bet,3bettor IP,passive 3bettor,AKo,4bet,50,call,50,,0,0,Live Poker Preflop Guide (2026),2026-01-06,20:35,"SITUATIONAL (Mark): play this action when you have a bigger edge on the player, lower rake, or deeper stacks; leave it out with an aggressive 4-bettor behind.",yes
OOP vs PASSIVE 3BET,opener OOP,vs_3bet,3bettor IP,passive 3bettor,KK,4bet,100,call,0,,0,0,Live Poker Preflop Guide (2026),2026-01-06,20:35,,no
OOP vs PASSIVE 3BET,opener OOP,vs_3bet,3bettor IP,passive 3bettor,KQs,4bet,0,call,100,,0,0,Live Poker Preflop Guide (2026),2026-01-06,20:35,,no
OOP vs PASSIVE 3BET,opener OOP,vs_3bet,3bettor IP,passive 3bettor,KJs,4bet,0,call,50,,0,50,Live Poker Preflop Guide (2026),2026-01-06,20:35,"SITUATIONAL (Mark): play this action when you have a bigger edge on the player, lower rake, or deeper stacks; leave it out with an aggressive 4-bettor behind.",yes
OOP vs PASSIVE 3BET,opener OOP,vs_3bet,3bettor IP,passive 3bettor,KTs,4bet,0,call,50,,0,50,Live Poker Preflop Guide (2026),2026-01-06,20:35,"SITUATIONAL (Mark): play this action when you have a bigger edge on the player, lower rake, or deeper stacks; leave it out with an aggressive 4-bettor behind.",yes
OOP vs PASSIVE 3BET,opener OOP,vs_3bet,3bettor IP,passive 3bettor,K9s,4bet,0,call,0,,0,100,Live Poker Preflop Guide (2026),2026-01-06,20:35,,no
OOP vs PASSIVE 3BET,opener OOP,vs_3bet,3bettor IP,passive 3bettor,K8s,4bet,0,call,0,,0,100,Live Poker Preflop Guide (2026),2026-01-06,20:35,,no
OOP vs PASSIVE 3BET,opener OOP,vs_3bet,3bettor IP,passive 3bettor,K7s,4bet,0,call,0,,0,100,Live Poker Preflop Guide (2026),2026-01-06,20:35,,no
OOP vs PASSIVE 3BET,opener OOP,vs_3bet,3bettor IP,passive 3bettor,K6s,4bet,0,call,0,,0,100,Live Poker Preflop Guide (2026),2026-01-06,20:35,,no
OOP vs PASSIVE 3BET,opener OOP,vs_3bet,3bettor IP,passive 3bettor,K5s,4bet,0,call,0,,0,100,Live Poker Preflop Guide (2026),2026-01-06,20:35,,no
OOP vs PASSIVE 3BET,opener OOP,vs_3bet,3bettor IP,passive 3bettor,K4s,4bet,0,call,0,,0,100,Live Poker Preflop Guide (2026),2026-01-06,20:35,,no
OOP vs PASSIVE 3BET,opener OOP,vs_3bet,3bettor IP,passive 3bettor,K3s,4bet,0,call,0,,0,100,Live Poker Preflop Guide (2026),2026-01-06,20:35,,no
OOP vs PASSIVE 3BET,opener OOP,vs_3bet,3bettor IP,passive 3bettor,K2s,4bet,0,call,0,,0,100,Live Poker Preflop Guide (2026),2026-01-06,20:35,,no
OOP vs PASSIVE 3BET,opener OOP,vs_3bet,3bettor IP,passive 3bettor,AQo,4bet,0,call,0,,0,100,Live Poker Preflop Guide (2026),2026-01-06,20:35,,no
OOP vs PASSIVE 3BET,opener OOP,vs_3bet,3bettor IP,passive 3bettor,KQo,4bet,0,call,0,,0,100,Live Poker Preflop Guide (2026),2026-01-06,20:35,,no
OOP vs PASSIVE 3BET,opener OOP,vs_3bet,3bettor IP,passive 3bettor,QQ,4bet,50,call,50,,0,0,Live Poker Preflop Guide (2026),2026-01-06,20:35,"SITUATIONAL (Mark): play this action when you have a bigger edge on the player, lower rake, or deeper stacks; leave it out with an aggressive 4-bettor behind.",yes
OOP vs PASSIVE 3BET,opener OOP,vs_3bet,3bettor IP,passive 3bettor,QJs,4bet,0,call,100,,0,0,Live Poker Preflop Guide (2026),2026-01-06,20:35,,no
OOP vs PASSIVE 3BET,opener OOP,vs_3bet,3bettor IP,passive 3bettor,QTs,4bet,0,call,50,,0,50,Live Poker Preflop Guide (2026),2026-01-06,20:35,"SITUATIONAL (Mark): play this action when you have a bigger edge on the player, lower rake, or deeper stacks; leave it out with an aggressive 4-bettor behind.",yes
OOP vs PASSIVE 3BET,opener OOP,vs_3bet,3bettor IP,passive 3bettor,Q9s,4bet,0,call,50,,0,50,Live Poker Preflop Guide (2026),2026-01-06,20:35,"SITUATIONAL (Mark): play this action when you have a bigger edge on the player, lower rake, or deeper stacks; leave it out with an aggressive 4-bettor behind.",yes
OOP vs PASSIVE 3BET,opener OOP,vs_3bet,3bettor IP,passive 3bettor,Q8s,4bet,0,call,0,,0,100,Live Poker Preflop Guide (2026),2026-01-06,20:35,,no
OOP vs PASSIVE 3BET,opener OOP,vs_3bet,3bettor IP,passive 3bettor,Q7s,4bet,0,call,0,,0,100,Live Poker Preflop Guide (2026),2026-01-06,20:35,,no
OOP vs PASSIVE 3BET,opener OOP,vs_3bet,3bettor IP,passive 3bettor,Q6s,4bet,0,call,0,,0,100,Live Poker Preflop Guide (2026),2026-01-06,20:35,,no
OOP vs PASSIVE 3BET,opener OOP,vs_3bet,3bettor IP,passive 3bettor,Q5s,4bet,0,call,0,,0,100,Live Poker Preflop Guide (2026),2026-01-06,20:35,,no
OOP vs PASSIVE 3BET,opener OOP,vs_3bet,3bettor IP,passive 3bettor,Q4s,4bet,0,call,0,,0,100,Live Poker Preflop Guide (2026),2026-01-06,20:35,,no
OOP vs PASSIVE 3BET,opener OOP,vs_3bet,3bettor IP,passive 3bettor,Q3s,4bet,0,call,0,,0,100,Live Poker Preflop Guide (2026),2026-01-06,20:35,,no
OOP vs PASSIVE 3BET,opener OOP,vs_3bet,3bettor IP,passive 3bettor,Q2s,4bet,0,call,0,,0,100,Live Poker Preflop Guide (2026),2026-01-06,20:35,,no
OOP vs PASSIVE 3BET,opener OOP,vs_3bet,3bettor IP,passive 3bettor,AJo,4bet,0,call,0,,0,100,Live Poker Preflop Guide (2026),2026-01-06,20:35,,no
OOP vs PASSIVE 3BET,opener OOP,vs_3bet,3bettor IP,passive 3bettor,KJo,4bet,0,call,0,,0,100,Live Poker Preflop Guide (2026),2026-01-06,20:35,,no
OOP vs PASSIVE 3BET,opener OOP,vs_3bet,3bettor IP,passive 3bettor,QJo,4bet,0,call,0,,0,100,Live Poker Preflop Guide (2026),2026-01-06,20:35,,no
OOP vs PASSIVE 3BET,opener OOP,vs_3bet,3bettor IP,passive 3bettor,JJ,4bet,50,call,50,,0,0,Live Poker Preflop Guide (2026),2026-01-06,20:35,"SITUATIONAL (Mark): play this action when you have a bigger edge on the player, lower rake, or deeper stacks; leave it out with an aggressive 4-bettor behind.",yes
OOP vs PASSIVE 3BET,opener OOP,vs_3bet,3bettor IP,passive 3bettor,JTs,4bet,0,call,100,,0,0,Live Poker Preflop Guide (2026),2026-01-06,20:35,,no
OOP vs PASSIVE 3BET,opener OOP,vs_3bet,3bettor IP,passive 3bettor,J9s,4bet,0,call,50,,0,50,Live Poker Preflop Guide (2026),2026-01-06,20:35,"SITUATIONAL (Mark): play this action when you have a bigger edge on the player, lower rake, or deeper stacks; leave it out with an aggressive 4-bettor behind.",yes
OOP vs PASSIVE 3BET,opener OOP,vs_3bet,3bettor IP,passive 3bettor,J8s,4bet,0,call,0,,0,100,Live Poker Preflop Guide (2026),2026-01-06,20:35,,no
OOP vs PASSIVE 3BET,opener OOP,vs_3bet,3bettor IP,passive 3bettor,J7s,4bet,0,call,0,,0,100,Live Poker Preflop Guide (2026),2026-01-06,20:35,,no
OOP vs PASSIVE 3BET,opener OOP,vs_3bet,3bettor IP,passive 3bettor,J6s,4bet,0,call,0,,0,100,Live Poker Preflop Guide (2026),2026-01-06,20:35,,no
OOP vs PASSIVE 3BET,opener OOP,vs_3bet,3bettor IP,passive 3bettor,J5s,4bet,0,call,0,,0,100,Live Poker Preflop Guide (2026),2026-01-06,20:35,,no
OOP vs PASSIVE 3BET,opener OOP,vs_3bet,3bettor IP,passive 3bettor,J4s,4bet,0,call,0,,0,100,Live Poker Preflop Guide (2026),2026-01-06,20:35,,no
OOP vs PASSIVE 3BET,opener OOP,vs_3bet,3bettor IP,passive 3bettor,J3s,4bet,0,call,0,,0,100,Live Poker Preflop Guide (2026),2026-01-06,20:35,,no
OOP vs PASSIVE 3BET,opener OOP,vs_3bet,3bettor IP,passive 3bettor,J2s,4bet,0,call,0,,0,100,Live Poker Preflop Guide (2026),2026-01-06,20:35,,no
OOP vs PASSIVE 3BET,opener OOP,vs_3bet,3bettor IP,passive 3bettor,ATo,4bet,0,call,0,,0,100,Live Poker Preflop Guide (2026),2026-01-06,20:35,,no
OOP vs PASSIVE 3BET,opener OOP,vs_3bet,3bettor IP,passive 3bettor,KTo,4bet,0,call,0,,0,100,Live Poker Preflop Guide (2026),2026-01-06,20:35,,no
OOP vs PASSIVE 3BET,opener OOP,vs_3bet,3bettor IP,passive 3bettor,QTo,4bet,0,call,0,,0,100,Live Poker Preflop Guide (2026),2026-01-06,20:35,,no
OOP vs PASSIVE 3BET,opener OOP,vs_3bet,3bettor IP,passive 3bettor,JTo,4bet,0,call,0,,0,100,Live Poker Preflop Guide (2026),2026-01-06,20:35,,no
OOP vs PASSIVE 3BET,opener OOP,vs_3bet,3bettor IP,passive 3bettor,TT,4bet,0,call,100,,0,0,Live Poker Preflop Guide (2026),2026-01-06,20:35,,no
OOP vs PASSIVE 3BET,opener OOP,vs_3bet,3bettor IP,passive 3bettor,T9s,4bet,0,call,50,,0,50,Live Poker Preflop Guide (2026),2026-01-06,20:35,"SITUATIONAL (Mark): play this action when you have a bigger edge on the player, lower rake, or deeper stacks; leave it out with an aggressive 4-bettor behind.",yes
OOP vs PASSIVE 3BET,opener OOP,vs_3bet,3bettor IP,passive 3bettor,T8s,4bet,0,call,50,,0,50,Live Poker Preflop Guide (2026),2026-01-06,20:35,"SITUATIONAL (Mark): play this action when you have a bigger edge on the player, lower rake, or deeper stacks; leave it out with an aggressive 4-bettor behind.",yes
OOP vs PASSIVE 3BET,opener OOP,vs_3bet,3bettor IP,passive 3bettor,T7s,4bet,0,call,0,,0,100,Live Poker Preflop Guide (2026),2026-01-06,20:35,,no
OOP vs PASSIVE 3BET,opener OOP,vs_3bet,3bettor IP,passive 3bettor,T6s,4bet,0,call,0,,0,100,Live Poker Preflop Guide (2026),2026-01-06,20:35,,no
OOP vs PASSIVE 3BET,opener OOP,vs_3bet,3bettor IP,passive 3bettor,T5s,4bet,0,call,0,,0,100,Live Poker Preflop Guide (2026),2026-01-06,20:35,,no
OOP vs PASSIVE 3BET,opener OOP,vs_3bet,3bettor IP,passive 3bettor,T4s,4bet,0,call,0,,0,100,Live Poker Preflop Guide (2026),2026-01-06,20:35,,no
OOP vs PASSIVE 3BET,opener OOP,vs_3bet,3bettor IP,passive 3bettor,T3s,4bet,0,call,0,,0,100,Live Poker Preflop Guide (2026),2026-01-06,20:35,,no
OOP vs PASSIVE 3BET,opener OOP,vs_3bet,3bettor IP,passive 3bettor,T2s,4bet,0,call,0,,0,100,Live Poker Preflop Guide (2026),2026-01-06,20:35,,no
OOP vs PASSIVE 3BET,opener OOP,vs_3bet,3bettor IP,passive 3bettor,A9o,4bet,0,call,0,,0,100,Live Poker Preflop Guide (2026),2026-01-06,20:35,,no
OOP vs PASSIVE 3BET,opener OOP,vs_3bet,3bettor IP,passive 3bettor,K9o,4bet,0,call,0,,0,100,Live Poker Preflop Guide (2026),2026-01-06,20:35,,no
OOP vs PASSIVE 3BET,opener OOP,vs_3bet,3bettor IP,passive 3bettor,Q9o,4bet,0,call,0,,0,100,Live Poker Preflop Guide (2026),2026-01-06,20:35,,no
OOP vs PASSIVE 3BET,opener OOP,vs_3bet,3bettor IP,passive 3bettor,J9o,4bet,0,call,0,,0,100,Live Poker Preflop Guide (2026),2026-01-06,20:35,,no
OOP vs PASSIVE 3BET,opener OOP,vs_3bet,3bettor IP,passive 3bettor,T9o,4bet,0,call,0,,0,100,Live Poker Preflop Guide (2026),2026-01-06,20:35,,no
OOP vs PASSIVE 3BET,opener OOP,vs_3bet,3bettor IP,passive 3bettor,99,4bet,0,call,100,,0,0,Live Poker Preflop Guide (2026),2026-01-06,20:35,,no
OOP vs PASSIVE 3BET,opener OOP,vs_3bet,3bettor IP,passive 3bettor,98s,4bet,0,call,50,,0,50,Live Poker Preflop Guide (2026),2026-01-06,20:35,"SITUATIONAL (Mark): play this action when you have a bigger edge on the player, lower rake, or deeper stacks; leave it out with an aggressive 4-bettor behind.",yes
OOP vs PASSIVE 3BET,opener OOP,vs_3bet,3bettor IP,passive 3bettor,97s,4bet,0,call,0,,0,100,Live Poker Preflop Guide (2026),2026-01-06,20:35,,no
OOP vs PASSIVE 3BET,opener OOP,vs_3bet,3bettor IP,passive 3bettor,96s,4bet,0,call,0,,0,100,Live Poker Preflop Guide (2026),2026-01-06,20:35,,no
OOP vs PASSIVE 3BET,opener OOP,vs_3bet,3bettor IP,passive 3bettor,95s,4bet,0,call,0,,0,100,Live Poker Preflop Guide (2026),2026-01-06,20:35,,no
OOP vs PASSIVE 3BET,opener OOP,vs_3bet,3bettor IP,passive 3bettor,94s,4bet,0,call,0,,0,100,Live Poker Preflop Guide (2026),2026-01-06,20:35,,no
OOP vs PASSIVE 3BET,opener OOP,vs_3bet,3bettor IP,passive 3bettor,93s,4bet,0,call,0,,0,100,Live Poker Preflop Guide (2026),2026-01-06,20:35,,no
OOP vs PASSIVE 3BET,opener OOP,vs_3bet,3bettor IP,passive 3bettor,92s,4bet,0,call,0,,0,100,Live Poker Preflop Guide (2026),2026-01-06,20:35,,no
OOP vs PASSIVE 3BET,opener OOP,vs_3bet,3bettor IP,passive 3bettor,A8o,4bet,0,call,0,,0,100,Live Poker Preflop Guide (2026),2026-01-06,20:35,,no
OOP vs PASSIVE 3BET,opener OOP,vs_3bet,3bettor IP,passive 3bettor,K8o,4bet,0,call,0,,0,100,Live Poker Preflop Guide (2026),2026-01-06,20:35,,no
OOP vs PASSIVE 3BET,opener OOP,vs_3bet,3bettor IP,passive 3bettor,Q8o,4bet,0,call,0,,0,100,Live Poker Preflop Guide (2026),2026-01-06,20:35,,no
OOP vs PASSIVE 3BET,opener OOP,vs_3bet,3bettor IP,passive 3bettor,J8o,4bet,0,call,0,,0,100,Live Poker Preflop Guide (2026),2026-01-06,20:35,,no
OOP vs PASSIVE 3BET,opener OOP,vs_3bet,3bettor IP,passive 3bettor,T8o,4bet,0,call,0,,0,100,Live Poker Preflop Guide (2026),2026-01-06,20:35,,no
OOP vs PASSIVE 3BET,opener OOP,vs_3bet,3bettor IP,passive 3bettor,98o,4bet,0,call,0,,0,100,Live Poker Preflop Guide (2026),2026-01-06,20:35,,no
OOP vs PASSIVE 3BET,opener OOP,vs_3bet,3bettor IP,passive 3bettor,88,4bet,0,call,100,,0,0,Live Poker Preflop Guide (2026),2026-01-06,20:35,,no
OOP vs PASSIVE 3BET,opener OOP,vs_3bet,3bettor IP,passive 3bettor,87s,4bet,0,call,50,,0,50,Live Poker Preflop Guide (2026),2026-01-06,20:35,"SITUATIONAL (Mark): play this action when you have a bigger edge on the player, lower rake, or deeper stacks; leave it out with an aggressive 4-bettor behind.",yes
OOP vs PASSIVE 3BET,opener OOP,vs_3bet,3bettor IP,passive 3bettor,86s,4bet,0,call,0,,0,100,Live Poker Preflop Guide (2026),2026-01-06,20:35,,no
OOP vs PASSIVE 3BET,opener OOP,vs_3bet,3bettor IP,passive 3bettor,85s,4bet,0,call,0,,0,100,Live Poker Preflop Guide (2026),2026-01-06,20:35,,no
OOP vs PASSIVE 3BET,opener OOP,vs_3bet,3bettor IP,passive 3bettor,84s,4bet,0,call,0,,0,100,Live Poker Preflop Guide (2026),2026-01-06,20:35,,no
OOP vs PASSIVE 3BET,opener OOP,vs_3bet,3bettor IP,passive 3bettor,83s,4bet,0,call,0,,0,100,Live Poker Preflop Guide (2026),2026-01-06,20:35,,no
OOP vs PASSIVE 3BET,opener OOP,vs_3bet,3bettor IP,passive 3bettor,82s,4bet,0,call,0,,0,100,Live Poker Preflop Guide (2026),2026-01-06,20:35,,no
OOP vs PASSIVE 3BET,opener OOP,vs_3bet,3bettor IP,passive 3bettor,A7o,4bet,0,call,0,,0,100,Live Poker Preflop Guide (2026),2026-01-06,20:35,,no
OOP vs PASSIVE 3BET,opener OOP,vs_3bet,3bettor IP,passive 3bettor,K7o,4bet,0,call,0,,0,100,Live Poker Preflop Guide (2026),2026-01-06,20:35,,no
OOP vs PASSIVE 3BET,opener OOP,vs_3bet,3bettor IP,passive 3bettor,Q7o,4bet,0,call,0,,0,100,Live Poker Preflop Guide (2026),2026-01-06,20:35,,no
OOP vs PASSIVE 3BET,opener OOP,vs_3bet,3bettor IP,passive 3bettor,J7o,4bet,0,call,0,,0,100,Live Poker Preflop Guide (2026),2026-01-06,20:35,,no
OOP vs PASSIVE 3BET,opener OOP,vs_3bet,3bettor IP,passive 3bettor,T7o,4bet,0,call,0,,0,100,Live Poker Preflop Guide (2026),2026-01-06,20:35,,no
OOP vs PASSIVE 3BET,opener OOP,vs_3bet,3bettor IP,passive 3bettor,97o,4bet,0,call,0,,0,100,Live Poker Preflop Guide (2026),2026-01-06,20:35,,no
OOP vs PASSIVE 3BET,opener OOP,vs_3bet,3bettor IP,passive 3bettor,87o,4bet,0,call,0,,0,100,Live Poker Preflop Guide (2026),2026-01-06,20:35,,no
OOP vs PASSIVE 3BET,opener OOP,vs_3bet,3bettor IP,passive 3bettor,77,4bet,0,call,100,,0,0,Live Poker Preflop Guide (2026),2026-01-06,20:35,,no
OOP vs PASSIVE 3BET,opener OOP,vs_3bet,3bettor IP,passive 3bettor,76s,4bet,0,call,50,,0,50,Live Poker Preflop Guide (2026),2026-01-06,20:35,"SITUATIONAL (Mark): play this action when you have a bigger edge on the player, lower rake, or deeper stacks; leave it out with an aggressive 4-bettor behind.",yes
OOP vs PASSIVE 3BET,opener OOP,vs_3bet,3bettor IP,passive 3bettor,75s,4bet,0,call,0,,0,100,Live Poker Preflop Guide (2026),2026-01-06,20:35,,no
OOP vs PASSIVE 3BET,opener OOP,vs_3bet,3bettor IP,passive 3bettor,74s,4bet,0,call,0,,0,100,Live Poker Preflop Guide (2026),2026-01-06,20:35,,no
OOP vs PASSIVE 3BET,opener OOP,vs_3bet,3bettor IP,passive 3bettor,73s,4bet,0,call,0,,0,100,Live Poker Preflop Guide (2026),2026-01-06,20:35,,no
OOP vs PASSIVE 3BET,opener OOP,vs_3bet,3bettor IP,passive 3bettor,72s,4bet,0,call,0,,0,100,Live Poker Preflop Guide (2026),2026-01-06,20:35,,no
OOP vs PASSIVE 3BET,opener OOP,vs_3bet,3bettor IP,passive 3bettor,A6o,4bet,0,call,0,,0,100,Live Poker Preflop Guide (2026),2026-01-06,20:35,,no
OOP vs PASSIVE 3BET,opener OOP,vs_3bet,3bettor IP,passive 3bettor,K6o,4bet,0,call,0,,0,100,Live Poker Preflop Guide (2026),2026-01-06,20:35,,no
OOP vs PASSIVE 3BET,opener OOP,vs_3bet,3bettor IP,passive 3bettor,Q6o,4bet,0,call,0,,0,100,Live Poker Preflop Guide (2026),2026-01-06,20:35,,no
OOP vs PASSIVE 3BET,opener OOP,vs_3bet,3bettor IP,passive 3bettor,J6o,4bet,0,call,0,,0,100,Live Poker Preflop Guide (2026),2026-01-06,20:35,,no
OOP vs PASSIVE 3BET,opener OOP,vs_3bet,3bettor IP,passive 3bettor,T6o,4bet,0,call,0,,0,100,Live Poker Preflop Guide (2026),2026-01-06,20:35,,no
OOP vs PASSIVE 3BET,opener OOP,vs_3bet,3bettor IP,passive 3bettor,96o,4bet,0,call,0,,0,100,Live Poker Preflop Guide (2026),2026-01-06,20:35,,no
OOP vs PASSIVE 3BET,opener OOP,vs_3bet,3bettor IP,passive 3bettor,86o,4bet,0,call,0,,0,100,Live Poker Preflop Guide (2026),2026-01-06,20:35,,no
OOP vs PASSIVE 3BET,opener OOP,vs_3bet,3bettor IP,passive 3bettor,76o,4bet,0,call,0,,0,100,Live Poker Preflop Guide (2026),2026-01-06,20:35,,no
OOP vs PASSIVE 3BET,opener OOP,vs_3bet,3bettor IP,passive 3bettor,66,4bet,0,call,100,,0,0,Live Poker Preflop Guide (2026),2026-01-06,20:35,,no
OOP vs PASSIVE 3BET,opener OOP,vs_3bet,3bettor IP,passive 3bettor,65s,4bet,0,call,50,,0,50,Live Poker Preflop Guide (2026),2026-01-06,20:35,"SITUATIONAL (Mark): play this action when you have a bigger edge on the player, lower rake, or deeper stacks; leave it out with an aggressive 4-bettor behind.",yes
OOP vs PASSIVE 3BET,opener OOP,vs_3bet,3bettor IP,passive 3bettor,64s,4bet,0,call,0,,0,100,Live Poker Preflop Guide (2026),2026-01-06,20:35,,no
OOP vs PASSIVE 3BET,opener OOP,vs_3bet,3bettor IP,passive 3bettor,63s,4bet,0,call,0,,0,100,Live Poker Preflop Guide (2026),2026-01-06,20:35,,no
OOP vs PASSIVE 3BET,opener OOP,vs_3bet,3bettor IP,passive 3bettor,62s,4bet,0,call,0,,0,100,Live Poker Preflop Guide (2026),2026-01-06,20:35,,no
OOP vs PASSIVE 3BET,opener OOP,vs_3bet,3bettor IP,passive 3bettor,A5o,4bet,0,call,0,,0,100,Live Poker Preflop Guide (2026),2026-01-06,20:35,,no
OOP vs PASSIVE 3BET,opener OOP,vs_3bet,3bettor IP,passive 3bettor,K5o,4bet,0,call,0,,0,100,Live Poker Preflop Guide (2026),2026-01-06,20:35,,no
OOP vs PASSIVE 3BET,opener OOP,vs_3bet,3bettor IP,passive 3bettor,Q5o,4bet,0,call,0,,0,100,Live Poker Preflop Guide (2026),2026-01-06,20:35,,no
OOP vs PASSIVE 3BET,opener OOP,vs_3bet,3bettor IP,passive 3bettor,J5o,4bet,0,call,0,,0,100,Live Poker Preflop Guide (2026),2026-01-06,20:35,,no
OOP vs PASSIVE 3BET,opener OOP,vs_3bet,3bettor IP,passive 3bettor,T5o,4bet,0,call,0,,0,100,Live Poker Preflop Guide (2026),2026-01-06,20:35,,no
OOP vs PASSIVE 3BET,opener OOP,vs_3bet,3bettor IP,passive 3bettor,95o,4bet,0,call,0,,0,100,Live Poker Preflop Guide (2026),2026-01-06,20:35,,no
OOP vs PASSIVE 3BET,opener OOP,vs_3bet,3bettor IP,passive 3bettor,85o,4bet,0,call,0,,0,100,Live Poker Preflop Guide (2026),2026-01-06,20:35,,no
OOP vs PASSIVE 3BET,opener OOP,vs_3bet,3bettor IP,passive 3bettor,75o,4bet,0,call,0,,0,100,Live Poker Preflop Guide (2026),2026-01-06,20:35,,no
OOP vs PASSIVE 3BET,opener OOP,vs_3bet,3bettor IP,passive 3bettor,65o,4bet,0,call,0,,0,100,Live Poker Preflop Guide (2026),2026-01-06,20:35,,no
OOP vs PASSIVE 3BET,opener OOP,vs_3bet,3bettor IP,passive 3bettor,55,4bet,0,call,100,,0,0,Live Poker Preflop Guide (2026),2026-01-06,20:35,,no
OOP vs PASSIVE 3BET,opener OOP,vs_3bet,3bettor IP,passive 3bettor,54s,4bet,0,call,100,,0,0,Live Poker Preflop Guide (2026),2026-01-06,20:35,,no
OOP vs PASSIVE 3BET,opener OOP,vs_3bet,3bettor IP,passive 3bettor,53s,4bet,0,call,0,,0,100,Live Poker Preflop Guide (2026),2026-01-06,20:35,,no
OOP vs PASSIVE 3BET,opener OOP,vs_3bet,3bettor IP,passive 3bettor,52s,4bet,0,call,0,,0,100,Live Poker Preflop Guide (2026),2026-01-06,20:35,,no
OOP vs PASSIVE 3BET,opener OOP,vs_3bet,3bettor IP,passive 3bettor,A4o,4bet,0,call,0,,0,100,Live Poker Preflop Guide (2026),2026-01-06,20:35,,no
OOP vs PASSIVE 3BET,opener OOP,vs_3bet,3bettor IP,passive 3bettor,K4o,4bet,0,call,0,,0,100,Live Poker Preflop Guide (2026),2026-01-06,20:35,,no
OOP vs PASSIVE 3BET,opener OOP,vs_3bet,3bettor IP,passive 3bettor,Q4o,4bet,0,call,0,,0,100,Live Poker Preflop Guide (2026),2026-01-06,20:35,,no
OOP vs PASSIVE 3BET,opener OOP,vs_3bet,3bettor IP,passive 3bettor,J4o,4bet,0,call,0,,0,100,Live Poker Preflop Guide (2026),2026-01-06,20:35,,no
OOP vs PASSIVE 3BET,opener OOP,vs_3bet,3bettor IP,passive 3bettor,T4o,4bet,0,call,0,,0,100,Live Poker Preflop Guide (2026),2026-01-06,20:35,,no
OOP vs PASSIVE 3BET,opener OOP,vs_3bet,3bettor IP,passive 3bettor,94o,4bet,0,call,0,,0,100,Live Poker Preflop Guide (2026),2026-01-06,20:35,,no
OOP vs PASSIVE 3BET,opener OOP,vs_3bet,3bettor IP,passive 3bettor,84o,4bet,0,call,0,,0,100,Live Poker Preflop Guide (2026),2026-01-06,20:35,,no
OOP vs PASSIVE 3BET,opener OOP,vs_3bet,3bettor IP,passive 3bettor,74o,4bet,0,call,0,,0,100,Live Poker Preflop Guide (2026),2026-01-06,20:35,,no
OOP vs PASSIVE 3BET,opener OOP,vs_3bet,3bettor IP,passive 3bettor,64o,4bet,0,call,0,,0,100,Live Poker Preflop Guide (2026),2026-01-06,20:35,,no
OOP vs PASSIVE 3BET,opener OOP,vs_3bet,3bettor IP,passive 3bettor,54o,4bet,0,call,0,,0,100,Live Poker Preflop Guide (2026),2026-01-06,20:35,,no
OOP vs PASSIVE 3BET,opener OOP,vs_3bet,3bettor IP,passive 3bettor,44,4bet,0,call,100,,0,0,Live Poker Preflop Guide (2026),2026-01-06,20:35,,no
OOP vs PASSIVE 3BET,opener OOP,vs_3bet,3bettor IP,passive 3bettor,43s,4bet,0,call,100,,0,0,Live Poker Preflop Guide (2026),2026-01-06,20:35,,no
OOP vs PASSIVE 3BET,opener OOP,vs_3bet,3bettor IP,passive 3bettor,42s,4bet,0,call,0,,0,100,Live Poker Preflop Guide (2026),2026-01-06,20:35,,no
OOP vs PASSIVE 3BET,opener OOP,vs_3bet,3bettor IP,passive 3bettor,A3o,4bet,0,call,0,,0,100,Live Poker Preflop Guide (2026),2026-01-06,20:35,,no
OOP vs PASSIVE 3BET,opener OOP,vs_3bet,3bettor IP,passive 3bettor,K3o,4bet,0,call,0,,0,100,Live Poker Preflop Guide (2026),2026-01-06,20:35,,no
OOP vs PASSIVE 3BET,opener OOP,vs_3bet,3bettor IP,passive 3bettor,Q3o,4bet,0,call,0,,0,100,Live Poker Preflop Guide (2026),2026-01-06,20:35,,no
OOP vs PASSIVE 3BET,opener OOP,vs_3bet,3bettor IP,passive 3bettor,J3o,4bet,0,call,0,,0,100,Live Poker Preflop Guide (2026),2026-01-06,20:35,,no
OOP vs PASSIVE 3BET,opener OOP,vs_3bet,3bettor IP,passive 3bettor,T3o,4bet,0,call,0,,0,100,Live Poker Preflop Guide (2026),2026-01-06,20:35,,no
OOP vs PASSIVE 3BET,opener OOP,vs_3bet,3bettor IP,passive 3bettor,93o,4bet,0,call,0,,0,100,Live Poker Preflop Guide (2026),2026-01-06,20:35,,no
OOP vs PASSIVE 3BET,opener OOP,vs_3bet,3bettor IP,passive 3bettor,83o,4bet,0,call,0,,0,100,Live Poker Preflop Guide (2026),2026-01-06,20:35,,no
OOP vs PASSIVE 3BET,opener OOP,vs_3bet,3bettor IP,passive 3bettor,73o,4bet,0,call,0,,0,100,Live Poker Preflop Guide (2026),2026-01-06,20:35,,no
OOP vs PASSIVE 3BET,opener OOP,vs_3bet,3bettor IP,passive 3bettor,63o,4bet,0,call,0,,0,100,Live Poker Preflop Guide (2026),2026-01-06,20:35,,no
OOP vs PASSIVE 3BET,opener OOP,vs_3bet,3bettor IP,passive 3bettor,53o,4bet,0,call,0,,0,100,Live Poker Preflop Guide (2026),2026-01-06,20:35,,no
OOP vs PASSIVE 3BET,opener OOP,vs_3bet,3bettor IP,passive 3bettor,43o,4bet,0,call,0,,0,100,Live Poker Preflop Guide (2026),2026-01-06,20:35,,no
OOP vs PASSIVE 3BET,opener OOP,vs_3bet,3bettor IP,passive 3bettor,33,4bet,0,call,100,,0,0,Live Poker Preflop Guide (2026),2026-01-06,20:35,,no
OOP vs PASSIVE 3BET,opener OOP,vs_3bet,3bettor IP,passive 3bettor,32s,4bet,0,call,0,,0,100,Live Poker Preflop Guide (2026),2026-01-06,20:35,,no
OOP vs PASSIVE 3BET,opener OOP,vs_3bet,3bettor IP,passive 3bettor,A2o,4bet,0,call,0,,0,100,Live Poker Preflop Guide (2026),2026-01-06,20:35,,no
OOP vs PASSIVE 3BET,opener OOP,vs_3bet,3bettor IP,passive 3bettor,K2o,4bet,0,call,0,,0,100,Live Poker Preflop Guide (2026),2026-01-06,20:35,,no
OOP vs PASSIVE 3BET,opener OOP,vs_3bet,3bettor IP,passive 3bettor,Q2o,4bet,0,call,0,,0,100,Live Poker Preflop Guide (2026),2026-01-06,20:35,,no
OOP vs PASSIVE 3BET,opener OOP,vs_3bet,3bettor IP,passive 3bettor,J2o,4bet,0,call,0,,0,100,Live Poker Preflop Guide (2026),2026-01-06,20:35,,no
OOP vs PASSIVE 3BET,opener OOP,vs_3bet,3bettor IP,passive 3bettor,T2o,4bet,0,call,0,,0,100,Live Poker Preflop Guide (2026),2026-01-06,20:35,,no
OOP vs PASSIVE 3BET,opener OOP,vs_3bet,3bettor IP,passive 3bettor,92o,4bet,0,call,0,,0,100,Live Poker Preflop Guide (2026),2026-01-06,20:35,,no
OOP vs PASSIVE 3BET,opener OOP,vs_3bet,3bettor IP,passive 3bettor,82o,4bet,0,call,0,,0,100,Live Poker Preflop Guide (2026),2026-01-06,20:35,,no
OOP vs PASSIVE 3BET,opener OOP,vs_3bet,3bettor IP,passive 3bettor,72o,4bet,0,call,0,,0,100,Live Poker Preflop Guide (2026),2026-01-06,20:35,,no
OOP vs PASSIVE 3BET,opener OOP,vs_3bet,3bettor IP,passive 3bettor,62o,4bet,0,call,0,,0,100,Live Poker Preflop Guide (2026),2026-01-06,20:35,,no
OOP vs PASSIVE 3BET,opener OOP,vs_3bet,3bettor IP,passive 3bettor,52o,4bet,0,call,0,,0,100,Live Poker Preflop Guide (2026),2026-01-06,20:35,,no
OOP vs PASSIVE 3BET,opener OOP,vs_3bet,3bettor IP,passive 3bettor,42o,4bet,0,call,0,,0,100,Live Poker Preflop Guide (2026),2026-01-06,20:35,,no
OOP vs PASSIVE 3BET,opener OOP,vs_3bet,3bettor IP,passive 3bettor,32o,4bet,0,call,0,,0,100,Live Poker Preflop Guide (2026),2026-01-06,20:35,,no
OOP vs PASSIVE 3BET,opener OOP,vs_3bet,3bettor IP,passive 3bettor,22,4bet,0,call,100,,0,0,Live Poker Preflop Guide (2026),2026-01-06,20:35,,no
OOP vs AGGRO 3BET,opener OOP,vs_3bet,3bettor IP,aggressive 3bettor,AA,4bet,100,call,0,,0,0,Live Poker Preflop Guide (2026),2026-01-06,~20:35-21:17,,no
OOP vs AGGRO 3BET,opener OOP,vs_3bet,3bettor IP,aggressive 3bettor,AKs,4bet,100,call,0,,0,0,Live Poker Preflop Guide (2026),2026-01-06,~20:35-21:17,,no
OOP vs AGGRO 3BET,opener OOP,vs_3bet,3bettor IP,aggressive 3bettor,AQs,4bet,100,call,0,,0,0,Live Poker Preflop Guide (2026),2026-01-06,~20:35-21:17,,no
OOP vs AGGRO 3BET,opener OOP,vs_3bet,3bettor IP,aggressive 3bettor,AJs,4bet,50,call,50,,0,0,Live Poker Preflop Guide (2026),2026-01-06,~20:35-21:17,"SITUATIONAL (Mark): play this action when you have a bigger edge on the player, lower rake, or deeper stacks; leave it out with an aggressive 4-bettor behind.",yes
OOP vs AGGRO 3BET,opener OOP,vs_3bet,3bettor IP,aggressive 3bettor,ATs,4bet,50,call,50,,0,0,Live Poker Preflop Guide (2026),2026-01-06,~20:35-21:17,"SITUATIONAL (Mark): play this action when you have a bigger edge on the player, lower rake, or deeper stacks; leave it out with an aggressive 4-bettor behind.",yes
OOP vs AGGRO 3BET,opener OOP,vs_3bet,3bettor IP,aggressive 3bettor,A9s,4bet,0,call,100,,0,0,Live Poker Preflop Guide (2026),2026-01-06,~20:35-21:17,,no
OOP vs AGGRO 3BET,opener OOP,vs_3bet,3bettor IP,aggressive 3bettor,A8s,4bet,0,call,0,,0,100,Live Poker Preflop Guide (2026),2026-01-06,~20:35-21:17,,no
OOP vs AGGRO 3BET,opener OOP,vs_3bet,3bettor IP,aggressive 3bettor,A7s,4bet,0,call,0,,0,100,Live Poker Preflop Guide (2026),2026-01-06,~20:35-21:17,,no
OOP vs AGGRO 3BET,opener OOP,vs_3bet,3bettor IP,aggressive 3bettor,A6s,4bet,0,call,0,,0,100,Live Poker Preflop Guide (2026),2026-01-06,~20:35-21:17,,no
OOP vs AGGRO 3BET,opener OOP,vs_3bet,3bettor IP,aggressive 3bettor,A5s,4bet,50,call,50,,0,0,Live Poker Preflop Guide (2026),2026-01-06,~20:35-21:17,"SITUATIONAL (Mark): play this action when you have a bigger edge on the player, lower rake, or deeper stacks; leave it out with an aggressive 4-bettor behind.",yes
OOP vs AGGRO 3BET,opener OOP,vs_3bet,3bettor IP,aggressive 3bettor,A4s,4bet,0,call,0,,0,100,Live Poker Preflop Guide (2026),2026-01-06,~20:35-21:17,,no
OOP vs AGGRO 3BET,opener OOP,vs_3bet,3bettor IP,aggressive 3bettor,A3s,4bet,0,call,0,,0,100,Live Poker Preflop Guide (2026),2026-01-06,~20:35-21:17,,no
OOP vs AGGRO 3BET,opener OOP,vs_3bet,3bettor IP,aggressive 3bettor,A2s,4bet,0,call,0,,0,100,Live Poker Preflop Guide (2026),2026-01-06,~20:35-21:17,,no
OOP vs AGGRO 3BET,opener OOP,vs_3bet,3bettor IP,aggressive 3bettor,AKo,4bet,100,call,0,,0,0,Live Poker Preflop Guide (2026),2026-01-06,~20:35-21:17,,no
OOP vs AGGRO 3BET,opener OOP,vs_3bet,3bettor IP,aggressive 3bettor,KK,4bet,100,call,0,,0,0,Live Poker Preflop Guide (2026),2026-01-06,~20:35-21:17,,no
OOP vs AGGRO 3BET,opener OOP,vs_3bet,3bettor IP,aggressive 3bettor,KQs,4bet,50,call,50,,0,0,Live Poker Preflop Guide (2026),2026-01-06,~20:35-21:17,"SITUATIONAL (Mark): play this action when you have a bigger edge on the player, lower rake, or deeper stacks; leave it out with an aggressive 4-bettor behind.",yes
OOP vs AGGRO 3BET,opener OOP,vs_3bet,3bettor IP,aggressive 3bettor,KJs,4bet,50,call,50,,0,0,Live Poker Preflop Guide (2026),2026-01-06,~20:35-21:17,"SITUATIONAL (Mark): play this action when you have a bigger edge on the player, lower rake, or deeper stacks; leave it out with an aggressive 4-bettor behind.",yes
OOP vs AGGRO 3BET,opener OOP,vs_3bet,3bettor IP,aggressive 3bettor,KTs,4bet,0,call,100,,0,0,Live Poker Preflop Guide (2026),2026-01-06,~20:35-21:17,,no
OOP vs AGGRO 3BET,opener OOP,vs_3bet,3bettor IP,aggressive 3bettor,K9s,4bet,0,call,0,,0,100,Live Poker Preflop Guide (2026),2026-01-06,~20:35-21:17,,no
OOP vs AGGRO 3BET,opener OOP,vs_3bet,3bettor IP,aggressive 3bettor,K8s,4bet,0,call,0,,0,100,Live Poker Preflop Guide (2026),2026-01-06,~20:35-21:17,,no
OOP vs AGGRO 3BET,opener OOP,vs_3bet,3bettor IP,aggressive 3bettor,K7s,4bet,0,call,0,,0,100,Live Poker Preflop Guide (2026),2026-01-06,~20:35-21:17,,no
OOP vs AGGRO 3BET,opener OOP,vs_3bet,3bettor IP,aggressive 3bettor,K6s,4bet,0,call,0,,0,100,Live Poker Preflop Guide (2026),2026-01-06,~20:35-21:17,,no
OOP vs AGGRO 3BET,opener OOP,vs_3bet,3bettor IP,aggressive 3bettor,K5s,4bet,0,call,0,,0,100,Live Poker Preflop Guide (2026),2026-01-06,~20:35-21:17,,no
OOP vs AGGRO 3BET,opener OOP,vs_3bet,3bettor IP,aggressive 3bettor,K4s,4bet,0,call,0,,0,100,Live Poker Preflop Guide (2026),2026-01-06,~20:35-21:17,,no
OOP vs AGGRO 3BET,opener OOP,vs_3bet,3bettor IP,aggressive 3bettor,K3s,4bet,0,call,0,,0,100,Live Poker Preflop Guide (2026),2026-01-06,~20:35-21:17,,no
OOP vs AGGRO 3BET,opener OOP,vs_3bet,3bettor IP,aggressive 3bettor,K2s,4bet,0,call,0,,0,100,Live Poker Preflop Guide (2026),2026-01-06,~20:35-21:17,,no
OOP vs AGGRO 3BET,opener OOP,vs_3bet,3bettor IP,aggressive 3bettor,AQo,4bet,50,call,50,,0,0,Live Poker Preflop Guide (2026),2026-01-06,~20:35-21:17,"SITUATIONAL (Mark): play this action when you have a bigger edge on the player, lower rake, or deeper stacks; leave it out with an aggressive 4-bettor behind.",yes
OOP vs AGGRO 3BET,opener OOP,vs_3bet,3bettor IP,aggressive 3bettor,KQo,4bet,0,call,50,,0,50,Live Poker Preflop Guide (2026),2026-01-06,~20:35-21:17,"SITUATIONAL (Mark): play this action when you have a bigger edge on the player, lower rake, or deeper stacks; leave it out with an aggressive 4-bettor behind.",yes
OOP vs AGGRO 3BET,opener OOP,vs_3bet,3bettor IP,aggressive 3bettor,QQ,4bet,100,call,0,,0,0,Live Poker Preflop Guide (2026),2026-01-06,~20:35-21:17,,no
OOP vs AGGRO 3BET,opener OOP,vs_3bet,3bettor IP,aggressive 3bettor,QJs,4bet,50,call,50,,0,0,Live Poker Preflop Guide (2026),2026-01-06,~20:35-21:17,"SITUATIONAL (Mark): play this action when you have a bigger edge on the player, lower rake, or deeper stacks; leave it out with an aggressive 4-bettor behind.",yes
OOP vs AGGRO 3BET,opener OOP,vs_3bet,3bettor IP,aggressive 3bettor,QTs,4bet,0,call,100,,0,0,Live Poker Preflop Guide (2026),2026-01-06,~20:35-21:17,,no
OOP vs AGGRO 3BET,opener OOP,vs_3bet,3bettor IP,aggressive 3bettor,Q9s,4bet,0,call,50,,0,50,Live Poker Preflop Guide (2026),2026-01-06,~20:35-21:17,"SITUATIONAL (Mark): play this action when you have a bigger edge on the player, lower rake, or deeper stacks; leave it out with an aggressive 4-bettor behind.",yes
OOP vs AGGRO 3BET,opener OOP,vs_3bet,3bettor IP,aggressive 3bettor,Q8s,4bet,0,call,0,,0,100,Live Poker Preflop Guide (2026),2026-01-06,~20:35-21:17,,no
OOP vs AGGRO 3BET,opener OOP,vs_3bet,3bettor IP,aggressive 3bettor,Q7s,4bet,0,call,0,,0,100,Live Poker Preflop Guide (2026),2026-01-06,~20:35-21:17,,no
OOP vs AGGRO 3BET,opener OOP,vs_3bet,3bettor IP,aggressive 3bettor,Q6s,4bet,0,call,0,,0,100,Live Poker Preflop Guide (2026),2026-01-06,~20:35-21:17,,no
OOP vs AGGRO 3BET,opener OOP,vs_3bet,3bettor IP,aggressive 3bettor,Q5s,4bet,0,call,0,,0,100,Live Poker Preflop Guide (2026),2026-01-06,~20:35-21:17,,no
OOP vs AGGRO 3BET,opener OOP,vs_3bet,3bettor IP,aggressive 3bettor,Q4s,4bet,0,call,0,,0,100,Live Poker Preflop Guide (2026),2026-01-06,~20:35-21:17,,no
OOP vs AGGRO 3BET,opener OOP,vs_3bet,3bettor IP,aggressive 3bettor,Q3s,4bet,0,call,0,,0,100,Live Poker Preflop Guide (2026),2026-01-06,~20:35-21:17,,no
OOP vs AGGRO 3BET,opener OOP,vs_3bet,3bettor IP,aggressive 3bettor,Q2s,4bet,0,call,0,,0,100,Live Poker Preflop Guide (2026),2026-01-06,~20:35-21:17,,no
OOP vs AGGRO 3BET,opener OOP,vs_3bet,3bettor IP,aggressive 3bettor,AJo,4bet,0,call,0,,0,100,Live Poker Preflop Guide (2026),2026-01-06,~20:35-21:17,,no
OOP vs AGGRO 3BET,opener OOP,vs_3bet,3bettor IP,aggressive 3bettor,KJo,4bet,0,call,0,,0,100,Live Poker Preflop Guide (2026),2026-01-06,~20:35-21:17,,no
OOP vs AGGRO 3BET,opener OOP,vs_3bet,3bettor IP,aggressive 3bettor,QJo,4bet,0,call,0,,0,100,Live Poker Preflop Guide (2026),2026-01-06,~20:35-21:17,,no
OOP vs AGGRO 3BET,opener OOP,vs_3bet,3bettor IP,aggressive 3bettor,JJ,4bet,50,call,50,,0,0,Live Poker Preflop Guide (2026),2026-01-06,~20:35-21:17,"SITUATIONAL (Mark): play this action when you have a bigger edge on the player, lower rake, or deeper stacks; leave it out with an aggressive 4-bettor behind.",yes
OOP vs AGGRO 3BET,opener OOP,vs_3bet,3bettor IP,aggressive 3bettor,JTs,4bet,50,call,50,,0,0,Live Poker Preflop Guide (2026),2026-01-06,~20:35-21:17,"SITUATIONAL (Mark): play this action when you have a bigger edge on the player, lower rake, or deeper stacks; leave it out with an aggressive 4-bettor behind.",yes
OOP vs AGGRO 3BET,opener OOP,vs_3bet,3bettor IP,aggressive 3bettor,J9s,4bet,0,call,50,,0,50,Live Poker Preflop Guide (2026),2026-01-06,~20:35-21:17,"SITUATIONAL (Mark): play this action when you have a bigger edge on the player, lower rake, or deeper stacks; leave it out with an aggressive 4-bettor behind.",yes
OOP vs AGGRO 3BET,opener OOP,vs_3bet,3bettor IP,aggressive 3bettor,J8s,4bet,0,call,0,,0,100,Live Poker Preflop Guide (2026),2026-01-06,~20:35-21:17,,no
OOP vs AGGRO 3BET,opener OOP,vs_3bet,3bettor IP,aggressive 3bettor,J7s,4bet,0,call,0,,0,100,Live Poker Preflop Guide (2026),2026-01-06,~20:35-21:17,,no
OOP vs AGGRO 3BET,opener OOP,vs_3bet,3bettor IP,aggressive 3bettor,J6s,4bet,0,call,0,,0,100,Live Poker Preflop Guide (2026),2026-01-06,~20:35-21:17,,no
OOP vs AGGRO 3BET,opener OOP,vs_3bet,3bettor IP,aggressive 3bettor,J5s,4bet,0,call,0,,0,100,Live Poker Preflop Guide (2026),2026-01-06,~20:35-21:17,,no
OOP vs AGGRO 3BET,opener OOP,vs_3bet,3bettor IP,aggressive 3bettor,J4s,4bet,0,call,0,,0,100,Live Poker Preflop Guide (2026),2026-01-06,~20:35-21:17,,no
OOP vs AGGRO 3BET,opener OOP,vs_3bet,3bettor IP,aggressive 3bettor,J3s,4bet,0,call,0,,0,100,Live Poker Preflop Guide (2026),2026-01-06,~20:35-21:17,,no
OOP vs AGGRO 3BET,opener OOP,vs_3bet,3bettor IP,aggressive 3bettor,J2s,4bet,0,call,0,,0,100,Live Poker Preflop Guide (2026),2026-01-06,~20:35-21:17,,no
OOP vs AGGRO 3BET,opener OOP,vs_3bet,3bettor IP,aggressive 3bettor,ATo,4bet,0,call,0,,0,100,Live Poker Preflop Guide (2026),2026-01-06,~20:35-21:17,,no
OOP vs AGGRO 3BET,opener OOP,vs_3bet,3bettor IP,aggressive 3bettor,KTo,4bet,0,call,0,,0,100,Live Poker Preflop Guide (2026),2026-01-06,~20:35-21:17,,no
OOP vs AGGRO 3BET,opener OOP,vs_3bet,3bettor IP,aggressive 3bettor,QTo,4bet,0,call,0,,0,100,Live Poker Preflop Guide (2026),2026-01-06,~20:35-21:17,,no
OOP vs AGGRO 3BET,opener OOP,vs_3bet,3bettor IP,aggressive 3bettor,JTo,4bet,0,call,0,,0,100,Live Poker Preflop Guide (2026),2026-01-06,~20:35-21:17,,no
OOP vs AGGRO 3BET,opener OOP,vs_3bet,3bettor IP,aggressive 3bettor,TT,4bet,50,call,50,,0,0,Live Poker Preflop Guide (2026),2026-01-06,~20:35-21:17,"SITUATIONAL (Mark): play this action when you have a bigger edge on the player, lower rake, or deeper stacks; leave it out with an aggressive 4-bettor behind.",yes
OOP vs AGGRO 3BET,opener OOP,vs_3bet,3bettor IP,aggressive 3bettor,T9s,4bet,0,call,50,,0,50,Live Poker Preflop Guide (2026),2026-01-06,~20:35-21:17,"SITUATIONAL (Mark): play this action when you have a bigger edge on the player, lower rake, or deeper stacks; leave it out with an aggressive 4-bettor behind.",yes
OOP vs AGGRO 3BET,opener OOP,vs_3bet,3bettor IP,aggressive 3bettor,T8s,4bet,0,call,50,,0,50,Live Poker Preflop Guide (2026),2026-01-06,~20:35-21:17,"SITUATIONAL (Mark): play this action when you have a bigger edge on the player, lower rake, or deeper stacks; leave it out with an aggressive 4-bettor behind.",yes
OOP vs AGGRO 3BET,opener OOP,vs_3bet,3bettor IP,aggressive 3bettor,T7s,4bet,0,call,0,,0,100,Live Poker Preflop Guide (2026),2026-01-06,~20:35-21:17,,no
OOP vs AGGRO 3BET,opener OOP,vs_3bet,3bettor IP,aggressive 3bettor,T6s,4bet,0,call,0,,0,100,Live Poker Preflop Guide (2026),2026-01-06,~20:35-21:17,,no
OOP vs AGGRO 3BET,opener OOP,vs_3bet,3bettor IP,aggressive 3bettor,T5s,4bet,0,call,0,,0,100,Live Poker Preflop Guide (2026),2026-01-06,~20:35-21:17,,no
OOP vs AGGRO 3BET,opener OOP,vs_3bet,3bettor IP,aggressive 3bettor,T4s,4bet,0,call,0,,0,100,Live Poker Preflop Guide (2026),2026-01-06,~20:35-21:17,,no
OOP vs AGGRO 3BET,opener OOP,vs_3bet,3bettor IP,aggressive 3bettor,T3s,4bet,0,call,0,,0,100,Live Poker Preflop Guide (2026),2026-01-06,~20:35-21:17,,no
OOP vs AGGRO 3BET,opener OOP,vs_3bet,3bettor IP,aggressive 3bettor,T2s,4bet,0,call,0,,0,100,Live Poker Preflop Guide (2026),2026-01-06,~20:35-21:17,,no
OOP vs AGGRO 3BET,opener OOP,vs_3bet,3bettor IP,aggressive 3bettor,A9o,4bet,0,call,0,,0,100,Live Poker Preflop Guide (2026),2026-01-06,~20:35-21:17,,no
OOP vs AGGRO 3BET,opener OOP,vs_3bet,3bettor IP,aggressive 3bettor,K9o,4bet,0,call,0,,0,100,Live Poker Preflop Guide (2026),2026-01-06,~20:35-21:17,,no
OOP vs AGGRO 3BET,opener OOP,vs_3bet,3bettor IP,aggressive 3bettor,Q9o,4bet,0,call,0,,0,100,Live Poker Preflop Guide (2026),2026-01-06,~20:35-21:17,,no
OOP vs AGGRO 3BET,opener OOP,vs_3bet,3bettor IP,aggressive 3bettor,J9o,4bet,0,call,0,,0,100,Live Poker Preflop Guide (2026),2026-01-06,~20:35-21:17,,no
OOP vs AGGRO 3BET,opener OOP,vs_3bet,3bettor IP,aggressive 3bettor,T9o,4bet,0,call,0,,0,100,Live Poker Preflop Guide (2026),2026-01-06,~20:35-21:17,,no
OOP vs AGGRO 3BET,opener OOP,vs_3bet,3bettor IP,aggressive 3bettor,99,4bet,50,call,50,,0,0,Live Poker Preflop Guide (2026),2026-01-06,~20:35-21:17,"SITUATIONAL (Mark): play this action when you have a bigger edge on the player, lower rake, or deeper stacks; leave it out with an aggressive 4-bettor behind.",yes
OOP vs AGGRO 3BET,opener OOP,vs_3bet,3bettor IP,aggressive 3bettor,98s,4bet,0,call,50,,0,50,Live Poker Preflop Guide (2026),2026-01-06,~20:35-21:17,"SITUATIONAL (Mark): play this action when you have a bigger edge on the player, lower rake, or deeper stacks; leave it out with an aggressive 4-bettor behind.",yes
OOP vs AGGRO 3BET,opener OOP,vs_3bet,3bettor IP,aggressive 3bettor,97s,4bet,0,call,0,,0,100,Live Poker Preflop Guide (2026),2026-01-06,~20:35-21:17,,no
OOP vs AGGRO 3BET,opener OOP,vs_3bet,3bettor IP,aggressive 3bettor,96s,4bet,0,call,0,,0,100,Live Poker Preflop Guide (2026),2026-01-06,~20:35-21:17,,no
OOP vs AGGRO 3BET,opener OOP,vs_3bet,3bettor IP,aggressive 3bettor,95s,4bet,0,call,0,,0,100,Live Poker Preflop Guide (2026),2026-01-06,~20:35-21:17,,no
OOP vs AGGRO 3BET,opener OOP,vs_3bet,3bettor IP,aggressive 3bettor,94s,4bet,0,call,0,,0,100,Live Poker Preflop Guide (2026),2026-01-06,~20:35-21:17,,no
OOP vs AGGRO 3BET,opener OOP,vs_3bet,3bettor IP,aggressive 3bettor,93s,4bet,0,call,0,,0,100,Live Poker Preflop Guide (2026),2026-01-06,~20:35-21:17,,no
OOP vs AGGRO 3BET,opener OOP,vs_3bet,3bettor IP,aggressive 3bettor,92s,4bet,0,call,0,,0,100,Live Poker Preflop Guide (2026),2026-01-06,~20:35-21:17,,no
OOP vs AGGRO 3BET,opener OOP,vs_3bet,3bettor IP,aggressive 3bettor,A8o,4bet,0,call,0,,0,100,Live Poker Preflop Guide (2026),2026-01-06,~20:35-21:17,,no
OOP vs AGGRO 3BET,opener OOP,vs_3bet,3bettor IP,aggressive 3bettor,K8o,4bet,0,call,0,,0,100,Live Poker Preflop Guide (2026),2026-01-06,~20:35-21:17,,no
OOP vs AGGRO 3BET,opener OOP,vs_3bet,3bettor IP,aggressive 3bettor,Q8o,4bet,0,call,0,,0,100,Live Poker Preflop Guide (2026),2026-01-06,~20:35-21:17,,no
OOP vs AGGRO 3BET,opener OOP,vs_3bet,3bettor IP,aggressive 3bettor,J8o,4bet,0,call,0,,0,100,Live Poker Preflop Guide (2026),2026-01-06,~20:35-21:17,,no
OOP vs AGGRO 3BET,opener OOP,vs_3bet,3bettor IP,aggressive 3bettor,T8o,4bet,0,call,0,,0,100,Live Poker Preflop Guide (2026),2026-01-06,~20:35-21:17,,no
OOP vs AGGRO 3BET,opener OOP,vs_3bet,3bettor IP,aggressive 3bettor,98o,4bet,0,call,0,,0,100,Live Poker Preflop Guide (2026),2026-01-06,~20:35-21:17,,no
OOP vs AGGRO 3BET,opener OOP,vs_3bet,3bettor IP,aggressive 3bettor,88,4bet,0,call,100,,0,0,Live Poker Preflop Guide (2026),2026-01-06,~20:35-21:17,,no
OOP vs AGGRO 3BET,opener OOP,vs_3bet,3bettor IP,aggressive 3bettor,87s,4bet,0,call,100,,0,0,Live Poker Preflop Guide (2026),2026-01-06,~20:35-21:17,,no
OOP vs AGGRO 3BET,opener OOP,vs_3bet,3bettor IP,aggressive 3bettor,86s,4bet,0,call,0,,0,100,Live Poker Preflop Guide (2026),2026-01-06,~20:35-21:17,,no
OOP vs AGGRO 3BET,opener OOP,vs_3bet,3bettor IP,aggressive 3bettor,85s,4bet,0,call,0,,0,100,Live Poker Preflop Guide (2026),2026-01-06,~20:35-21:17,,no
OOP vs AGGRO 3BET,opener OOP,vs_3bet,3bettor IP,aggressive 3bettor,84s,4bet,0,call,0,,0,100,Live Poker Preflop Guide (2026),2026-01-06,~20:35-21:17,,no
OOP vs AGGRO 3BET,opener OOP,vs_3bet,3bettor IP,aggressive 3bettor,83s,4bet,0,call,0,,0,100,Live Poker Preflop Guide (2026),2026-01-06,~20:35-21:17,,no
OOP vs AGGRO 3BET,opener OOP,vs_3bet,3bettor IP,aggressive 3bettor,82s,4bet,0,call,0,,0,100,Live Poker Preflop Guide (2026),2026-01-06,~20:35-21:17,,no
OOP vs AGGRO 3BET,opener OOP,vs_3bet,3bettor IP,aggressive 3bettor,A7o,4bet,0,call,0,,0,100,Live Poker Preflop Guide (2026),2026-01-06,~20:35-21:17,,no
OOP vs AGGRO 3BET,opener OOP,vs_3bet,3bettor IP,aggressive 3bettor,K7o,4bet,0,call,0,,0,100,Live Poker Preflop Guide (2026),2026-01-06,~20:35-21:17,,no
OOP vs AGGRO 3BET,opener OOP,vs_3bet,3bettor IP,aggressive 3bettor,Q7o,4bet,0,call,0,,0,100,Live Poker Preflop Guide (2026),2026-01-06,~20:35-21:17,,no
OOP vs AGGRO 3BET,opener OOP,vs_3bet,3bettor IP,aggressive 3bettor,J7o,4bet,0,call,0,,0,100,Live Poker Preflop Guide (2026),2026-01-06,~20:35-21:17,,no
OOP vs AGGRO 3BET,opener OOP,vs_3bet,3bettor IP,aggressive 3bettor,T7o,4bet,0,call,0,,0,100,Live Poker Preflop Guide (2026),2026-01-06,~20:35-21:17,,no
OOP vs AGGRO 3BET,opener OOP,vs_3bet,3bettor IP,aggressive 3bettor,97o,4bet,0,call,0,,0,100,Live Poker Preflop Guide (2026),2026-01-06,~20:35-21:17,,no
OOP vs AGGRO 3BET,opener OOP,vs_3bet,3bettor IP,aggressive 3bettor,87o,4bet,0,call,0,,0,100,Live Poker Preflop Guide (2026),2026-01-06,~20:35-21:17,,no
OOP vs AGGRO 3BET,opener OOP,vs_3bet,3bettor IP,aggressive 3bettor,77,4bet,0,call,100,,0,0,Live Poker Preflop Guide (2026),2026-01-06,~20:35-21:17,,no
OOP vs AGGRO 3BET,opener OOP,vs_3bet,3bettor IP,aggressive 3bettor,76s,4bet,0,call,100,,0,0,Live Poker Preflop Guide (2026),2026-01-06,~20:35-21:17,,no
OOP vs AGGRO 3BET,opener OOP,vs_3bet,3bettor IP,aggressive 3bettor,75s,4bet,0,call,0,,0,100,Live Poker Preflop Guide (2026),2026-01-06,~20:35-21:17,,no
OOP vs AGGRO 3BET,opener OOP,vs_3bet,3bettor IP,aggressive 3bettor,74s,4bet,0,call,0,,0,100,Live Poker Preflop Guide (2026),2026-01-06,~20:35-21:17,,no
OOP vs AGGRO 3BET,opener OOP,vs_3bet,3bettor IP,aggressive 3bettor,73s,4bet,0,call,0,,0,100,Live Poker Preflop Guide (2026),2026-01-06,~20:35-21:17,,no
OOP vs AGGRO 3BET,opener OOP,vs_3bet,3bettor IP,aggressive 3bettor,72s,4bet,0,call,0,,0,100,Live Poker Preflop Guide (2026),2026-01-06,~20:35-21:17,,no
OOP vs AGGRO 3BET,opener OOP,vs_3bet,3bettor IP,aggressive 3bettor,A6o,4bet,0,call,0,,0,100,Live Poker Preflop Guide (2026),2026-01-06,~20:35-21:17,,no
OOP vs AGGRO 3BET,opener OOP,vs_3bet,3bettor IP,aggressive 3bettor,K6o,4bet,0,call,0,,0,100,Live Poker Preflop Guide (2026),2026-01-06,~20:35-21:17,,no
OOP vs AGGRO 3BET,opener OOP,vs_3bet,3bettor IP,aggressive 3bettor,Q6o,4bet,0,call,0,,0,100,Live Poker Preflop Guide (2026),2026-01-06,~20:35-21:17,,no
OOP vs AGGRO 3BET,opener OOP,vs_3bet,3bettor IP,aggressive 3bettor,J6o,4bet,0,call,0,,0,100,Live Poker Preflop Guide (2026),2026-01-06,~20:35-21:17,,no
OOP vs AGGRO 3BET,opener OOP,vs_3bet,3bettor IP,aggressive 3bettor,T6o,4bet,0,call,0,,0,100,Live Poker Preflop Guide (2026),2026-01-06,~20:35-21:17,,no
OOP vs AGGRO 3BET,opener OOP,vs_3bet,3bettor IP,aggressive 3bettor,96o,4bet,0,call,0,,0,100,Live Poker Preflop Guide (2026),2026-01-06,~20:35-21:17,,no
OOP vs AGGRO 3BET,opener OOP,vs_3bet,3bettor IP,aggressive 3bettor,86o,4bet,0,call,0,,0,100,Live Poker Preflop Guide (2026),2026-01-06,~20:35-21:17,,no
OOP vs AGGRO 3BET,opener OOP,vs_3bet,3bettor IP,aggressive 3bettor,76o,4bet,0,call,0,,0,100,Live Poker Preflop Guide (2026),2026-01-06,~20:35-21:17,,no
OOP vs AGGRO 3BET,opener OOP,vs_3bet,3bettor IP,aggressive 3bettor,66,4bet,0,call,100,,0,0,Live Poker Preflop Guide (2026),2026-01-06,~20:35-21:17,,no
OOP vs AGGRO 3BET,opener OOP,vs_3bet,3bettor IP,aggressive 3bettor,65s,4bet,0,call,100,,0,0,Live Poker Preflop Guide (2026),2026-01-06,~20:35-21:17,,no
OOP vs AGGRO 3BET,opener OOP,vs_3bet,3bettor IP,aggressive 3bettor,64s,4bet,0,call,0,,0,100,Live Poker Preflop Guide (2026),2026-01-06,~20:35-21:17,,no
OOP vs AGGRO 3BET,opener OOP,vs_3bet,3bettor IP,aggressive 3bettor,63s,4bet,0,call,0,,0,100,Live Poker Preflop Guide (2026),2026-01-06,~20:35-21:17,,no
OOP vs AGGRO 3BET,opener OOP,vs_3bet,3bettor IP,aggressive 3bettor,62s,4bet,0,call,0,,0,100,Live Poker Preflop Guide (2026),2026-01-06,~20:35-21:17,,no
OOP vs AGGRO 3BET,opener OOP,vs_3bet,3bettor IP,aggressive 3bettor,A5o,4bet,0,call,0,,0,100,Live Poker Preflop Guide (2026),2026-01-06,~20:35-21:17,,no
OOP vs AGGRO 3BET,opener OOP,vs_3bet,3bettor IP,aggressive 3bettor,K5o,4bet,0,call,0,,0,100,Live Poker Preflop Guide (2026),2026-01-06,~20:35-21:17,,no
OOP vs AGGRO 3BET,opener OOP,vs_3bet,3bettor IP,aggressive 3bettor,Q5o,4bet,0,call,0,,0,100,Live Poker Preflop Guide (2026),2026-01-06,~20:35-21:17,,no
OOP vs AGGRO 3BET,opener OOP,vs_3bet,3bettor IP,aggressive 3bettor,J5o,4bet,0,call,0,,0,100,Live Poker Preflop Guide (2026),2026-01-06,~20:35-21:17,,no
OOP vs AGGRO 3BET,opener OOP,vs_3bet,3bettor IP,aggressive 3bettor,T5o,4bet,0,call,0,,0,100,Live Poker Preflop Guide (2026),2026-01-06,~20:35-21:17,,no
OOP vs AGGRO 3BET,opener OOP,vs_3bet,3bettor IP,aggressive 3bettor,95o,4bet,0,call,0,,0,100,Live Poker Preflop Guide (2026),2026-01-06,~20:35-21:17,,no
OOP vs AGGRO 3BET,opener OOP,vs_3bet,3bettor IP,aggressive 3bettor,85o,4bet,0,call,0,,0,100,Live Poker Preflop Guide (2026),2026-01-06,~20:35-21:17,,no
OOP vs AGGRO 3BET,opener OOP,vs_3bet,3bettor IP,aggressive 3bettor,75o,4bet,0,call,0,,0,100,Live Poker Preflop Guide (2026),2026-01-06,~20:35-21:17,,no
OOP vs AGGRO 3BET,opener OOP,vs_3bet,3bettor IP,aggressive 3bettor,65o,4bet,0,call,0,,0,100,Live Poker Preflop Guide (2026),2026-01-06,~20:35-21:17,,no
OOP vs AGGRO 3BET,opener OOP,vs_3bet,3bettor IP,aggressive 3bettor,55,4bet,0,call,100,,0,0,Live Poker Preflop Guide (2026),2026-01-06,~20:35-21:17,,no
OOP vs AGGRO 3BET,opener OOP,vs_3bet,3bettor IP,aggressive 3bettor,54s,4bet,0,call,100,,0,0,Live Poker Preflop Guide (2026),2026-01-06,~20:35-21:17,,no
OOP vs AGGRO 3BET,opener OOP,vs_3bet,3bettor IP,aggressive 3bettor,53s,4bet,0,call,0,,0,100,Live Poker Preflop Guide (2026),2026-01-06,~20:35-21:17,,no
OOP vs AGGRO 3BET,opener OOP,vs_3bet,3bettor IP,aggressive 3bettor,52s,4bet,0,call,0,,0,100,Live Poker Preflop Guide (2026),2026-01-06,~20:35-21:17,,no
OOP vs AGGRO 3BET,opener OOP,vs_3bet,3bettor IP,aggressive 3bettor,A4o,4bet,0,call,0,,0,100,Live Poker Preflop Guide (2026),2026-01-06,~20:35-21:17,,no
OOP vs AGGRO 3BET,opener OOP,vs_3bet,3bettor IP,aggressive 3bettor,K4o,4bet,0,call,0,,0,100,Live Poker Preflop Guide (2026),2026-01-06,~20:35-21:17,,no
OOP vs AGGRO 3BET,opener OOP,vs_3bet,3bettor IP,aggressive 3bettor,Q4o,4bet,0,call,0,,0,100,Live Poker Preflop Guide (2026),2026-01-06,~20:35-21:17,,no
OOP vs AGGRO 3BET,opener OOP,vs_3bet,3bettor IP,aggressive 3bettor,J4o,4bet,0,call,0,,0,100,Live Poker Preflop Guide (2026),2026-01-06,~20:35-21:17,,no
OOP vs AGGRO 3BET,opener OOP,vs_3bet,3bettor IP,aggressive 3bettor,T4o,4bet,0,call,0,,0,100,Live Poker Preflop Guide (2026),2026-01-06,~20:35-21:17,,no
OOP vs AGGRO 3BET,opener OOP,vs_3bet,3bettor IP,aggressive 3bettor,94o,4bet,0,call,0,,0,100,Live Poker Preflop Guide (2026),2026-01-06,~20:35-21:17,,no
OOP vs AGGRO 3BET,opener OOP,vs_3bet,3bettor IP,aggressive 3bettor,84o,4bet,0,call,0,,0,100,Live Poker Preflop Guide (2026),2026-01-06,~20:35-21:17,,no
OOP vs AGGRO 3BET,opener OOP,vs_3bet,3bettor IP,aggressive 3bettor,74o,4bet,0,call,0,,0,100,Live Poker Preflop Guide (2026),2026-01-06,~20:35-21:17,,no
OOP vs AGGRO 3BET,opener OOP,vs_3bet,3bettor IP,aggressive 3bettor,64o,4bet,0,call,0,,0,100,Live Poker Preflop Guide (2026),2026-01-06,~20:35-21:17,,no
OOP vs AGGRO 3BET,opener OOP,vs_3bet,3bettor IP,aggressive 3bettor,54o,4bet,0,call,0,,0,100,Live Poker Preflop Guide (2026),2026-01-06,~20:35-21:17,,no
OOP vs AGGRO 3BET,opener OOP,vs_3bet,3bettor IP,aggressive 3bettor,44,4bet,0,call,100,,0,0,Live Poker Preflop Guide (2026),2026-01-06,~20:35-21:17,,no
OOP vs AGGRO 3BET,opener OOP,vs_3bet,3bettor IP,aggressive 3bettor,43s,4bet,0,call,50,,0,50,Live Poker Preflop Guide (2026),2026-01-06,~20:35-21:17,"SITUATIONAL (Mark): play this action when you have a bigger edge on the player, lower rake, or deeper stacks; leave it out with an aggressive 4-bettor behind.",yes
OOP vs AGGRO 3BET,opener OOP,vs_3bet,3bettor IP,aggressive 3bettor,42s,4bet,0,call,0,,0,100,Live Poker Preflop Guide (2026),2026-01-06,~20:35-21:17,,no
OOP vs AGGRO 3BET,opener OOP,vs_3bet,3bettor IP,aggressive 3bettor,A3o,4bet,0,call,0,,0,100,Live Poker Preflop Guide (2026),2026-01-06,~20:35-21:17,,no
OOP vs AGGRO 3BET,opener OOP,vs_3bet,3bettor IP,aggressive 3bettor,K3o,4bet,0,call,0,,0,100,Live Poker Preflop Guide (2026),2026-01-06,~20:35-21:17,,no
OOP vs AGGRO 3BET,opener OOP,vs_3bet,3bettor IP,aggressive 3bettor,Q3o,4bet,0,call,0,,0,100,Live Poker Preflop Guide (2026),2026-01-06,~20:35-21:17,,no
OOP vs AGGRO 3BET,opener OOP,vs_3bet,3bettor IP,aggressive 3bettor,J3o,4bet,0,call,0,,0,100,Live Poker Preflop Guide (2026),2026-01-06,~20:35-21:17,,no
OOP vs AGGRO 3BET,opener OOP,vs_3bet,3bettor IP,aggressive 3bettor,T3o,4bet,0,call,0,,0,100,Live Poker Preflop Guide (2026),2026-01-06,~20:35-21:17,,no
OOP vs AGGRO 3BET,opener OOP,vs_3bet,3bettor IP,aggressive 3bettor,93o,4bet,0,call,0,,0,100,Live Poker Preflop Guide (2026),2026-01-06,~20:35-21:17,,no
OOP vs AGGRO 3BET,opener OOP,vs_3bet,3bettor IP,aggressive 3bettor,83o,4bet,0,call,0,,0,100,Live Poker Preflop Guide (2026),2026-01-06,~20:35-21:17,,no
OOP vs AGGRO 3BET,opener OOP,vs_3bet,3bettor IP,aggressive 3bettor,73o,4bet,0,call,0,,0,100,Live Poker Preflop Guide (2026),2026-01-06,~20:35-21:17,,no
OOP vs AGGRO 3BET,opener OOP,vs_3bet,3bettor IP,aggressive 3bettor,63o,4bet,0,call,0,,0,100,Live Poker Preflop Guide (2026),2026-01-06,~20:35-21:17,,no
OOP vs AGGRO 3BET,opener OOP,vs_3bet,3bettor IP,aggressive 3bettor,53o,4bet,0,call,0,,0,100,Live Poker Preflop Guide (2026),2026-01-06,~20:35-21:17,,no
OOP vs AGGRO 3BET,opener OOP,vs_3bet,3bettor IP,aggressive 3bettor,43o,4bet,0,call,0,,0,100,Live Poker Preflop Guide (2026),2026-01-06,~20:35-21:17,,no
OOP vs AGGRO 3BET,opener OOP,vs_3bet,3bettor IP,aggressive 3bettor,33,4bet,0,call,100,,0,0,Live Poker Preflop Guide (2026),2026-01-06,~20:35-21:17,,no
OOP vs AGGRO 3BET,opener OOP,vs_3bet,3bettor IP,aggressive 3bettor,32s,4bet,0,call,0,,0,100,Live Poker Preflop Guide (2026),2026-01-06,~20:35-21:17,,no
OOP vs AGGRO 3BET,opener OOP,vs_3bet,3bettor IP,aggressive 3bettor,A2o,4bet,0,call,0,,0,100,Live Poker Preflop Guide (2026),2026-01-06,~20:35-21:17,,no
OOP vs AGGRO 3BET,opener OOP,vs_3bet,3bettor IP,aggressive 3bettor,K2o,4bet,0,call,0,,0,100,Live Poker Preflop Guide (2026),2026-01-06,~20:35-21:17,,no
OOP vs AGGRO 3BET,opener OOP,vs_3bet,3bettor IP,aggressive 3bettor,Q2o,4bet,0,call,0,,0,100,Live Poker Preflop Guide (2026),2026-01-06,~20:35-21:17,,no
OOP vs AGGRO 3BET,opener OOP,vs_3bet,3bettor IP,aggressive 3bettor,J2o,4bet,0,call,0,,0,100,Live Poker Preflop Guide (2026),2026-01-06,~20:35-21:17,,no
OOP vs AGGRO 3BET,opener OOP,vs_3bet,3bettor IP,aggressive 3bettor,T2o,4bet,0,call,0,,0,100,Live Poker Preflop Guide (2026),2026-01-06,~20:35-21:17,,no
OOP vs AGGRO 3BET,opener OOP,vs_3bet,3bettor IP,aggressive 3bettor,92o,4bet,0,call,0,,0,100,Live Poker Preflop Guide (2026),2026-01-06,~20:35-21:17,,no
OOP vs AGGRO 3BET,opener OOP,vs_3bet,3bettor IP,aggressive 3bettor,82o,4bet,0,call,0,,0,100,Live Poker Preflop Guide (2026),2026-01-06,~20:35-21:17,,no
OOP vs AGGRO 3BET,opener OOP,vs_3bet,3bettor IP,aggressive 3bettor,72o,4bet,0,call,0,,0,100,Live Poker Preflop Guide (2026),2026-01-06,~20:35-21:17,,no
OOP vs AGGRO 3BET,opener OOP,vs_3bet,3bettor IP,aggressive 3bettor,62o,4bet,0,call,0,,0,100,Live Poker Preflop Guide (2026),2026-01-06,~20:35-21:17,,no
OOP vs AGGRO 3BET,opener OOP,vs_3bet,3bettor IP,aggressive 3bettor,52o,4bet,0,call,0,,0,100,Live Poker Preflop Guide (2026),2026-01-06,~20:35-21:17,,no
OOP vs AGGRO 3BET,opener OOP,vs_3bet,3bettor IP,aggressive 3bettor,42o,4bet,0,call,0,,0,100,Live Poker Preflop Guide (2026),2026-01-06,~20:35-21:17,,no
OOP vs AGGRO 3BET,opener OOP,vs_3bet,3bettor IP,aggressive 3bettor,32o,4bet,0,call,0,,0,100,Live Poker Preflop Guide (2026),2026-01-06,~20:35-21:17,,no
OOP vs AGGRO 3BET,opener OOP,vs_3bet,3bettor IP,aggressive 3bettor,22,4bet,0,call,100,,0,0,Live Poker Preflop Guide (2026),2026-01-06,~20:35-21:17,,no
IP vs PASSIVE 3BET,opener IP,vs_3bet,3bettor OOP,passive 3bettor,AA,4bet,100,call,0,,0,0,Live Poker Preflop Guide (2026),2026-01-06,21:17,,no
IP vs PASSIVE 3BET,opener IP,vs_3bet,3bettor OOP,passive 3bettor,AKs,4bet,50,call,50,,0,0,Live Poker Preflop Guide (2026),2026-01-06,21:17,"SITUATIONAL (Mark): play this action when you have a bigger edge on the player, lower rake, or deeper stacks; leave it out with an aggressive 4-bettor behind.",yes
IP vs PASSIVE 3BET,opener IP,vs_3bet,3bettor OOP,passive 3bettor,AQs,4bet,0,call,100,,0,0,Live Poker Preflop Guide (2026),2026-01-06,21:17,,no
IP vs PASSIVE 3BET,opener IP,vs_3bet,3bettor OOP,passive 3bettor,AJs,4bet,0,call,100,,0,0,Live Poker Preflop Guide (2026),2026-01-06,21:17,,no
IP vs PASSIVE 3BET,opener IP,vs_3bet,3bettor OOP,passive 3bettor,ATs,4bet,0,call,100,,0,0,Live Poker Preflop Guide (2026),2026-01-06,21:17,,no
IP vs PASSIVE 3BET,opener IP,vs_3bet,3bettor OOP,passive 3bettor,A9s,4bet,0,call,100,,0,0,Live Poker Preflop Guide (2026),2026-01-06,21:17,,no
IP vs PASSIVE 3BET,opener IP,vs_3bet,3bettor OOP,passive 3bettor,A8s,4bet,0,call,0,,0,100,Live Poker Preflop Guide (2026),2026-01-06,21:17,,no
IP vs PASSIVE 3BET,opener IP,vs_3bet,3bettor OOP,passive 3bettor,A7s,4bet,0,call,0,,0,100,Live Poker Preflop Guide (2026),2026-01-06,21:17,,no
IP vs PASSIVE 3BET,opener IP,vs_3bet,3bettor OOP,passive 3bettor,A6s,4bet,0,call,0,,0,100,Live Poker Preflop Guide (2026),2026-01-06,21:17,,no
IP vs PASSIVE 3BET,opener IP,vs_3bet,3bettor OOP,passive 3bettor,A5s,4bet,0,call,100,,0,0,Live Poker Preflop Guide (2026),2026-01-06,21:17,,no
IP vs PASSIVE 3BET,opener IP,vs_3bet,3bettor OOP,passive 3bettor,A4s,4bet,0,call,0,,0,100,Live Poker Preflop Guide (2026),2026-01-06,21:17,,no
IP vs PASSIVE 3BET,opener IP,vs_3bet,3bettor OOP,passive 3bettor,A3s,4bet,0,call,0,,0,100,Live Poker Preflop Guide (2026),2026-01-06,21:17,,no
IP vs PASSIVE 3BET,opener IP,vs_3bet,3bettor OOP,passive 3bettor,A2s,4bet,0,call,0,,0,100,Live Poker Preflop Guide (2026),2026-01-06,21:17,,no
IP vs PASSIVE 3BET,opener IP,vs_3bet,3bettor OOP,passive 3bettor,AKo,4bet,50,call,50,,0,0,Live Poker Preflop Guide (2026),2026-01-06,21:17,"SITUATIONAL (Mark): play this action when you have a bigger edge on the player, lower rake, or deeper stacks; leave it out with an aggressive 4-bettor behind.",yes
IP vs PASSIVE 3BET,opener IP,vs_3bet,3bettor OOP,passive 3bettor,KK,4bet,50,call,50,,0,0,Live Poker Preflop Guide (2026),2026-01-06,21:17,"SITUATIONAL (Mark): play this action when you have a bigger edge on the player, lower rake, or deeper stacks; leave it out with an aggressive 4-bettor behind.",yes
IP vs PASSIVE 3BET,opener IP,vs_3bet,3bettor OOP,passive 3bettor,KQs,4bet,0,call,100,,0,0,Live Poker Preflop Guide (2026),2026-01-06,21:17,,no
IP vs PASSIVE 3BET,opener IP,vs_3bet,3bettor OOP,passive 3bettor,KJs,4bet,0,call,100,,0,0,Live Poker Preflop Guide (2026),2026-01-06,21:17,,no
IP vs PASSIVE 3BET,opener IP,vs_3bet,3bettor OOP,passive 3bettor,KTs,4bet,0,call,100,,0,0,Live Poker Preflop Guide (2026),2026-01-06,21:17,,no
IP vs PASSIVE 3BET,opener IP,vs_3bet,3bettor OOP,passive 3bettor,K9s,4bet,0,call,0,,0,100,Live Poker Preflop Guide (2026),2026-01-06,21:17,,no
IP vs PASSIVE 3BET,opener IP,vs_3bet,3bettor OOP,passive 3bettor,K8s,4bet,0,call,0,,0,100,Live Poker Preflop Guide (2026),2026-01-06,21:17,,no
IP vs PASSIVE 3BET,opener IP,vs_3bet,3bettor OOP,passive 3bettor,K7s,4bet,0,call,0,,0,100,Live Poker Preflop Guide (2026),2026-01-06,21:17,,no
IP vs PASSIVE 3BET,opener IP,vs_3bet,3bettor OOP,passive 3bettor,K6s,4bet,0,call,0,,0,100,Live Poker Preflop Guide (2026),2026-01-06,21:17,,no
IP vs PASSIVE 3BET,opener IP,vs_3bet,3bettor OOP,passive 3bettor,K5s,4bet,0,call,0,,0,100,Live Poker Preflop Guide (2026),2026-01-06,21:17,,no
IP vs PASSIVE 3BET,opener IP,vs_3bet,3bettor OOP,passive 3bettor,K4s,4bet,0,call,0,,0,100,Live Poker Preflop Guide (2026),2026-01-06,21:17,,no
IP vs PASSIVE 3BET,opener IP,vs_3bet,3bettor OOP,passive 3bettor,K3s,4bet,0,call,0,,0,100,Live Poker Preflop Guide (2026),2026-01-06,21:17,,no
IP vs PASSIVE 3BET,opener IP,vs_3bet,3bettor OOP,passive 3bettor,K2s,4bet,0,call,0,,0,100,Live Poker Preflop Guide (2026),2026-01-06,21:17,,no
IP vs PASSIVE 3BET,opener IP,vs_3bet,3bettor OOP,passive 3bettor,AQo,4bet,0,call,100,,0,0,Live Poker Preflop Guide (2026),2026-01-06,21:17,,no
IP vs PASSIVE 3BET,opener IP,vs_3bet,3bettor OOP,passive 3bettor,KQo,4bet,0,call,0,,0,100,Live Poker Preflop Guide (2026),2026-01-06,21:17,,no
IP vs PASSIVE 3BET,opener IP,vs_3bet,3bettor OOP,passive 3bettor,QQ,4bet,0,call,100,,0,0,Live Poker Preflop Guide (2026),2026-01-06,21:17,,no
IP vs PASSIVE 3BET,opener IP,vs_3bet,3bettor OOP,passive 3bettor,QJs,4bet,0,call,100,,0,0,Live Poker Preflop Guide (2026),2026-01-06,21:17,,no
IP vs PASSIVE 3BET,opener IP,vs_3bet,3bettor OOP,passive 3bettor,QTs,4bet,0,call,100,,0,0,Live Poker Preflop Guide (2026),2026-01-06,21:17,,no
IP vs PASSIVE 3BET,opener IP,vs_3bet,3bettor OOP,passive 3bettor,Q9s,4bet,0,call,100,,0,0,Live Poker Preflop Guide (2026),2026-01-06,21:17,,no
IP vs PASSIVE 3BET,opener IP,vs_3bet,3bettor OOP,passive 3bettor,Q8s,4bet,0,call,0,,0,100,Live Poker Preflop Guide (2026),2026-01-06,21:17,,no
IP vs PASSIVE 3BET,opener IP,vs_3bet,3bettor OOP,passive 3bettor,Q7s,4bet,0,call,0,,0,100,Live Poker Preflop Guide (2026),2026-01-06,21:17,,no
IP vs PASSIVE 3BET,opener IP,vs_3bet,3bettor OOP,passive 3bettor,Q6s,4bet,0,call,0,,0,100,Live Poker Preflop Guide (2026),2026-01-06,21:17,,no
IP vs PASSIVE 3BET,opener IP,vs_3bet,3bettor OOP,passive 3bettor,Q5s,4bet,0,call,0,,0,100,Live Poker Preflop Guide (2026),2026-01-06,21:17,,no
IP vs PASSIVE 3BET,opener IP,vs_3bet,3bettor OOP,passive 3bettor,Q4s,4bet,0,call,0,,0,100,Live Poker Preflop Guide (2026),2026-01-06,21:17,,no
IP vs PASSIVE 3BET,opener IP,vs_3bet,3bettor OOP,passive 3bettor,Q3s,4bet,0,call,0,,0,100,Live Poker Preflop Guide (2026),2026-01-06,21:17,,no
IP vs PASSIVE 3BET,opener IP,vs_3bet,3bettor OOP,passive 3bettor,Q2s,4bet,0,call,0,,0,100,Live Poker Preflop Guide (2026),2026-01-06,21:17,,no
IP vs PASSIVE 3BET,opener IP,vs_3bet,3bettor OOP,passive 3bettor,AJo,4bet,0,call,0,,0,100,Live Poker Preflop Guide (2026),2026-01-06,21:17,,no
IP vs PASSIVE 3BET,opener IP,vs_3bet,3bettor OOP,passive 3bettor,KJo,4bet,0,call,0,,0,100,Live Poker Preflop Guide (2026),2026-01-06,21:17,,no
IP vs PASSIVE 3BET,opener IP,vs_3bet,3bettor OOP,passive 3bettor,QJo,4bet,0,call,0,,0,100,Live Poker Preflop Guide (2026),2026-01-06,21:17,,no
IP vs PASSIVE 3BET,opener IP,vs_3bet,3bettor OOP,passive 3bettor,JJ,4bet,0,call,100,,0,0,Live Poker Preflop Guide (2026),2026-01-06,21:17,,no
IP vs PASSIVE 3BET,opener IP,vs_3bet,3bettor OOP,passive 3bettor,JTs,4bet,0,call,100,,0,0,Live Poker Preflop Guide (2026),2026-01-06,21:17,,no
IP vs PASSIVE 3BET,opener IP,vs_3bet,3bettor OOP,passive 3bettor,J9s,4bet,0,call,100,,0,0,Live Poker Preflop Guide (2026),2026-01-06,21:17,,no
IP vs PASSIVE 3BET,opener IP,vs_3bet,3bettor OOP,passive 3bettor,J8s,4bet,0,call,0,,0,100,Live Poker Preflop Guide (2026),2026-01-06,21:17,,no
IP vs PASSIVE 3BET,opener IP,vs_3bet,3bettor OOP,passive 3bettor,J7s,4bet,0,call,0,,0,100,Live Poker Preflop Guide (2026),2026-01-06,21:17,,no
IP vs PASSIVE 3BET,opener IP,vs_3bet,3bettor OOP,passive 3bettor,J6s,4bet,0,call,0,,0,100,Live Poker Preflop Guide (2026),2026-01-06,21:17,,no
IP vs PASSIVE 3BET,opener IP,vs_3bet,3bettor OOP,passive 3bettor,J5s,4bet,0,call,0,,0,100,Live Poker Preflop Guide (2026),2026-01-06,21:17,,no
IP vs PASSIVE 3BET,opener IP,vs_3bet,3bettor OOP,passive 3bettor,J4s,4bet,0,call,0,,0,100,Live Poker Preflop Guide (2026),2026-01-06,21:17,,no
IP vs PASSIVE 3BET,opener IP,vs_3bet,3bettor OOP,passive 3bettor,J3s,4bet,0,call,0,,0,100,Live Poker Preflop Guide (2026),2026-01-06,21:17,,no
IP vs PASSIVE 3BET,opener IP,vs_3bet,3bettor OOP,passive 3bettor,J2s,4bet,0,call,0,,0,100,Live Poker Preflop Guide (2026),2026-01-06,21:17,,no
IP vs PASSIVE 3BET,opener IP,vs_3bet,3bettor OOP,passive 3bettor,ATo,4bet,0,call,0,,0,100,Live Poker Preflop Guide (2026),2026-01-06,21:17,,no
IP vs PASSIVE 3BET,opener IP,vs_3bet,3bettor OOP,passive 3bettor,KTo,4bet,0,call,0,,0,100,Live Poker Preflop Guide (2026),2026-01-06,21:17,,no
IP vs PASSIVE 3BET,opener IP,vs_3bet,3bettor OOP,passive 3bettor,QTo,4bet,0,call,0,,0,100,Live Poker Preflop Guide (2026),2026-01-06,21:17,,no
IP vs PASSIVE 3BET,opener IP,vs_3bet,3bettor OOP,passive 3bettor,JTo,4bet,0,call,0,,0,100,Live Poker Preflop Guide (2026),2026-01-06,21:17,,no
IP vs PASSIVE 3BET,opener IP,vs_3bet,3bettor OOP,passive 3bettor,TT,4bet,0,call,100,,0,0,Live Poker Preflop Guide (2026),2026-01-06,21:17,,no
IP vs PASSIVE 3BET,opener IP,vs_3bet,3bettor OOP,passive 3bettor,T9s,4bet,0,call,100,,0,0,Live Poker Preflop Guide (2026),2026-01-06,21:17,,no
IP vs PASSIVE 3BET,opener IP,vs_3bet,3bettor OOP,passive 3bettor,T8s,4bet,0,call,100,,0,0,Live Poker Preflop Guide (2026),2026-01-06,21:17,,no
IP vs PASSIVE 3BET,opener IP,vs_3bet,3bettor OOP,passive 3bettor,T7s,4bet,0,call,0,,0,100,Live Poker Preflop Guide (2026),2026-01-06,21:17,,no
IP vs PASSIVE 3BET,opener IP,vs_3bet,3bettor OOP,passive 3bettor,T6s,4bet,0,call,0,,0,100,Live Poker Preflop Guide (2026),2026-01-06,21:17,,no
IP vs PASSIVE 3BET,opener IP,vs_3bet,3bettor OOP,passive 3bettor,T5s,4bet,0,call,0,,0,100,Live Poker Preflop Guide (2026),2026-01-06,21:17,,no
IP vs PASSIVE 3BET,opener IP,vs_3bet,3bettor OOP,passive 3bettor,T4s,4bet,0,call,0,,0,100,Live Poker Preflop Guide (2026),2026-01-06,21:17,,no
IP vs PASSIVE 3BET,opener IP,vs_3bet,3bettor OOP,passive 3bettor,T3s,4bet,0,call,0,,0,100,Live Poker Preflop Guide (2026),2026-01-06,21:17,,no
IP vs PASSIVE 3BET,opener IP,vs_3bet,3bettor OOP,passive 3bettor,T2s,4bet,0,call,0,,0,100,Live Poker Preflop Guide (2026),2026-01-06,21:17,,no
IP vs PASSIVE 3BET,opener IP,vs_3bet,3bettor OOP,passive 3bettor,A9o,4bet,0,call,0,,0,100,Live Poker Preflop Guide (2026),2026-01-06,21:17,,no
IP vs PASSIVE 3BET,opener IP,vs_3bet,3bettor OOP,passive 3bettor,K9o,4bet,0,call,0,,0,100,Live Poker Preflop Guide (2026),2026-01-06,21:17,,no
IP vs PASSIVE 3BET,opener IP,vs_3bet,3bettor OOP,passive 3bettor,Q9o,4bet,0,call,0,,0,100,Live Poker Preflop Guide (2026),2026-01-06,21:17,,no
IP vs PASSIVE 3BET,opener IP,vs_3bet,3bettor OOP,passive 3bettor,J9o,4bet,0,call,0,,0,100,Live Poker Preflop Guide (2026),2026-01-06,21:17,,no
IP vs PASSIVE 3BET,opener IP,vs_3bet,3bettor OOP,passive 3bettor,T9o,4bet,0,call,0,,0,100,Live Poker Preflop Guide (2026),2026-01-06,21:17,,no
IP vs PASSIVE 3BET,opener IP,vs_3bet,3bettor OOP,passive 3bettor,99,4bet,0,call,100,,0,0,Live Poker Preflop Guide (2026),2026-01-06,21:17,,no
IP vs PASSIVE 3BET,opener IP,vs_3bet,3bettor OOP,passive 3bettor,98s,4bet,0,call,100,,0,0,Live Poker Preflop Guide (2026),2026-01-06,21:17,,no
IP vs PASSIVE 3BET,opener IP,vs_3bet,3bettor OOP,passive 3bettor,97s,4bet,0,call,0,,0,100,Live Poker Preflop Guide (2026),2026-01-06,21:17,,no
IP vs PASSIVE 3BET,opener IP,vs_3bet,3bettor OOP,passive 3bettor,96s,4bet,0,call,0,,0,100,Live Poker Preflop Guide (2026),2026-01-06,21:17,,no
IP vs PASSIVE 3BET,opener IP,vs_3bet,3bettor OOP,passive 3bettor,95s,4bet,0,call,0,,0,100,Live Poker Preflop Guide (2026),2026-01-06,21:17,,no
IP vs PASSIVE 3BET,opener IP,vs_3bet,3bettor OOP,passive 3bettor,94s,4bet,0,call,0,,0,100,Live Poker Preflop Guide (2026),2026-01-06,21:17,,no
IP vs PASSIVE 3BET,opener IP,vs_3bet,3bettor OOP,passive 3bettor,93s,4bet,0,call,0,,0,100,Live Poker Preflop Guide (2026),2026-01-06,21:17,,no
IP vs PASSIVE 3BET,opener IP,vs_3bet,3bettor OOP,passive 3bettor,92s,4bet,0,call,0,,0,100,Live Poker Preflop Guide (2026),2026-01-06,21:17,,no
IP vs PASSIVE 3BET,opener IP,vs_3bet,3bettor OOP,passive 3bettor,A8o,4bet,0,call,0,,0,100,Live Poker Preflop Guide (2026),2026-01-06,21:17,,no
IP vs PASSIVE 3BET,opener IP,vs_3bet,3bettor OOP,passive 3bettor,K8o,4bet,0,call,0,,0,100,Live Poker Preflop Guide (2026),2026-01-06,21:17,,no
IP vs PASSIVE 3BET,opener IP,vs_3bet,3bettor OOP,passive 3bettor,Q8o,4bet,0,call,0,,0,100,Live Poker Preflop Guide (2026),2026-01-06,21:17,,no
IP vs PASSIVE 3BET,opener IP,vs_3bet,3bettor OOP,passive 3bettor,J8o,4bet,0,call,0,,0,100,Live Poker Preflop Guide (2026),2026-01-06,21:17,,no
IP vs PASSIVE 3BET,opener IP,vs_3bet,3bettor OOP,passive 3bettor,T8o,4bet,0,call,0,,0,100,Live Poker Preflop Guide (2026),2026-01-06,21:17,,no
IP vs PASSIVE 3BET,opener IP,vs_3bet,3bettor OOP,passive 3bettor,98o,4bet,0,call,0,,0,100,Live Poker Preflop Guide (2026),2026-01-06,21:17,,no
IP vs PASSIVE 3BET,opener IP,vs_3bet,3bettor OOP,passive 3bettor,88,4bet,0,call,100,,0,0,Live Poker Preflop Guide (2026),2026-01-06,21:17,,no
IP vs PASSIVE 3BET,opener IP,vs_3bet,3bettor OOP,passive 3bettor,87s,4bet,0,call,100,,0,0,Live Poker Preflop Guide (2026),2026-01-06,21:17,,no
IP vs PASSIVE 3BET,opener IP,vs_3bet,3bettor OOP,passive 3bettor,86s,4bet,0,call,0,,0,100,Live Poker Preflop Guide (2026),2026-01-06,21:17,,no
IP vs PASSIVE 3BET,opener IP,vs_3bet,3bettor OOP,passive 3bettor,85s,4bet,0,call,0,,0,100,Live Poker Preflop Guide (2026),2026-01-06,21:17,,no
IP vs PASSIVE 3BET,opener IP,vs_3bet,3bettor OOP,passive 3bettor,84s,4bet,0,call,0,,0,100,Live Poker Preflop Guide (2026),2026-01-06,21:17,,no
IP vs PASSIVE 3BET,opener IP,vs_3bet,3bettor OOP,passive 3bettor,83s,4bet,0,call,0,,0,100,Live Poker Preflop Guide (2026),2026-01-06,21:17,,no
IP vs PASSIVE 3BET,opener IP,vs_3bet,3bettor OOP,passive 3bettor,82s,4bet,0,call,0,,0,100,Live Poker Preflop Guide (2026),2026-01-06,21:17,,no
IP vs PASSIVE 3BET,opener IP,vs_3bet,3bettor OOP,passive 3bettor,A7o,4bet,0,call,0,,0,100,Live Poker Preflop Guide (2026),2026-01-06,21:17,,no
IP vs PASSIVE 3BET,opener IP,vs_3bet,3bettor OOP,passive 3bettor,K7o,4bet,0,call,0,,0,100,Live Poker Preflop Guide (2026),2026-01-06,21:17,,no
IP vs PASSIVE 3BET,opener IP,vs_3bet,3bettor OOP,passive 3bettor,Q7o,4bet,0,call,0,,0,100,Live Poker Preflop Guide (2026),2026-01-06,21:17,,no
IP vs PASSIVE 3BET,opener IP,vs_3bet,3bettor OOP,passive 3bettor,J7o,4bet,0,call,0,,0,100,Live Poker Preflop Guide (2026),2026-01-06,21:17,,no
IP vs PASSIVE 3BET,opener IP,vs_3bet,3bettor OOP,passive 3bettor,T7o,4bet,0,call,0,,0,100,Live Poker Preflop Guide (2026),2026-01-06,21:17,,no
IP vs PASSIVE 3BET,opener IP,vs_3bet,3bettor OOP,passive 3bettor,97o,4bet,0,call,0,,0,100,Live Poker Preflop Guide (2026),2026-01-06,21:17,,no
IP vs PASSIVE 3BET,opener IP,vs_3bet,3bettor OOP,passive 3bettor,87o,4bet,0,call,0,,0,100,Live Poker Preflop Guide (2026),2026-01-06,21:17,,no
IP vs PASSIVE 3BET,opener IP,vs_3bet,3bettor OOP,passive 3bettor,77,4bet,0,call,100,,0,0,Live Poker Preflop Guide (2026),2026-01-06,21:17,,no
IP vs PASSIVE 3BET,opener IP,vs_3bet,3bettor OOP,passive 3bettor,76s,4bet,0,call,100,,0,0,Live Poker Preflop Guide (2026),2026-01-06,21:17,,no
IP vs PASSIVE 3BET,opener IP,vs_3bet,3bettor OOP,passive 3bettor,75s,4bet,0,call,100,,0,0,Live Poker Preflop Guide (2026),2026-01-06,21:17,,no
IP vs PASSIVE 3BET,opener IP,vs_3bet,3bettor OOP,passive 3bettor,74s,4bet,0,call,0,,0,100,Live Poker Preflop Guide (2026),2026-01-06,21:17,,no
IP vs PASSIVE 3BET,opener IP,vs_3bet,3bettor OOP,passive 3bettor,73s,4bet,0,call,0,,0,100,Live Poker Preflop Guide (2026),2026-01-06,21:17,,no
IP vs PASSIVE 3BET,opener IP,vs_3bet,3bettor OOP,passive 3bettor,72s,4bet,0,call,0,,0,100,Live Poker Preflop Guide (2026),2026-01-06,21:17,,no
IP vs PASSIVE 3BET,opener IP,vs_3bet,3bettor OOP,passive 3bettor,A6o,4bet,0,call,0,,0,100,Live Poker Preflop Guide (2026),2026-01-06,21:17,,no
IP vs PASSIVE 3BET,opener IP,vs_3bet,3bettor OOP,passive 3bettor,K6o,4bet,0,call,0,,0,100,Live Poker Preflop Guide (2026),2026-01-06,21:17,,no
IP vs PASSIVE 3BET,opener IP,vs_3bet,3bettor OOP,passive 3bettor,Q6o,4bet,0,call,0,,0,100,Live Poker Preflop Guide (2026),2026-01-06,21:17,,no
IP vs PASSIVE 3BET,opener IP,vs_3bet,3bettor OOP,passive 3bettor,J6o,4bet,0,call,0,,0,100,Live Poker Preflop Guide (2026),2026-01-06,21:17,,no
IP vs PASSIVE 3BET,opener IP,vs_3bet,3bettor OOP,passive 3bettor,T6o,4bet,0,call,0,,0,100,Live Poker Preflop Guide (2026),2026-01-06,21:17,,no
IP vs PASSIVE 3BET,opener IP,vs_3bet,3bettor OOP,passive 3bettor,96o,4bet,0,call,0,,0,100,Live Poker Preflop Guide (2026),2026-01-06,21:17,,no
IP vs PASSIVE 3BET,opener IP,vs_3bet,3bettor OOP,passive 3bettor,86o,4bet,0,call,0,,0,100,Live Poker Preflop Guide (2026),2026-01-06,21:17,,no
IP vs PASSIVE 3BET,opener IP,vs_3bet,3bettor OOP,passive 3bettor,76o,4bet,0,call,0,,0,100,Live Poker Preflop Guide (2026),2026-01-06,21:17,,no
IP vs PASSIVE 3BET,opener IP,vs_3bet,3bettor OOP,passive 3bettor,66,4bet,0,call,100,,0,0,Live Poker Preflop Guide (2026),2026-01-06,21:17,,no
IP vs PASSIVE 3BET,opener IP,vs_3bet,3bettor OOP,passive 3bettor,65s,4bet,0,call,100,,0,0,Live Poker Preflop Guide (2026),2026-01-06,21:17,,no
IP vs PASSIVE 3BET,opener IP,vs_3bet,3bettor OOP,passive 3bettor,64s,4bet,0,call,100,,0,0,Live Poker Preflop Guide (2026),2026-01-06,21:17,,no
IP vs PASSIVE 3BET,opener IP,vs_3bet,3bettor OOP,passive 3bettor,63s,4bet,0,call,0,,0,100,Live Poker Preflop Guide (2026),2026-01-06,21:17,,no
IP vs PASSIVE 3BET,opener IP,vs_3bet,3bettor OOP,passive 3bettor,62s,4bet,0,call,0,,0,100,Live Poker Preflop Guide (2026),2026-01-06,21:17,,no
IP vs PASSIVE 3BET,opener IP,vs_3bet,3bettor OOP,passive 3bettor,A5o,4bet,0,call,0,,0,100,Live Poker Preflop Guide (2026),2026-01-06,21:17,,no
IP vs PASSIVE 3BET,opener IP,vs_3bet,3bettor OOP,passive 3bettor,K5o,4bet,0,call,0,,0,100,Live Poker Preflop Guide (2026),2026-01-06,21:17,,no
IP vs PASSIVE 3BET,opener IP,vs_3bet,3bettor OOP,passive 3bettor,Q5o,4bet,0,call,0,,0,100,Live Poker Preflop Guide (2026),2026-01-06,21:17,,no
IP vs PASSIVE 3BET,opener IP,vs_3bet,3bettor OOP,passive 3bettor,J5o,4bet,0,call,0,,0,100,Live Poker Preflop Guide (2026),2026-01-06,21:17,,no
IP vs PASSIVE 3BET,opener IP,vs_3bet,3bettor OOP,passive 3bettor,T5o,4bet,0,call,0,,0,100,Live Poker Preflop Guide (2026),2026-01-06,21:17,,no
IP vs PASSIVE 3BET,opener IP,vs_3bet,3bettor OOP,passive 3bettor,95o,4bet,0,call,0,,0,100,Live Poker Preflop Guide (2026),2026-01-06,21:17,,no
IP vs PASSIVE 3BET,opener IP,vs_3bet,3bettor OOP,passive 3bettor,85o,4bet,0,call,0,,0,100,Live Poker Preflop Guide (2026),2026-01-06,21:17,,no
IP vs PASSIVE 3BET,opener IP,vs_3bet,3bettor OOP,passive 3bettor,75o,4bet,0,call,0,,0,100,Live Poker Preflop Guide (2026),2026-01-06,21:17,,no
IP vs PASSIVE 3BET,opener IP,vs_3bet,3bettor OOP,passive 3bettor,65o,4bet,0,call,0,,0,100,Live Poker Preflop Guide (2026),2026-01-06,21:17,,no
IP vs PASSIVE 3BET,opener IP,vs_3bet,3bettor OOP,passive 3bettor,55,4bet,0,call,100,,0,0,Live Poker Preflop Guide (2026),2026-01-06,21:17,,no
IP vs PASSIVE 3BET,opener IP,vs_3bet,3bettor OOP,passive 3bettor,54s,4bet,0,call,100,,0,0,Live Poker Preflop Guide (2026),2026-01-06,21:17,,no
IP vs PASSIVE 3BET,opener IP,vs_3bet,3bettor OOP,passive 3bettor,53s,4bet,0,call,100,,0,0,Live Poker Preflop Guide (2026),2026-01-06,21:17,,no
IP vs PASSIVE 3BET,opener IP,vs_3bet,3bettor OOP,passive 3bettor,52s,4bet,0,call,0,,0,100,Live Poker Preflop Guide (2026),2026-01-06,21:17,,no
IP vs PASSIVE 3BET,opener IP,vs_3bet,3bettor OOP,passive 3bettor,A4o,4bet,0,call,0,,0,100,Live Poker Preflop Guide (2026),2026-01-06,21:17,,no
IP vs PASSIVE 3BET,opener IP,vs_3bet,3bettor OOP,passive 3bettor,K4o,4bet,0,call,0,,0,100,Live Poker Preflop Guide (2026),2026-01-06,21:17,,no
IP vs PASSIVE 3BET,opener IP,vs_3bet,3bettor OOP,passive 3bettor,Q4o,4bet,0,call,0,,0,100,Live Poker Preflop Guide (2026),2026-01-06,21:17,,no
IP vs PASSIVE 3BET,opener IP,vs_3bet,3bettor OOP,passive 3bettor,J4o,4bet,0,call,0,,0,100,Live Poker Preflop Guide (2026),2026-01-06,21:17,,no
IP vs PASSIVE 3BET,opener IP,vs_3bet,3bettor OOP,passive 3bettor,T4o,4bet,0,call,0,,0,100,Live Poker Preflop Guide (2026),2026-01-06,21:17,,no
IP vs PASSIVE 3BET,opener IP,vs_3bet,3bettor OOP,passive 3bettor,94o,4bet,0,call,0,,0,100,Live Poker Preflop Guide (2026),2026-01-06,21:17,,no
IP vs PASSIVE 3BET,opener IP,vs_3bet,3bettor OOP,passive 3bettor,84o,4bet,0,call,0,,0,100,Live Poker Preflop Guide (2026),2026-01-06,21:17,,no
IP vs PASSIVE 3BET,opener IP,vs_3bet,3bettor OOP,passive 3bettor,74o,4bet,0,call,0,,0,100,Live Poker Preflop Guide (2026),2026-01-06,21:17,,no
IP vs PASSIVE 3BET,opener IP,vs_3bet,3bettor OOP,passive 3bettor,64o,4bet,0,call,0,,0,100,Live Poker Preflop Guide (2026),2026-01-06,21:17,,no
IP vs PASSIVE 3BET,opener IP,vs_3bet,3bettor OOP,passive 3bettor,54o,4bet,0,call,0,,0,100,Live Poker Preflop Guide (2026),2026-01-06,21:17,,no
IP vs PASSIVE 3BET,opener IP,vs_3bet,3bettor OOP,passive 3bettor,44,4bet,0,call,100,,0,0,Live Poker Preflop Guide (2026),2026-01-06,21:17,,no
IP vs PASSIVE 3BET,opener IP,vs_3bet,3bettor OOP,passive 3bettor,43s,4bet,0,call,100,,0,0,Live Poker Preflop Guide (2026),2026-01-06,21:17,,no
IP vs PASSIVE 3BET,opener IP,vs_3bet,3bettor OOP,passive 3bettor,42s,4bet,0,call,0,,0,100,Live Poker Preflop Guide (2026),2026-01-06,21:17,,no
IP vs PASSIVE 3BET,opener IP,vs_3bet,3bettor OOP,passive 3bettor,A3o,4bet,0,call,0,,0,100,Live Poker Preflop Guide (2026),2026-01-06,21:17,,no
IP vs PASSIVE 3BET,opener IP,vs_3bet,3bettor OOP,passive 3bettor,K3o,4bet,0,call,0,,0,100,Live Poker Preflop Guide (2026),2026-01-06,21:17,,no
IP vs PASSIVE 3BET,opener IP,vs_3bet,3bettor OOP,passive 3bettor,Q3o,4bet,0,call,0,,0,100,Live Poker Preflop Guide (2026),2026-01-06,21:17,,no
IP vs PASSIVE 3BET,opener IP,vs_3bet,3bettor OOP,passive 3bettor,J3o,4bet,0,call,0,,0,100,Live Poker Preflop Guide (2026),2026-01-06,21:17,,no
IP vs PASSIVE 3BET,opener IP,vs_3bet,3bettor OOP,passive 3bettor,T3o,4bet,0,call,0,,0,100,Live Poker Preflop Guide (2026),2026-01-06,21:17,,no
IP vs PASSIVE 3BET,opener IP,vs_3bet,3bettor OOP,passive 3bettor,93o,4bet,0,call,0,,0,100,Live Poker Preflop Guide (2026),2026-01-06,21:17,,no
IP vs PASSIVE 3BET,opener IP,vs_3bet,3bettor OOP,passive 3bettor,83o,4bet,0,call,0,,0,100,Live Poker Preflop Guide (2026),2026-01-06,21:17,,no
IP vs PASSIVE 3BET,opener IP,vs_3bet,3bettor OOP,passive 3bettor,73o,4bet,0,call,0,,0,100,Live Poker Preflop Guide (2026),2026-01-06,21:17,,no
IP vs PASSIVE 3BET,opener IP,vs_3bet,3bettor OOP,passive 3bettor,63o,4bet,0,call,0,,0,100,Live Poker Preflop Guide (2026),2026-01-06,21:17,,no
IP vs PASSIVE 3BET,opener IP,vs_3bet,3bettor OOP,passive 3bettor,53o,4bet,0,call,0,,0,100,Live Poker Preflop Guide (2026),2026-01-06,21:17,,no
IP vs PASSIVE 3BET,opener IP,vs_3bet,3bettor OOP,passive 3bettor,43o,4bet,0,call,0,,0,100,Live Poker Preflop Guide (2026),2026-01-06,21:17,,no
IP vs PASSIVE 3BET,opener IP,vs_3bet,3bettor OOP,passive 3bettor,33,4bet,0,call,100,,0,0,Live Poker Preflop Guide (2026),2026-01-06,21:17,,no
IP vs PASSIVE 3BET,opener IP,vs_3bet,3bettor OOP,passive 3bettor,32s,4bet,0,call,0,,0,100,Live Poker Preflop Guide (2026),2026-01-06,21:17,,no
IP vs PASSIVE 3BET,opener IP,vs_3bet,3bettor OOP,passive 3bettor,A2o,4bet,0,call,0,,0,100,Live Poker Preflop Guide (2026),2026-01-06,21:17,,no
IP vs PASSIVE 3BET,opener IP,vs_3bet,3bettor OOP,passive 3bettor,K2o,4bet,0,call,0,,0,100,Live Poker Preflop Guide (2026),2026-01-06,21:17,,no
IP vs PASSIVE 3BET,opener IP,vs_3bet,3bettor OOP,passive 3bettor,Q2o,4bet,0,call,0,,0,100,Live Poker Preflop Guide (2026),2026-01-06,21:17,,no
IP vs PASSIVE 3BET,opener IP,vs_3bet,3bettor OOP,passive 3bettor,J2o,4bet,0,call,0,,0,100,Live Poker Preflop Guide (2026),2026-01-06,21:17,,no
IP vs PASSIVE 3BET,opener IP,vs_3bet,3bettor OOP,passive 3bettor,T2o,4bet,0,call,0,,0,100,Live Poker Preflop Guide (2026),2026-01-06,21:17,,no
IP vs PASSIVE 3BET,opener IP,vs_3bet,3bettor OOP,passive 3bettor,92o,4bet,0,call,0,,0,100,Live Poker Preflop Guide (2026),2026-01-06,21:17,,no
IP vs PASSIVE 3BET,opener IP,vs_3bet,3bettor OOP,passive 3bettor,82o,4bet,0,call,0,,0,100,Live Poker Preflop Guide (2026),2026-01-06,21:17,,no
IP vs PASSIVE 3BET,opener IP,vs_3bet,3bettor OOP,passive 3bettor,72o,4bet,0,call,0,,0,100,Live Poker Preflop Guide (2026),2026-01-06,21:17,,no
IP vs PASSIVE 3BET,opener IP,vs_3bet,3bettor OOP,passive 3bettor,62o,4bet,0,call,0,,0,100,Live Poker Preflop Guide (2026),2026-01-06,21:17,,no
IP vs PASSIVE 3BET,opener IP,vs_3bet,3bettor OOP,passive 3bettor,52o,4bet,0,call,0,,0,100,Live Poker Preflop Guide (2026),2026-01-06,21:17,,no
IP vs PASSIVE 3BET,opener IP,vs_3bet,3bettor OOP,passive 3bettor,42o,4bet,0,call,0,,0,100,Live Poker Preflop Guide (2026),2026-01-06,21:17,,no
IP vs PASSIVE 3BET,opener IP,vs_3bet,3bettor OOP,passive 3bettor,32o,4bet,0,call,0,,0,100,Live Poker Preflop Guide (2026),2026-01-06,21:17,,no
IP vs PASSIVE 3BET,opener IP,vs_3bet,3bettor OOP,passive 3bettor,22,4bet,0,call,100,,0,0,Live Poker Preflop Guide (2026),2026-01-06,21:17,,no
IP vs AGGRO 3BET (THINKING),opener IP,vs_3bet,3bettor OOP,aggressive thinking player,AA,4bet,100,call,0,,0,0,Live Poker Preflop Guide (2026),2026-01-06,21:48,,no
IP vs AGGRO 3BET (THINKING),opener IP,vs_3bet,3bettor OOP,aggressive thinking player,AKs,4bet,50,call,50,,0,0,Live Poker Preflop Guide (2026),2026-01-06,21:48,"SITUATIONAL (Mark): play this action when you have a bigger edge on the player, lower rake, or deeper stacks; leave it out with an aggressive 4-bettor behind.",yes
IP vs AGGRO 3BET (THINKING),opener IP,vs_3bet,3bettor OOP,aggressive thinking player,AQs,4bet,50,call,50,,0,0,Live Poker Preflop Guide (2026),2026-01-06,21:48,"SITUATIONAL (Mark): play this action when you have a bigger edge on the player, lower rake, or deeper stacks; leave it out with an aggressive 4-bettor behind.",yes
IP vs AGGRO 3BET (THINKING),opener IP,vs_3bet,3bettor OOP,aggressive thinking player,AJs,4bet,0,call,100,,0,0,Live Poker Preflop Guide (2026),2026-01-06,21:48,,no
IP vs AGGRO 3BET (THINKING),opener IP,vs_3bet,3bettor OOP,aggressive thinking player,ATs,4bet,0,call,100,,0,0,Live Poker Preflop Guide (2026),2026-01-06,21:48,,no
IP vs AGGRO 3BET (THINKING),opener IP,vs_3bet,3bettor OOP,aggressive thinking player,A9s,4bet,0,call,100,,0,0,Live Poker Preflop Guide (2026),2026-01-06,21:48,,no
IP vs AGGRO 3BET (THINKING),opener IP,vs_3bet,3bettor OOP,aggressive thinking player,A8s,4bet,0,call,100,,0,0,Live Poker Preflop Guide (2026),2026-01-06,21:48,,no
IP vs AGGRO 3BET (THINKING),opener IP,vs_3bet,3bettor OOP,aggressive thinking player,A7s,4bet,50,call,50,,0,0,Live Poker Preflop Guide (2026),2026-01-06,21:48,"SITUATIONAL (Mark): play this action when you have a bigger edge on the player, lower rake, or deeper stacks; leave it out with an aggressive 4-bettor behind.",yes
IP vs AGGRO 3BET (THINKING),opener IP,vs_3bet,3bettor OOP,aggressive thinking player,A6s,4bet,50,call,50,,0,0,Live Poker Preflop Guide (2026),2026-01-06,21:48,"SITUATIONAL (Mark): play this action when you have a bigger edge on the player, lower rake, or deeper stacks; leave it out with an aggressive 4-bettor behind.",yes
IP vs AGGRO 3BET (THINKING),opener IP,vs_3bet,3bettor OOP,aggressive thinking player,A5s,4bet,0,call,100,,0,0,Live Poker Preflop Guide (2026),2026-01-06,21:48,,no
IP vs AGGRO 3BET (THINKING),opener IP,vs_3bet,3bettor OOP,aggressive thinking player,A4s,4bet,0,call,100,,0,0,Live Poker Preflop Guide (2026),2026-01-06,21:48,,no
IP vs AGGRO 3BET (THINKING),opener IP,vs_3bet,3bettor OOP,aggressive thinking player,A3s,4bet,50,call,50,,0,0,Live Poker Preflop Guide (2026),2026-01-06,21:48,"SITUATIONAL (Mark): play this action when you have a bigger edge on the player, lower rake, or deeper stacks; leave it out with an aggressive 4-bettor behind.",yes
IP vs AGGRO 3BET (THINKING),opener IP,vs_3bet,3bettor OOP,aggressive thinking player,A2s,4bet,50,call,50,,0,0,Live Poker Preflop Guide (2026),2026-01-06,21:48,"SITUATIONAL (Mark): play this action when you have a bigger edge on the player, lower rake, or deeper stacks; leave it out with an aggressive 4-bettor behind.",yes
IP vs AGGRO 3BET (THINKING),opener IP,vs_3bet,3bettor OOP,aggressive thinking player,AKo,4bet,100,call,0,,0,0,Live Poker Preflop Guide (2026),2026-01-06,21:48,,no
IP vs AGGRO 3BET (THINKING),opener IP,vs_3bet,3bettor OOP,aggressive thinking player,KK,4bet,100,call,0,,0,0,Live Poker Preflop Guide (2026),2026-01-06,21:48,,no
IP vs AGGRO 3BET (THINKING),opener IP,vs_3bet,3bettor OOP,aggressive thinking player,KQs,4bet,0,call,100,,0,0,Live Poker Preflop Guide (2026),2026-01-06,21:48,,no
IP vs AGGRO 3BET (THINKING),opener IP,vs_3bet,3bettor OOP,aggressive thinking player,KJs,4bet,0,call,100,,0,0,Live Poker Preflop Guide (2026),2026-01-06,21:48,,no
IP vs AGGRO 3BET (THINKING),opener IP,vs_3bet,3bettor OOP,aggressive thinking player,KTs,4bet,0,call,100,,0,0,Live Poker Preflop Guide (2026),2026-01-06,21:48,,no
IP vs AGGRO 3BET (THINKING),opener IP,vs_3bet,3bettor OOP,aggressive thinking player,K9s,4bet,0,call,100,,0,0,Live Poker Preflop Guide (2026),2026-01-06,21:48,,no
IP vs AGGRO 3BET (THINKING),opener IP,vs_3bet,3bettor OOP,aggressive thinking player,K8s,4bet,0,call,100,,0,0,Live Poker Preflop Guide (2026),2026-01-06,21:48,,no
IP vs AGGRO 3BET (THINKING),opener IP,vs_3bet,3bettor OOP,aggressive thinking player,K7s,4bet,0,call,100,,0,0,Live Poker Preflop Guide (2026),2026-01-06,21:48,,no
IP vs AGGRO 3BET (THINKING),opener IP,vs_3bet,3bettor OOP,aggressive thinking player,K6s,4bet,0,call,100,,0,0,Live Poker Preflop Guide (2026),2026-01-06,21:48,,no
IP vs AGGRO 3BET (THINKING),opener IP,vs_3bet,3bettor OOP,aggressive thinking player,K5s,4bet,0,call,100,,0,0,Live Poker Preflop Guide (2026),2026-01-06,21:48,,no
IP vs AGGRO 3BET (THINKING),opener IP,vs_3bet,3bettor OOP,aggressive thinking player,K4s,4bet,0,call,100,,0,0,Live Poker Preflop Guide (2026),2026-01-06,21:48,,no
IP vs AGGRO 3BET (THINKING),opener IP,vs_3bet,3bettor OOP,aggressive thinking player,K3s,4bet,0,call,100,,0,0,Live Poker Preflop Guide (2026),2026-01-06,21:48,,no
IP vs AGGRO 3BET (THINKING),opener IP,vs_3bet,3bettor OOP,aggressive thinking player,K2s,4bet,0,call,0,,0,100,Live Poker Preflop Guide (2026),2026-01-06,21:48,,no
IP vs AGGRO 3BET (THINKING),opener IP,vs_3bet,3bettor OOP,aggressive thinking player,AQo,4bet,0,call,100,,0,0,Live Poker Preflop Guide (2026),2026-01-06,21:48,,no
IP vs AGGRO 3BET (THINKING),opener IP,vs_3bet,3bettor OOP,aggressive thinking player,KQo,4bet,0,call,100,,0,0,Live Poker Preflop Guide (2026),2026-01-06,21:48,,no
IP vs AGGRO 3BET (THINKING),opener IP,vs_3bet,3bettor OOP,aggressive thinking player,QQ,4bet,100,call,0,,0,0,Live Poker Preflop Guide (2026),2026-01-06,21:48,,no
IP vs AGGRO 3BET (THINKING),opener IP,vs_3bet,3bettor OOP,aggressive thinking player,QJs,4bet,0,call,100,,0,0,Live Poker Preflop Guide (2026),2026-01-06,21:48,,no
IP vs AGGRO 3BET (THINKING),opener IP,vs_3bet,3bettor OOP,aggressive thinking player,QTs,4bet,0,call,100,,0,0,Live Poker Preflop Guide (2026),2026-01-06,21:48,,no
IP vs AGGRO 3BET (THINKING),opener IP,vs_3bet,3bettor OOP,aggressive thinking player,Q9s,4bet,0,call,100,,0,0,Live Poker Preflop Guide (2026),2026-01-06,21:48,,no
IP vs AGGRO 3BET (THINKING),opener IP,vs_3bet,3bettor OOP,aggressive thinking player,Q8s,4bet,0,call,100,,0,0,Live Poker Preflop Guide (2026),2026-01-06,21:48,,no
IP vs AGGRO 3BET (THINKING),opener IP,vs_3bet,3bettor OOP,aggressive thinking player,Q7s,4bet,0,call,0,,0,100,Live Poker Preflop Guide (2026),2026-01-06,21:48,,no
IP vs AGGRO 3BET (THINKING),opener IP,vs_3bet,3bettor OOP,aggressive thinking player,Q6s,4bet,0,call,0,,0,100,Live Poker Preflop Guide (2026),2026-01-06,21:48,,no
IP vs AGGRO 3BET (THINKING),opener IP,vs_3bet,3bettor OOP,aggressive thinking player,Q5s,4bet,0,call,0,,0,100,Live Poker Preflop Guide (2026),2026-01-06,21:48,,no
IP vs AGGRO 3BET (THINKING),opener IP,vs_3bet,3bettor OOP,aggressive thinking player,Q4s,4bet,0,call,0,,0,100,Live Poker Preflop Guide (2026),2026-01-06,21:48,,no
IP vs AGGRO 3BET (THINKING),opener IP,vs_3bet,3bettor OOP,aggressive thinking player,Q3s,4bet,0,call,0,,0,100,Live Poker Preflop Guide (2026),2026-01-06,21:48,,no
IP vs AGGRO 3BET (THINKING),opener IP,vs_3bet,3bettor OOP,aggressive thinking player,Q2s,4bet,0,call,0,,0,100,Live Poker Preflop Guide (2026),2026-01-06,21:48,,no
IP vs AGGRO 3BET (THINKING),opener IP,vs_3bet,3bettor OOP,aggressive thinking player,AJo,4bet,0,call,100,,0,0,Live Poker Preflop Guide (2026),2026-01-06,21:48,,no
IP vs AGGRO 3BET (THINKING),opener IP,vs_3bet,3bettor OOP,aggressive thinking player,KJo,4bet,0,call,100,,0,0,Live Poker Preflop Guide (2026),2026-01-06,21:48,,no
IP vs AGGRO 3BET (THINKING),opener IP,vs_3bet,3bettor OOP,aggressive thinking player,QJo,4bet,0,call,100,,0,0,Live Poker Preflop Guide (2026),2026-01-06,21:48,,no
IP vs AGGRO 3BET (THINKING),opener IP,vs_3bet,3bettor OOP,aggressive thinking player,JJ,4bet,50,call,50,,0,0,Live Poker Preflop Guide (2026),2026-01-06,21:48,"SITUATIONAL (Mark): play this action when you have a bigger edge on the player, lower rake, or deeper stacks; leave it out with an aggressive 4-bettor behind.",yes
IP vs AGGRO 3BET (THINKING),opener IP,vs_3bet,3bettor OOP,aggressive thinking player,JTs,4bet,0,call,100,,0,0,Live Poker Preflop Guide (2026),2026-01-06,21:48,,no
IP vs AGGRO 3BET (THINKING),opener IP,vs_3bet,3bettor OOP,aggressive thinking player,J9s,4bet,0,call,100,,0,0,Live Poker Preflop Guide (2026),2026-01-06,21:48,,no
IP vs AGGRO 3BET (THINKING),opener IP,vs_3bet,3bettor OOP,aggressive thinking player,J8s,4bet,0,call,100,,0,0,Live Poker Preflop Guide (2026),2026-01-06,21:48,,no
IP vs AGGRO 3BET (THINKING),opener IP,vs_3bet,3bettor OOP,aggressive thinking player,J7s,4bet,0,call,0,,0,100,Live Poker Preflop Guide (2026),2026-01-06,21:48,,no
IP vs AGGRO 3BET (THINKING),opener IP,vs_3bet,3bettor OOP,aggressive thinking player,J6s,4bet,0,call,0,,0,100,Live Poker Preflop Guide (2026),2026-01-06,21:48,,no
IP vs AGGRO 3BET (THINKING),opener IP,vs_3bet,3bettor OOP,aggressive thinking player,J5s,4bet,0,call,0,,0,100,Live Poker Preflop Guide (2026),2026-01-06,21:48,,no
IP vs AGGRO 3BET (THINKING),opener IP,vs_3bet,3bettor OOP,aggressive thinking player,J4s,4bet,0,call,0,,0,100,Live Poker Preflop Guide (2026),2026-01-06,21:48,,no
IP vs AGGRO 3BET (THINKING),opener IP,vs_3bet,3bettor OOP,aggressive thinking player,J3s,4bet,0,call,0,,0,100,Live Poker Preflop Guide (2026),2026-01-06,21:48,,no
IP vs AGGRO 3BET (THINKING),opener IP,vs_3bet,3bettor OOP,aggressive thinking player,J2s,4bet,0,call,0,,0,100,Live Poker Preflop Guide (2026),2026-01-06,21:48,,no
IP vs AGGRO 3BET (THINKING),opener IP,vs_3bet,3bettor OOP,aggressive thinking player,ATo,4bet,0,call,100,,0,0,Live Poker Preflop Guide (2026),2026-01-06,21:48,,no
IP vs AGGRO 3BET (THINKING),opener IP,vs_3bet,3bettor OOP,aggressive thinking player,KTo,4bet,0,call,0,,0,100,Live Poker Preflop Guide (2026),2026-01-06,21:48,,no
IP vs AGGRO 3BET (THINKING),opener IP,vs_3bet,3bettor OOP,aggressive thinking player,QTo,4bet,0,call,0,,0,100,Live Poker Preflop Guide (2026),2026-01-06,21:48,,no
IP vs AGGRO 3BET (THINKING),opener IP,vs_3bet,3bettor OOP,aggressive thinking player,JTo,4bet,0,call,0,,0,100,Live Poker Preflop Guide (2026),2026-01-06,21:48,,no
IP vs AGGRO 3BET (THINKING),opener IP,vs_3bet,3bettor OOP,aggressive thinking player,TT,4bet,0,call,100,,0,0,Live Poker Preflop Guide (2026),2026-01-06,21:48,,no
IP vs AGGRO 3BET (THINKING),opener IP,vs_3bet,3bettor OOP,aggressive thinking player,T9s,4bet,0,call,100,,0,0,Live Poker Preflop Guide (2026),2026-01-06,21:48,,no
IP vs AGGRO 3BET (THINKING),opener IP,vs_3bet,3bettor OOP,aggressive thinking player,T8s,4bet,0,call,100,,0,0,Live Poker Preflop Guide (2026),2026-01-06,21:48,,no
IP vs AGGRO 3BET (THINKING),opener IP,vs_3bet,3bettor OOP,aggressive thinking player,T7s,4bet,0,call,100,,0,0,Live Poker Preflop Guide (2026),2026-01-06,21:48,,no
IP vs AGGRO 3BET (THINKING),opener IP,vs_3bet,3bettor OOP,aggressive thinking player,T6s,4bet,0,call,0,,0,100,Live Poker Preflop Guide (2026),2026-01-06,21:48,,no
IP vs AGGRO 3BET (THINKING),opener IP,vs_3bet,3bettor OOP,aggressive thinking player,T5s,4bet,0,call,0,,0,100,Live Poker Preflop Guide (2026),2026-01-06,21:48,,no
IP vs AGGRO 3BET (THINKING),opener IP,vs_3bet,3bettor OOP,aggressive thinking player,T4s,4bet,0,call,0,,0,100,Live Poker Preflop Guide (2026),2026-01-06,21:48,,no
IP vs AGGRO 3BET (THINKING),opener IP,vs_3bet,3bettor OOP,aggressive thinking player,T3s,4bet,0,call,0,,0,100,Live Poker Preflop Guide (2026),2026-01-06,21:48,,no
IP vs AGGRO 3BET (THINKING),opener IP,vs_3bet,3bettor OOP,aggressive thinking player,T2s,4bet,0,call,0,,0,100,Live Poker Preflop Guide (2026),2026-01-06,21:48,,no
IP vs AGGRO 3BET (THINKING),opener IP,vs_3bet,3bettor OOP,aggressive thinking player,A9o,4bet,0,call,0,,0,100,Live Poker Preflop Guide (2026),2026-01-06,21:48,,no
IP vs AGGRO 3BET (THINKING),opener IP,vs_3bet,3bettor OOP,aggressive thinking player,K9o,4bet,0,call,0,,0,100,Live Poker Preflop Guide (2026),2026-01-06,21:48,,no
IP vs AGGRO 3BET (THINKING),opener IP,vs_3bet,3bettor OOP,aggressive thinking player,Q9o,4bet,0,call,0,,0,100,Live Poker Preflop Guide (2026),2026-01-06,21:48,,no
IP vs AGGRO 3BET (THINKING),opener IP,vs_3bet,3bettor OOP,aggressive thinking player,J9o,4bet,0,call,0,,0,100,Live Poker Preflop Guide (2026),2026-01-06,21:48,,no
IP vs AGGRO 3BET (THINKING),opener IP,vs_3bet,3bettor OOP,aggressive thinking player,T9o,4bet,0,call,0,,0,100,Live Poker Preflop Guide (2026),2026-01-06,21:48,,no
IP vs AGGRO 3BET (THINKING),opener IP,vs_3bet,3bettor OOP,aggressive thinking player,99,4bet,0,call,100,,0,0,Live Poker Preflop Guide (2026),2026-01-06,21:48,,no
IP vs AGGRO 3BET (THINKING),opener IP,vs_3bet,3bettor OOP,aggressive thinking player,98s,4bet,0,call,100,,0,0,Live Poker Preflop Guide (2026),2026-01-06,21:48,,no
IP vs AGGRO 3BET (THINKING),opener IP,vs_3bet,3bettor OOP,aggressive thinking player,97s,4bet,0,call,100,,0,0,Live Poker Preflop Guide (2026),2026-01-06,21:48,,no
IP vs AGGRO 3BET (THINKING),opener IP,vs_3bet,3bettor OOP,aggressive thinking player,96s,4bet,0,call,100,,0,0,Live Poker Preflop Guide (2026),2026-01-06,21:48,,no
IP vs AGGRO 3BET (THINKING),opener IP,vs_3bet,3bettor OOP,aggressive thinking player,95s,4bet,0,call,0,,0,100,Live Poker Preflop Guide (2026),2026-01-06,21:48,,no
IP vs AGGRO 3BET (THINKING),opener IP,vs_3bet,3bettor OOP,aggressive thinking player,94s,4bet,0,call,0,,0,100,Live Poker Preflop Guide (2026),2026-01-06,21:48,,no
IP vs AGGRO 3BET (THINKING),opener IP,vs_3bet,3bettor OOP,aggressive thinking player,93s,4bet,0,call,0,,0,100,Live Poker Preflop Guide (2026),2026-01-06,21:48,,no
IP vs AGGRO 3BET (THINKING),opener IP,vs_3bet,3bettor OOP,aggressive thinking player,92s,4bet,0,call,0,,0,100,Live Poker Preflop Guide (2026),2026-01-06,21:48,,no
IP vs AGGRO 3BET (THINKING),opener IP,vs_3bet,3bettor OOP,aggressive thinking player,A8o,4bet,0,call,0,,0,100,Live Poker Preflop Guide (2026),2026-01-06,21:48,,no
IP vs AGGRO 3BET (THINKING),opener IP,vs_3bet,3bettor OOP,aggressive thinking player,K8o,4bet,0,call,0,,0,100,Live Poker Preflop Guide (2026),2026-01-06,21:48,,no
IP vs AGGRO 3BET (THINKING),opener IP,vs_3bet,3bettor OOP,aggressive thinking player,Q8o,4bet,0,call,0,,0,100,Live Poker Preflop Guide (2026),2026-01-06,21:48,,no
IP vs AGGRO 3BET (THINKING),opener IP,vs_3bet,3bettor OOP,aggressive thinking player,J8o,4bet,0,call,0,,0,100,Live Poker Preflop Guide (2026),2026-01-06,21:48,,no
IP vs AGGRO 3BET (THINKING),opener IP,vs_3bet,3bettor OOP,aggressive thinking player,T8o,4bet,0,call,0,,0,100,Live Poker Preflop Guide (2026),2026-01-06,21:48,,no
IP vs AGGRO 3BET (THINKING),opener IP,vs_3bet,3bettor OOP,aggressive thinking player,98o,4bet,0,call,0,,0,100,Live Poker Preflop Guide (2026),2026-01-06,21:48,,no
IP vs AGGRO 3BET (THINKING),opener IP,vs_3bet,3bettor OOP,aggressive thinking player,88,4bet,0,call,100,,0,0,Live Poker Preflop Guide (2026),2026-01-06,21:48,,no
IP vs AGGRO 3BET (THINKING),opener IP,vs_3bet,3bettor OOP,aggressive thinking player,87s,4bet,50,call,50,,0,0,Live Poker Preflop Guide (2026),2026-01-06,21:48,"SITUATIONAL (Mark): play this action when you have a bigger edge on the player, lower rake, or deeper stacks; leave it out with an aggressive 4-bettor behind.",yes
IP vs AGGRO 3BET (THINKING),opener IP,vs_3bet,3bettor OOP,aggressive thinking player,86s,4bet,0,call,100,,0,0,Live Poker Preflop Guide (2026),2026-01-06,21:48,,no
IP vs AGGRO 3BET (THINKING),opener IP,vs_3bet,3bettor OOP,aggressive thinking player,85s,4bet,0,call,0,,0,100,Live Poker Preflop Guide (2026),2026-01-06,21:48,,no
IP vs AGGRO 3BET (THINKING),opener IP,vs_3bet,3bettor OOP,aggressive thinking player,84s,4bet,0,call,0,,0,100,Live Poker Preflop Guide (2026),2026-01-06,21:48,,no
IP vs AGGRO 3BET (THINKING),opener IP,vs_3bet,3bettor OOP,aggressive thinking player,83s,4bet,0,call,0,,0,100,Live Poker Preflop Guide (2026),2026-01-06,21:48,,no
IP vs AGGRO 3BET (THINKING),opener IP,vs_3bet,3bettor OOP,aggressive thinking player,82s,4bet,0,call,0,,0,100,Live Poker Preflop Guide (2026),2026-01-06,21:48,,no
IP vs AGGRO 3BET (THINKING),opener IP,vs_3bet,3bettor OOP,aggressive thinking player,A7o,4bet,0,call,0,,0,100,Live Poker Preflop Guide (2026),2026-01-06,21:48,,no
IP vs AGGRO 3BET (THINKING),opener IP,vs_3bet,3bettor OOP,aggressive thinking player,K7o,4bet,0,call,0,,0,100,Live Poker Preflop Guide (2026),2026-01-06,21:48,,no
IP vs AGGRO 3BET (THINKING),opener IP,vs_3bet,3bettor OOP,aggressive thinking player,Q7o,4bet,0,call,0,,0,100,Live Poker Preflop Guide (2026),2026-01-06,21:48,,no
IP vs AGGRO 3BET (THINKING),opener IP,vs_3bet,3bettor OOP,aggressive thinking player,J7o,4bet,0,call,0,,0,100,Live Poker Preflop Guide (2026),2026-01-06,21:48,,no
IP vs AGGRO 3BET (THINKING),opener IP,vs_3bet,3bettor OOP,aggressive thinking player,T7o,4bet,0,call,0,,0,100,Live Poker Preflop Guide (2026),2026-01-06,21:48,,no
IP vs AGGRO 3BET (THINKING),opener IP,vs_3bet,3bettor OOP,aggressive thinking player,97o,4bet,0,call,0,,0,100,Live Poker Preflop Guide (2026),2026-01-06,21:48,,no
IP vs AGGRO 3BET (THINKING),opener IP,vs_3bet,3bettor OOP,aggressive thinking player,87o,4bet,0,call,0,,0,100,Live Poker Preflop Guide (2026),2026-01-06,21:48,,no
IP vs AGGRO 3BET (THINKING),opener IP,vs_3bet,3bettor OOP,aggressive thinking player,77,4bet,0,call,100,,0,0,Live Poker Preflop Guide (2026),2026-01-06,21:48,,no
IP vs AGGRO 3BET (THINKING),opener IP,vs_3bet,3bettor OOP,aggressive thinking player,76s,4bet,0,call,100,,0,0,Live Poker Preflop Guide (2026),2026-01-06,21:48,,no
IP vs AGGRO 3BET (THINKING),opener IP,vs_3bet,3bettor OOP,aggressive thinking player,75s,4bet,0,call,100,,0,0,Live Poker Preflop Guide (2026),2026-01-06,21:48,,no
IP vs AGGRO 3BET (THINKING),opener IP,vs_3bet,3bettor OOP,aggressive thinking player,74s,4bet,0,call,0,,0,100,Live Poker Preflop Guide (2026),2026-01-06,21:48,,no
IP vs AGGRO 3BET (THINKING),opener IP,vs_3bet,3bettor OOP,aggressive thinking player,73s,4bet,0,call,0,,0,100,Live Poker Preflop Guide (2026),2026-01-06,21:48,,no
IP vs AGGRO 3BET (THINKING),opener IP,vs_3bet,3bettor OOP,aggressive thinking player,72s,4bet,0,call,0,,0,100,Live Poker Preflop Guide (2026),2026-01-06,21:48,,no
IP vs AGGRO 3BET (THINKING),opener IP,vs_3bet,3bettor OOP,aggressive thinking player,A6o,4bet,0,call,0,,0,100,Live Poker Preflop Guide (2026),2026-01-06,21:48,,no
IP vs AGGRO 3BET (THINKING),opener IP,vs_3bet,3bettor OOP,aggressive thinking player,K6o,4bet,0,call,0,,0,100,Live Poker Preflop Guide (2026),2026-01-06,21:48,,no
IP vs AGGRO 3BET (THINKING),opener IP,vs_3bet,3bettor OOP,aggressive thinking player,Q6o,4bet,0,call,0,,0,100,Live Poker Preflop Guide (2026),2026-01-06,21:48,,no
IP vs AGGRO 3BET (THINKING),opener IP,vs_3bet,3bettor OOP,aggressive thinking player,J6o,4bet,0,call,0,,0,100,Live Poker Preflop Guide (2026),2026-01-06,21:48,,no
IP vs AGGRO 3BET (THINKING),opener IP,vs_3bet,3bettor OOP,aggressive thinking player,T6o,4bet,0,call,0,,0,100,Live Poker Preflop Guide (2026),2026-01-06,21:48,,no
IP vs AGGRO 3BET (THINKING),opener IP,vs_3bet,3bettor OOP,aggressive thinking player,96o,4bet,0,call,0,,0,100,Live Poker Preflop Guide (2026),2026-01-06,21:48,,no
IP vs AGGRO 3BET (THINKING),opener IP,vs_3bet,3bettor OOP,aggressive thinking player,86o,4bet,0,call,0,,0,100,Live Poker Preflop Guide (2026),2026-01-06,21:48,,no
IP vs AGGRO 3BET (THINKING),opener IP,vs_3bet,3bettor OOP,aggressive thinking player,76o,4bet,0,call,0,,0,100,Live Poker Preflop Guide (2026),2026-01-06,21:48,,no
IP vs AGGRO 3BET (THINKING),opener IP,vs_3bet,3bettor OOP,aggressive thinking player,66,4bet,0,call,100,,0,0,Live Poker Preflop Guide (2026),2026-01-06,21:48,,no
IP vs AGGRO 3BET (THINKING),opener IP,vs_3bet,3bettor OOP,aggressive thinking player,65s,4bet,0,call,100,,0,0,Live Poker Preflop Guide (2026),2026-01-06,21:48,,no
IP vs AGGRO 3BET (THINKING),opener IP,vs_3bet,3bettor OOP,aggressive thinking player,64s,4bet,0,call,100,,0,0,Live Poker Preflop Guide (2026),2026-01-06,21:48,,no
IP vs AGGRO 3BET (THINKING),opener IP,vs_3bet,3bettor OOP,aggressive thinking player,63s,4bet,0,call,0,,0,100,Live Poker Preflop Guide (2026),2026-01-06,21:48,,no
IP vs AGGRO 3BET (THINKING),opener IP,vs_3bet,3bettor OOP,aggressive thinking player,62s,4bet,0,call,0,,0,100,Live Poker Preflop Guide (2026),2026-01-06,21:48,,no
IP vs AGGRO 3BET (THINKING),opener IP,vs_3bet,3bettor OOP,aggressive thinking player,A5o,4bet,0,call,0,,0,100,Live Poker Preflop Guide (2026),2026-01-06,21:48,,no
IP vs AGGRO 3BET (THINKING),opener IP,vs_3bet,3bettor OOP,aggressive thinking player,K5o,4bet,0,call,0,,0,100,Live Poker Preflop Guide (2026),2026-01-06,21:48,,no
IP vs AGGRO 3BET (THINKING),opener IP,vs_3bet,3bettor OOP,aggressive thinking player,Q5o,4bet,0,call,0,,0,100,Live Poker Preflop Guide (2026),2026-01-06,21:48,,no
IP vs AGGRO 3BET (THINKING),opener IP,vs_3bet,3bettor OOP,aggressive thinking player,J5o,4bet,0,call,0,,0,100,Live Poker Preflop Guide (2026),2026-01-06,21:48,,no
IP vs AGGRO 3BET (THINKING),opener IP,vs_3bet,3bettor OOP,aggressive thinking player,T5o,4bet,0,call,0,,0,100,Live Poker Preflop Guide (2026),2026-01-06,21:48,,no
IP vs AGGRO 3BET (THINKING),opener IP,vs_3bet,3bettor OOP,aggressive thinking player,95o,4bet,0,call,0,,0,100,Live Poker Preflop Guide (2026),2026-01-06,21:48,,no
IP vs AGGRO 3BET (THINKING),opener IP,vs_3bet,3bettor OOP,aggressive thinking player,85o,4bet,0,call,0,,0,100,Live Poker Preflop Guide (2026),2026-01-06,21:48,,no
IP vs AGGRO 3BET (THINKING),opener IP,vs_3bet,3bettor OOP,aggressive thinking player,75o,4bet,0,call,0,,0,100,Live Poker Preflop Guide (2026),2026-01-06,21:48,,no
IP vs AGGRO 3BET (THINKING),opener IP,vs_3bet,3bettor OOP,aggressive thinking player,65o,4bet,0,call,0,,0,100,Live Poker Preflop Guide (2026),2026-01-06,21:48,,no
IP vs AGGRO 3BET (THINKING),opener IP,vs_3bet,3bettor OOP,aggressive thinking player,55,4bet,0,call,100,,0,0,Live Poker Preflop Guide (2026),2026-01-06,21:48,,no
IP vs AGGRO 3BET (THINKING),opener IP,vs_3bet,3bettor OOP,aggressive thinking player,54s,4bet,0,call,100,,0,0,Live Poker Preflop Guide (2026),2026-01-06,21:48,,no
IP vs AGGRO 3BET (THINKING),opener IP,vs_3bet,3bettor OOP,aggressive thinking player,53s,4bet,0,call,100,,0,0,Live Poker Preflop Guide (2026),2026-01-06,21:48,,no
IP vs AGGRO 3BET (THINKING),opener IP,vs_3bet,3bettor OOP,aggressive thinking player,52s,4bet,0,call,0,,0,100,Live Poker Preflop Guide (2026),2026-01-06,21:48,,no
IP vs AGGRO 3BET (THINKING),opener IP,vs_3bet,3bettor OOP,aggressive thinking player,A4o,4bet,0,call,0,,0,100,Live Poker Preflop Guide (2026),2026-01-06,21:48,,no
IP vs AGGRO 3BET (THINKING),opener IP,vs_3bet,3bettor OOP,aggressive thinking player,K4o,4bet,0,call,0,,0,100,Live Poker Preflop Guide (2026),2026-01-06,21:48,,no
IP vs AGGRO 3BET (THINKING),opener IP,vs_3bet,3bettor OOP,aggressive thinking player,Q4o,4bet,0,call,0,,0,100,Live Poker Preflop Guide (2026),2026-01-06,21:48,,no
IP vs AGGRO 3BET (THINKING),opener IP,vs_3bet,3bettor OOP,aggressive thinking player,J4o,4bet,0,call,0,,0,100,Live Poker Preflop Guide (2026),2026-01-06,21:48,,no
IP vs AGGRO 3BET (THINKING),opener IP,vs_3bet,3bettor OOP,aggressive thinking player,T4o,4bet,0,call,0,,0,100,Live Poker Preflop Guide (2026),2026-01-06,21:48,,no
IP vs AGGRO 3BET (THINKING),opener IP,vs_3bet,3bettor OOP,aggressive thinking player,94o,4bet,0,call,0,,0,100,Live Poker Preflop Guide (2026),2026-01-06,21:48,,no
IP vs AGGRO 3BET (THINKING),opener IP,vs_3bet,3bettor OOP,aggressive thinking player,84o,4bet,0,call,0,,0,100,Live Poker Preflop Guide (2026),2026-01-06,21:48,,no
IP vs AGGRO 3BET (THINKING),opener IP,vs_3bet,3bettor OOP,aggressive thinking player,74o,4bet,0,call,0,,0,100,Live Poker Preflop Guide (2026),2026-01-06,21:48,,no
IP vs AGGRO 3BET (THINKING),opener IP,vs_3bet,3bettor OOP,aggressive thinking player,64o,4bet,0,call,0,,0,100,Live Poker Preflop Guide (2026),2026-01-06,21:48,,no
IP vs AGGRO 3BET (THINKING),opener IP,vs_3bet,3bettor OOP,aggressive thinking player,54o,4bet,0,call,0,,0,100,Live Poker Preflop Guide (2026),2026-01-06,21:48,,no
IP vs AGGRO 3BET (THINKING),opener IP,vs_3bet,3bettor OOP,aggressive thinking player,44,4bet,0,call,100,,0,0,Live Poker Preflop Guide (2026),2026-01-06,21:48,,no
IP vs AGGRO 3BET (THINKING),opener IP,vs_3bet,3bettor OOP,aggressive thinking player,43s,4bet,0,call,100,,0,0,Live Poker Preflop Guide (2026),2026-01-06,21:48,,no
IP vs AGGRO 3BET (THINKING),opener IP,vs_3bet,3bettor OOP,aggressive thinking player,42s,4bet,0,call,0,,0,100,Live Poker Preflop Guide (2026),2026-01-06,21:48,,no
IP vs AGGRO 3BET (THINKING),opener IP,vs_3bet,3bettor OOP,aggressive thinking player,A3o,4bet,0,call,0,,0,100,Live Poker Preflop Guide (2026),2026-01-06,21:48,,no
IP vs AGGRO 3BET (THINKING),opener IP,vs_3bet,3bettor OOP,aggressive thinking player,K3o,4bet,0,call,0,,0,100,Live Poker Preflop Guide (2026),2026-01-06,21:48,,no
IP vs AGGRO 3BET (THINKING),opener IP,vs_3bet,3bettor OOP,aggressive thinking player,Q3o,4bet,0,call,0,,0,100,Live Poker Preflop Guide (2026),2026-01-06,21:48,,no
IP vs AGGRO 3BET (THINKING),opener IP,vs_3bet,3bettor OOP,aggressive thinking player,J3o,4bet,0,call,0,,0,100,Live Poker Preflop Guide (2026),2026-01-06,21:48,,no
IP vs AGGRO 3BET (THINKING),opener IP,vs_3bet,3bettor OOP,aggressive thinking player,T3o,4bet,0,call,0,,0,100,Live Poker Preflop Guide (2026),2026-01-06,21:48,,no
IP vs AGGRO 3BET (THINKING),opener IP,vs_3bet,3bettor OOP,aggressive thinking player,93o,4bet,0,call,0,,0,100,Live Poker Preflop Guide (2026),2026-01-06,21:48,,no
IP vs AGGRO 3BET (THINKING),opener IP,vs_3bet,3bettor OOP,aggressive thinking player,83o,4bet,0,call,0,,0,100,Live Poker Preflop Guide (2026),2026-01-06,21:48,,no
IP vs AGGRO 3BET (THINKING),opener IP,vs_3bet,3bettor OOP,aggressive thinking player,73o,4bet,0,call,0,,0,100,Live Poker Preflop Guide (2026),2026-01-06,21:48,,no
IP vs AGGRO 3BET (THINKING),opener IP,vs_3bet,3bettor OOP,aggressive thinking player,63o,4bet,0,call,0,,0,100,Live Poker Preflop Guide (2026),2026-01-06,21:48,,no
IP vs AGGRO 3BET (THINKING),opener IP,vs_3bet,3bettor OOP,aggressive thinking player,53o,4bet,0,call,0,,0,100,Live Poker Preflop Guide (2026),2026-01-06,21:48,,no
IP vs AGGRO 3BET (THINKING),opener IP,vs_3bet,3bettor OOP,aggressive thinking player,43o,4bet,0,call,0,,0,100,Live Poker Preflop Guide (2026),2026-01-06,21:48,,no
IP vs AGGRO 3BET (THINKING),opener IP,vs_3bet,3bettor OOP,aggressive thinking player,33,4bet,0,call,100,,0,0,Live Poker Preflop Guide (2026),2026-01-06,21:48,,no
IP vs AGGRO 3BET (THINKING),opener IP,vs_3bet,3bettor OOP,aggressive thinking player,32s,4bet,0,call,0,,0,100,Live Poker Preflop Guide (2026),2026-01-06,21:48,,no
IP vs AGGRO 3BET (THINKING),opener IP,vs_3bet,3bettor OOP,aggressive thinking player,A2o,4bet,0,call,0,,0,100,Live Poker Preflop Guide (2026),2026-01-06,21:48,,no
IP vs AGGRO 3BET (THINKING),opener IP,vs_3bet,3bettor OOP,aggressive thinking player,K2o,4bet,0,call,0,,0,100,Live Poker Preflop Guide (2026),2026-01-06,21:48,,no
IP vs AGGRO 3BET (THINKING),opener IP,vs_3bet,3bettor OOP,aggressive thinking player,Q2o,4bet,0,call,0,,0,100,Live Poker Preflop Guide (2026),2026-01-06,21:48,,no
IP vs AGGRO 3BET (THINKING),opener IP,vs_3bet,3bettor OOP,aggressive thinking player,J2o,4bet,0,call,0,,0,100,Live Poker Preflop Guide (2026),2026-01-06,21:48,,no
IP vs AGGRO 3BET (THINKING),opener IP,vs_3bet,3bettor OOP,aggressive thinking player,T2o,4bet,0,call,0,,0,100,Live Poker Preflop Guide (2026),2026-01-06,21:48,,no
IP vs AGGRO 3BET (THINKING),opener IP,vs_3bet,3bettor OOP,aggressive thinking player,92o,4bet,0,call,0,,0,100,Live Poker Preflop Guide (2026),2026-01-06,21:48,,no
IP vs AGGRO 3BET (THINKING),opener IP,vs_3bet,3bettor OOP,aggressive thinking player,82o,4bet,0,call,0,,0,100,Live Poker Preflop Guide (2026),2026-01-06,21:48,,no
IP vs AGGRO 3BET (THINKING),opener IP,vs_3bet,3bettor OOP,aggressive thinking player,72o,4bet,0,call,0,,0,100,Live Poker Preflop Guide (2026),2026-01-06,21:48,,no
IP vs AGGRO 3BET (THINKING),opener IP,vs_3bet,3bettor OOP,aggressive thinking player,62o,4bet,0,call,0,,0,100,Live Poker Preflop Guide (2026),2026-01-06,21:48,,no
IP vs AGGRO 3BET (THINKING),opener IP,vs_3bet,3bettor OOP,aggressive thinking player,52o,4bet,0,call,0,,0,100,Live Poker Preflop Guide (2026),2026-01-06,21:48,,no
IP vs AGGRO 3BET (THINKING),opener IP,vs_3bet,3bettor OOP,aggressive thinking player,42o,4bet,0,call,0,,0,100,Live Poker Preflop Guide (2026),2026-01-06,21:48,,no
IP vs AGGRO 3BET (THINKING),opener IP,vs_3bet,3bettor OOP,aggressive thinking player,32o,4bet,0,call,0,,0,100,Live Poker Preflop Guide (2026),2026-01-06,21:48,,no
IP vs AGGRO 3BET (THINKING),opener IP,vs_3bet,3bettor OOP,aggressive thinking player,22,4bet,0,call,100,,0,0,Live Poker Preflop Guide (2026),2026-01-06,21:48,,no
IP vs AGGRO 3BET (WHALE),opener IP,vs_3bet,3bettor OOP,aggressive whale,AA,4bet,100,call,0,,0,0,Live Poker Preflop Guide (2026),2026-01-06,23:06,,no
IP vs AGGRO 3BET (WHALE),opener IP,vs_3bet,3bettor OOP,aggressive whale,AKs,4bet,100,call,0,,0,0,Live Poker Preflop Guide (2026),2026-01-06,23:06,,no
IP vs AGGRO 3BET (WHALE),opener IP,vs_3bet,3bettor OOP,aggressive whale,AQs,4bet,100,call,0,,0,0,Live Poker Preflop Guide (2026),2026-01-06,23:06,,no
IP vs AGGRO 3BET (WHALE),opener IP,vs_3bet,3bettor OOP,aggressive whale,AJs,4bet,0,call,100,,0,0,Live Poker Preflop Guide (2026),2026-01-06,23:06,,no
IP vs AGGRO 3BET (WHALE),opener IP,vs_3bet,3bettor OOP,aggressive whale,ATs,4bet,0,call,100,,0,0,Live Poker Preflop Guide (2026),2026-01-06,23:06,,no
IP vs AGGRO 3BET (WHALE),opener IP,vs_3bet,3bettor OOP,aggressive whale,A9s,4bet,0,call,100,,0,0,Live Poker Preflop Guide (2026),2026-01-06,23:06,,no
IP vs AGGRO 3BET (WHALE),opener IP,vs_3bet,3bettor OOP,aggressive whale,A8s,4bet,0,call,100,,0,0,Live Poker Preflop Guide (2026),2026-01-06,23:06,,no
IP vs AGGRO 3BET (WHALE),opener IP,vs_3bet,3bettor OOP,aggressive whale,A7s,4bet,0,call,100,,0,0,Live Poker Preflop Guide (2026),2026-01-06,23:06,,no
IP vs AGGRO 3BET (WHALE),opener IP,vs_3bet,3bettor OOP,aggressive whale,A6s,4bet,0,call,100,,0,0,Live Poker Preflop Guide (2026),2026-01-06,23:06,,no
IP vs AGGRO 3BET (WHALE),opener IP,vs_3bet,3bettor OOP,aggressive whale,A5s,4bet,0,call,100,,0,0,Live Poker Preflop Guide (2026),2026-01-06,23:06,,no
IP vs AGGRO 3BET (WHALE),opener IP,vs_3bet,3bettor OOP,aggressive whale,A4s,4bet,0,call,100,,0,0,Live Poker Preflop Guide (2026),2026-01-06,23:06,,no
IP vs AGGRO 3BET (WHALE),opener IP,vs_3bet,3bettor OOP,aggressive whale,A3s,4bet,0,call,100,,0,0,Live Poker Preflop Guide (2026),2026-01-06,23:06,,no
IP vs AGGRO 3BET (WHALE),opener IP,vs_3bet,3bettor OOP,aggressive whale,A2s,4bet,0,call,100,,0,0,Live Poker Preflop Guide (2026),2026-01-06,23:06,,no
IP vs AGGRO 3BET (WHALE),opener IP,vs_3bet,3bettor OOP,aggressive whale,AKo,4bet,100,call,0,,0,0,Live Poker Preflop Guide (2026),2026-01-06,23:06,,no
IP vs AGGRO 3BET (WHALE),opener IP,vs_3bet,3bettor OOP,aggressive whale,KK,4bet,100,call,0,,0,0,Live Poker Preflop Guide (2026),2026-01-06,23:06,,no
IP vs AGGRO 3BET (WHALE),opener IP,vs_3bet,3bettor OOP,aggressive whale,KQs,4bet,50,call,50,,0,0,Live Poker Preflop Guide (2026),2026-01-06,23:06,"SITUATIONAL (Mark): play this action when you have a bigger edge on the player, lower rake, or deeper stacks; leave it out with an aggressive 4-bettor behind.",yes
IP vs AGGRO 3BET (WHALE),opener IP,vs_3bet,3bettor OOP,aggressive whale,KJs,4bet,0,call,100,,0,0,Live Poker Preflop Guide (2026),2026-01-06,23:06,,no
IP vs AGGRO 3BET (WHALE),opener IP,vs_3bet,3bettor OOP,aggressive whale,KTs,4bet,0,call,100,,0,0,Live Poker Preflop Guide (2026),2026-01-06,23:06,,no
IP vs AGGRO 3BET (WHALE),opener IP,vs_3bet,3bettor OOP,aggressive whale,K9s,4bet,0,call,100,,0,0,Live Poker Preflop Guide (2026),2026-01-06,23:06,,no
IP vs AGGRO 3BET (WHALE),opener IP,vs_3bet,3bettor OOP,aggressive whale,K8s,4bet,0,call,100,,0,0,Live Poker Preflop Guide (2026),2026-01-06,23:06,,no
IP vs AGGRO 3BET (WHALE),opener IP,vs_3bet,3bettor OOP,aggressive whale,K7s,4bet,0,call,100,,0,0,Live Poker Preflop Guide (2026),2026-01-06,23:06,,no
IP vs AGGRO 3BET (WHALE),opener IP,vs_3bet,3bettor OOP,aggressive whale,K6s,4bet,0,call,100,,0,0,Live Poker Preflop Guide (2026),2026-01-06,23:06,,no
IP vs AGGRO 3BET (WHALE),opener IP,vs_3bet,3bettor OOP,aggressive whale,K5s,4bet,0,call,100,,0,0,Live Poker Preflop Guide (2026),2026-01-06,23:06,,no
IP vs AGGRO 3BET (WHALE),opener IP,vs_3bet,3bettor OOP,aggressive whale,K4s,4bet,0,call,100,,0,0,Live Poker Preflop Guide (2026),2026-01-06,23:06,,no
IP vs AGGRO 3BET (WHALE),opener IP,vs_3bet,3bettor OOP,aggressive whale,K3s,4bet,0,call,100,,0,0,Live Poker Preflop Guide (2026),2026-01-06,23:06,,no
IP vs AGGRO 3BET (WHALE),opener IP,vs_3bet,3bettor OOP,aggressive whale,K2s,4bet,0,call,0,,0,100,Live Poker Preflop Guide (2026),2026-01-06,23:06,,no
IP vs AGGRO 3BET (WHALE),opener IP,vs_3bet,3bettor OOP,aggressive whale,AQo,4bet,0,call,100,,0,0,Live Poker Preflop Guide (2026),2026-01-06,23:06,,no
IP vs AGGRO 3BET (WHALE),opener IP,vs_3bet,3bettor OOP,aggressive whale,KQo,4bet,0,call,100,,0,0,Live Poker Preflop Guide (2026),2026-01-06,23:06,,no
IP vs AGGRO 3BET (WHALE),opener IP,vs_3bet,3bettor OOP,aggressive whale,QQ,4bet,100,call,0,,0,0,Live Poker Preflop Guide (2026),2026-01-06,23:06,,no
IP vs AGGRO 3BET (WHALE),opener IP,vs_3bet,3bettor OOP,aggressive whale,QJs,4bet,0,call,100,,0,0,Live Poker Preflop Guide (2026),2026-01-06,23:06,,no
IP vs AGGRO 3BET (WHALE),opener IP,vs_3bet,3bettor OOP,aggressive whale,QTs,4bet,0,call,100,,0,0,Live Poker Preflop Guide (2026),2026-01-06,23:06,,no
IP vs AGGRO 3BET (WHALE),opener IP,vs_3bet,3bettor OOP,aggressive whale,Q9s,4bet,0,call,100,,0,0,Live Poker Preflop Guide (2026),2026-01-06,23:06,,no
IP vs AGGRO 3BET (WHALE),opener IP,vs_3bet,3bettor OOP,aggressive whale,Q8s,4bet,0,call,100,,0,0,Live Poker Preflop Guide (2026),2026-01-06,23:06,,no
IP vs AGGRO 3BET (WHALE),opener IP,vs_3bet,3bettor OOP,aggressive whale,Q7s,4bet,0,call,0,,0,100,Live Poker Preflop Guide (2026),2026-01-06,23:06,,no
IP vs AGGRO 3BET (WHALE),opener IP,vs_3bet,3bettor OOP,aggressive whale,Q6s,4bet,0,call,0,,0,100,Live Poker Preflop Guide (2026),2026-01-06,23:06,,no
IP vs AGGRO 3BET (WHALE),opener IP,vs_3bet,3bettor OOP,aggressive whale,Q5s,4bet,0,call,0,,0,100,Live Poker Preflop Guide (2026),2026-01-06,23:06,,no
IP vs AGGRO 3BET (WHALE),opener IP,vs_3bet,3bettor OOP,aggressive whale,Q4s,4bet,0,call,0,,0,100,Live Poker Preflop Guide (2026),2026-01-06,23:06,,no
IP vs AGGRO 3BET (WHALE),opener IP,vs_3bet,3bettor OOP,aggressive whale,Q3s,4bet,0,call,0,,0,100,Live Poker Preflop Guide (2026),2026-01-06,23:06,,no
IP vs AGGRO 3BET (WHALE),opener IP,vs_3bet,3bettor OOP,aggressive whale,Q2s,4bet,0,call,0,,0,100,Live Poker Preflop Guide (2026),2026-01-06,23:06,,no
IP vs AGGRO 3BET (WHALE),opener IP,vs_3bet,3bettor OOP,aggressive whale,AJo,4bet,0,call,100,,0,0,Live Poker Preflop Guide (2026),2026-01-06,23:06,,no
IP vs AGGRO 3BET (WHALE),opener IP,vs_3bet,3bettor OOP,aggressive whale,KJo,4bet,0,call,100,,0,0,Live Poker Preflop Guide (2026),2026-01-06,23:06,,no
IP vs AGGRO 3BET (WHALE),opener IP,vs_3bet,3bettor OOP,aggressive whale,QJo,4bet,0,call,100,,0,0,Live Poker Preflop Guide (2026),2026-01-06,23:06,,no
IP vs AGGRO 3BET (WHALE),opener IP,vs_3bet,3bettor OOP,aggressive whale,JJ,4bet,100,call,0,,0,0,Live Poker Preflop Guide (2026),2026-01-06,23:06,,no
IP vs AGGRO 3BET (WHALE),opener IP,vs_3bet,3bettor OOP,aggressive whale,JTs,4bet,0,call,100,,0,0,Live Poker Preflop Guide (2026),2026-01-06,23:06,,no
IP vs AGGRO 3BET (WHALE),opener IP,vs_3bet,3bettor OOP,aggressive whale,J9s,4bet,0,call,100,,0,0,Live Poker Preflop Guide (2026),2026-01-06,23:06,,no
IP vs AGGRO 3BET (WHALE),opener IP,vs_3bet,3bettor OOP,aggressive whale,J8s,4bet,0,call,100,,0,0,Live Poker Preflop Guide (2026),2026-01-06,23:06,,no
IP vs AGGRO 3BET (WHALE),opener IP,vs_3bet,3bettor OOP,aggressive whale,J7s,4bet,0,call,0,,0,100,Live Poker Preflop Guide (2026),2026-01-06,23:06,,no
IP vs AGGRO 3BET (WHALE),opener IP,vs_3bet,3bettor OOP,aggressive whale,J6s,4bet,0,call,0,,0,100,Live Poker Preflop Guide (2026),2026-01-06,23:06,,no
IP vs AGGRO 3BET (WHALE),opener IP,vs_3bet,3bettor OOP,aggressive whale,J5s,4bet,0,call,0,,0,100,Live Poker Preflop Guide (2026),2026-01-06,23:06,,no
IP vs AGGRO 3BET (WHALE),opener IP,vs_3bet,3bettor OOP,aggressive whale,J4s,4bet,0,call,0,,0,100,Live Poker Preflop Guide (2026),2026-01-06,23:06,,no
IP vs AGGRO 3BET (WHALE),opener IP,vs_3bet,3bettor OOP,aggressive whale,J3s,4bet,0,call,0,,0,100,Live Poker Preflop Guide (2026),2026-01-06,23:06,,no
IP vs AGGRO 3BET (WHALE),opener IP,vs_3bet,3bettor OOP,aggressive whale,J2s,4bet,0,call,0,,0,100,Live Poker Preflop Guide (2026),2026-01-06,23:06,,no
IP vs AGGRO 3BET (WHALE),opener IP,vs_3bet,3bettor OOP,aggressive whale,ATo,4bet,0,call,100,,0,0,Live Poker Preflop Guide (2026),2026-01-06,23:06,,no
IP vs AGGRO 3BET (WHALE),opener IP,vs_3bet,3bettor OOP,aggressive whale,KTo,4bet,0,call,0,,0,100,Live Poker Preflop Guide (2026),2026-01-06,23:06,,no
IP vs AGGRO 3BET (WHALE),opener IP,vs_3bet,3bettor OOP,aggressive whale,QTo,4bet,0,call,0,,0,100,Live Poker Preflop Guide (2026),2026-01-06,23:06,,no
IP vs AGGRO 3BET (WHALE),opener IP,vs_3bet,3bettor OOP,aggressive whale,JTo,4bet,0,call,0,,0,100,Live Poker Preflop Guide (2026),2026-01-06,23:06,,no
IP vs AGGRO 3BET (WHALE),opener IP,vs_3bet,3bettor OOP,aggressive whale,TT,4bet,50,call,50,,0,0,Live Poker Preflop Guide (2026),2026-01-06,23:06,"SITUATIONAL (Mark): play this action when you have a bigger edge on the player, lower rake, or deeper stacks; leave it out with an aggressive 4-bettor behind.",yes
IP vs AGGRO 3BET (WHALE),opener IP,vs_3bet,3bettor OOP,aggressive whale,T9s,4bet,0,call,100,,0,0,Live Poker Preflop Guide (2026),2026-01-06,23:06,,no
IP vs AGGRO 3BET (WHALE),opener IP,vs_3bet,3bettor OOP,aggressive whale,T8s,4bet,0,call,100,,0,0,Live Poker Preflop Guide (2026),2026-01-06,23:06,,no
IP vs AGGRO 3BET (WHALE),opener IP,vs_3bet,3bettor OOP,aggressive whale,T7s,4bet,0,call,100,,0,0,Live Poker Preflop Guide (2026),2026-01-06,23:06,,no
IP vs AGGRO 3BET (WHALE),opener IP,vs_3bet,3bettor OOP,aggressive whale,T6s,4bet,0,call,0,,0,100,Live Poker Preflop Guide (2026),2026-01-06,23:06,,no
IP vs AGGRO 3BET (WHALE),opener IP,vs_3bet,3bettor OOP,aggressive whale,T5s,4bet,0,call,0,,0,100,Live Poker Preflop Guide (2026),2026-01-06,23:06,,no
IP vs AGGRO 3BET (WHALE),opener IP,vs_3bet,3bettor OOP,aggressive whale,T4s,4bet,0,call,0,,0,100,Live Poker Preflop Guide (2026),2026-01-06,23:06,,no
IP vs AGGRO 3BET (WHALE),opener IP,vs_3bet,3bettor OOP,aggressive whale,T3s,4bet,0,call,0,,0,100,Live Poker Preflop Guide (2026),2026-01-06,23:06,,no
IP vs AGGRO 3BET (WHALE),opener IP,vs_3bet,3bettor OOP,aggressive whale,T2s,4bet,0,call,0,,0,100,Live Poker Preflop Guide (2026),2026-01-06,23:06,,no
IP vs AGGRO 3BET (WHALE),opener IP,vs_3bet,3bettor OOP,aggressive whale,A9o,4bet,0,call,0,,0,100,Live Poker Preflop Guide (2026),2026-01-06,23:06,,no
IP vs AGGRO 3BET (WHALE),opener IP,vs_3bet,3bettor OOP,aggressive whale,K9o,4bet,0,call,0,,0,100,Live Poker Preflop Guide (2026),2026-01-06,23:06,,no
IP vs AGGRO 3BET (WHALE),opener IP,vs_3bet,3bettor OOP,aggressive whale,Q9o,4bet,0,call,0,,0,100,Live Poker Preflop Guide (2026),2026-01-06,23:06,,no
IP vs AGGRO 3BET (WHALE),opener IP,vs_3bet,3bettor OOP,aggressive whale,J9o,4bet,0,call,0,,0,100,Live Poker Preflop Guide (2026),2026-01-06,23:06,,no
IP vs AGGRO 3BET (WHALE),opener IP,vs_3bet,3bettor OOP,aggressive whale,T9o,4bet,0,call,0,,0,100,Live Poker Preflop Guide (2026),2026-01-06,23:06,,no
IP vs AGGRO 3BET (WHALE),opener IP,vs_3bet,3bettor OOP,aggressive whale,99,4bet,0,call,100,,0,0,Live Poker Preflop Guide (2026),2026-01-06,23:06,,no
IP vs AGGRO 3BET (WHALE),opener IP,vs_3bet,3bettor OOP,aggressive whale,98s,4bet,0,call,100,,0,0,Live Poker Preflop Guide (2026),2026-01-06,23:06,,no
IP vs AGGRO 3BET (WHALE),opener IP,vs_3bet,3bettor OOP,aggressive whale,97s,4bet,0,call,100,,0,0,Live Poker Preflop Guide (2026),2026-01-06,23:06,,no
IP vs AGGRO 3BET (WHALE),opener IP,vs_3bet,3bettor OOP,aggressive whale,96s,4bet,0,call,100,,0,0,Live Poker Preflop Guide (2026),2026-01-06,23:06,,no
IP vs AGGRO 3BET (WHALE),opener IP,vs_3bet,3bettor OOP,aggressive whale,95s,4bet,0,call,0,,0,100,Live Poker Preflop Guide (2026),2026-01-06,23:06,,no
IP vs AGGRO 3BET (WHALE),opener IP,vs_3bet,3bettor OOP,aggressive whale,94s,4bet,0,call,0,,0,100,Live Poker Preflop Guide (2026),2026-01-06,23:06,,no
IP vs AGGRO 3BET (WHALE),opener IP,vs_3bet,3bettor OOP,aggressive whale,93s,4bet,0,call,0,,0,100,Live Poker Preflop Guide (2026),2026-01-06,23:06,,no
IP vs AGGRO 3BET (WHALE),opener IP,vs_3bet,3bettor OOP,aggressive whale,92s,4bet,0,call,0,,0,100,Live Poker Preflop Guide (2026),2026-01-06,23:06,,no
IP vs AGGRO 3BET (WHALE),opener IP,vs_3bet,3bettor OOP,aggressive whale,A8o,4bet,0,call,0,,0,100,Live Poker Preflop Guide (2026),2026-01-06,23:06,,no
IP vs AGGRO 3BET (WHALE),opener IP,vs_3bet,3bettor OOP,aggressive whale,K8o,4bet,0,call,0,,0,100,Live Poker Preflop Guide (2026),2026-01-06,23:06,,no
IP vs AGGRO 3BET (WHALE),opener IP,vs_3bet,3bettor OOP,aggressive whale,Q8o,4bet,0,call,0,,0,100,Live Poker Preflop Guide (2026),2026-01-06,23:06,,no
IP vs AGGRO 3BET (WHALE),opener IP,vs_3bet,3bettor OOP,aggressive whale,J8o,4bet,0,call,0,,0,100,Live Poker Preflop Guide (2026),2026-01-06,23:06,,no
IP vs AGGRO 3BET (WHALE),opener IP,vs_3bet,3bettor OOP,aggressive whale,T8o,4bet,0,call,0,,0,100,Live Poker Preflop Guide (2026),2026-01-06,23:06,,no
IP vs AGGRO 3BET (WHALE),opener IP,vs_3bet,3bettor OOP,aggressive whale,98o,4bet,0,call,0,,0,100,Live Poker Preflop Guide (2026),2026-01-06,23:06,,no
IP vs AGGRO 3BET (WHALE),opener IP,vs_3bet,3bettor OOP,aggressive whale,88,4bet,0,call,100,,0,0,Live Poker Preflop Guide (2026),2026-01-06,23:06,,no
IP vs AGGRO 3BET (WHALE),opener IP,vs_3bet,3bettor OOP,aggressive whale,87s,4bet,0,call,100,,0,0,Live Poker Preflop Guide (2026),2026-01-06,23:06,,no
IP vs AGGRO 3BET (WHALE),opener IP,vs_3bet,3bettor OOP,aggressive whale,86s,4bet,0,call,100,,0,0,Live Poker Preflop Guide (2026),2026-01-06,23:06,,no
IP vs AGGRO 3BET (WHALE),opener IP,vs_3bet,3bettor OOP,aggressive whale,85s,4bet,0,call,0,,0,100,Live Poker Preflop Guide (2026),2026-01-06,23:06,,no
IP vs AGGRO 3BET (WHALE),opener IP,vs_3bet,3bettor OOP,aggressive whale,84s,4bet,0,call,0,,0,100,Live Poker Preflop Guide (2026),2026-01-06,23:06,,no
IP vs AGGRO 3BET (WHALE),opener IP,vs_3bet,3bettor OOP,aggressive whale,83s,4bet,0,call,0,,0,100,Live Poker Preflop Guide (2026),2026-01-06,23:06,,no
IP vs AGGRO 3BET (WHALE),opener IP,vs_3bet,3bettor OOP,aggressive whale,82s,4bet,0,call,0,,0,100,Live Poker Preflop Guide (2026),2026-01-06,23:06,,no
IP vs AGGRO 3BET (WHALE),opener IP,vs_3bet,3bettor OOP,aggressive whale,A7o,4bet,0,call,0,,0,100,Live Poker Preflop Guide (2026),2026-01-06,23:06,,no
IP vs AGGRO 3BET (WHALE),opener IP,vs_3bet,3bettor OOP,aggressive whale,K7o,4bet,0,call,0,,0,100,Live Poker Preflop Guide (2026),2026-01-06,23:06,,no
IP vs AGGRO 3BET (WHALE),opener IP,vs_3bet,3bettor OOP,aggressive whale,Q7o,4bet,0,call,0,,0,100,Live Poker Preflop Guide (2026),2026-01-06,23:06,,no
IP vs AGGRO 3BET (WHALE),opener IP,vs_3bet,3bettor OOP,aggressive whale,J7o,4bet,0,call,0,,0,100,Live Poker Preflop Guide (2026),2026-01-06,23:06,,no
IP vs AGGRO 3BET (WHALE),opener IP,vs_3bet,3bettor OOP,aggressive whale,T7o,4bet,0,call,0,,0,100,Live Poker Preflop Guide (2026),2026-01-06,23:06,,no
IP vs AGGRO 3BET (WHALE),opener IP,vs_3bet,3bettor OOP,aggressive whale,97o,4bet,0,call,0,,0,100,Live Poker Preflop Guide (2026),2026-01-06,23:06,,no
IP vs AGGRO 3BET (WHALE),opener IP,vs_3bet,3bettor OOP,aggressive whale,87o,4bet,0,call,0,,0,100,Live Poker Preflop Guide (2026),2026-01-06,23:06,,no
IP vs AGGRO 3BET (WHALE),opener IP,vs_3bet,3bettor OOP,aggressive whale,77,4bet,0,call,100,,0,0,Live Poker Preflop Guide (2026),2026-01-06,23:06,,no
IP vs AGGRO 3BET (WHALE),opener IP,vs_3bet,3bettor OOP,aggressive whale,76s,4bet,0,call,100,,0,0,Live Poker Preflop Guide (2026),2026-01-06,23:06,,no
IP vs AGGRO 3BET (WHALE),opener IP,vs_3bet,3bettor OOP,aggressive whale,75s,4bet,0,call,100,,0,0,Live Poker Preflop Guide (2026),2026-01-06,23:06,,no
IP vs AGGRO 3BET (WHALE),opener IP,vs_3bet,3bettor OOP,aggressive whale,74s,4bet,0,call,0,,0,100,Live Poker Preflop Guide (2026),2026-01-06,23:06,,no
IP vs AGGRO 3BET (WHALE),opener IP,vs_3bet,3bettor OOP,aggressive whale,73s,4bet,0,call,0,,0,100,Live Poker Preflop Guide (2026),2026-01-06,23:06,,no
IP vs AGGRO 3BET (WHALE),opener IP,vs_3bet,3bettor OOP,aggressive whale,72s,4bet,0,call,0,,0,100,Live Poker Preflop Guide (2026),2026-01-06,23:06,,no
IP vs AGGRO 3BET (WHALE),opener IP,vs_3bet,3bettor OOP,aggressive whale,A6o,4bet,0,call,0,,0,100,Live Poker Preflop Guide (2026),2026-01-06,23:06,,no
IP vs AGGRO 3BET (WHALE),opener IP,vs_3bet,3bettor OOP,aggressive whale,K6o,4bet,0,call,0,,0,100,Live Poker Preflop Guide (2026),2026-01-06,23:06,,no
IP vs AGGRO 3BET (WHALE),opener IP,vs_3bet,3bettor OOP,aggressive whale,Q6o,4bet,0,call,0,,0,100,Live Poker Preflop Guide (2026),2026-01-06,23:06,,no
IP vs AGGRO 3BET (WHALE),opener IP,vs_3bet,3bettor OOP,aggressive whale,J6o,4bet,0,call,0,,0,100,Live Poker Preflop Guide (2026),2026-01-06,23:06,,no
IP vs AGGRO 3BET (WHALE),opener IP,vs_3bet,3bettor OOP,aggressive whale,T6o,4bet,0,call,0,,0,100,Live Poker Preflop Guide (2026),2026-01-06,23:06,,no
IP vs AGGRO 3BET (WHALE),opener IP,vs_3bet,3bettor OOP,aggressive whale,96o,4bet,0,call,0,,0,100,Live Poker Preflop Guide (2026),2026-01-06,23:06,,no
IP vs AGGRO 3BET (WHALE),opener IP,vs_3bet,3bettor OOP,aggressive whale,86o,4bet,0,call,0,,0,100,Live Poker Preflop Guide (2026),2026-01-06,23:06,,no
IP vs AGGRO 3BET (WHALE),opener IP,vs_3bet,3bettor OOP,aggressive whale,76o,4bet,0,call,0,,0,100,Live Poker Preflop Guide (2026),2026-01-06,23:06,,no
IP vs AGGRO 3BET (WHALE),opener IP,vs_3bet,3bettor OOP,aggressive whale,66,4bet,0,call,100,,0,0,Live Poker Preflop Guide (2026),2026-01-06,23:06,,no
IP vs AGGRO 3BET (WHALE),opener IP,vs_3bet,3bettor OOP,aggressive whale,65s,4bet,0,call,100,,0,0,Live Poker Preflop Guide (2026),2026-01-06,23:06,,no
IP vs AGGRO 3BET (WHALE),opener IP,vs_3bet,3bettor OOP,aggressive whale,64s,4bet,0,call,100,,0,0,Live Poker Preflop Guide (2026),2026-01-06,23:06,,no
IP vs AGGRO 3BET (WHALE),opener IP,vs_3bet,3bettor OOP,aggressive whale,63s,4bet,0,call,0,,0,100,Live Poker Preflop Guide (2026),2026-01-06,23:06,,no
IP vs AGGRO 3BET (WHALE),opener IP,vs_3bet,3bettor OOP,aggressive whale,62s,4bet,0,call,0,,0,100,Live Poker Preflop Guide (2026),2026-01-06,23:06,,no
IP vs AGGRO 3BET (WHALE),opener IP,vs_3bet,3bettor OOP,aggressive whale,A5o,4bet,0,call,0,,0,100,Live Poker Preflop Guide (2026),2026-01-06,23:06,,no
IP vs AGGRO 3BET (WHALE),opener IP,vs_3bet,3bettor OOP,aggressive whale,K5o,4bet,0,call,0,,0,100,Live Poker Preflop Guide (2026),2026-01-06,23:06,,no
IP vs AGGRO 3BET (WHALE),opener IP,vs_3bet,3bettor OOP,aggressive whale,Q5o,4bet,0,call,0,,0,100,Live Poker Preflop Guide (2026),2026-01-06,23:06,,no
IP vs AGGRO 3BET (WHALE),opener IP,vs_3bet,3bettor OOP,aggressive whale,J5o,4bet,0,call,0,,0,100,Live Poker Preflop Guide (2026),2026-01-06,23:06,,no
IP vs AGGRO 3BET (WHALE),opener IP,vs_3bet,3bettor OOP,aggressive whale,T5o,4bet,0,call,0,,0,100,Live Poker Preflop Guide (2026),2026-01-06,23:06,,no
IP vs AGGRO 3BET (WHALE),opener IP,vs_3bet,3bettor OOP,aggressive whale,95o,4bet,0,call,0,,0,100,Live Poker Preflop Guide (2026),2026-01-06,23:06,,no
IP vs AGGRO 3BET (WHALE),opener IP,vs_3bet,3bettor OOP,aggressive whale,85o,4bet,0,call,0,,0,100,Live Poker Preflop Guide (2026),2026-01-06,23:06,,no
IP vs AGGRO 3BET (WHALE),opener IP,vs_3bet,3bettor OOP,aggressive whale,75o,4bet,0,call,0,,0,100,Live Poker Preflop Guide (2026),2026-01-06,23:06,,no
IP vs AGGRO 3BET (WHALE),opener IP,vs_3bet,3bettor OOP,aggressive whale,65o,4bet,0,call,0,,0,100,Live Poker Preflop Guide (2026),2026-01-06,23:06,,no
IP vs AGGRO 3BET (WHALE),opener IP,vs_3bet,3bettor OOP,aggressive whale,55,4bet,0,call,100,,0,0,Live Poker Preflop Guide (2026),2026-01-06,23:06,,no
IP vs AGGRO 3BET (WHALE),opener IP,vs_3bet,3bettor OOP,aggressive whale,54s,4bet,0,call,100,,0,0,Live Poker Preflop Guide (2026),2026-01-06,23:06,,no
IP vs AGGRO 3BET (WHALE),opener IP,vs_3bet,3bettor OOP,aggressive whale,53s,4bet,0,call,100,,0,0,Live Poker Preflop Guide (2026),2026-01-06,23:06,,no
IP vs AGGRO 3BET (WHALE),opener IP,vs_3bet,3bettor OOP,aggressive whale,52s,4bet,0,call,0,,0,100,Live Poker Preflop Guide (2026),2026-01-06,23:06,,no
IP vs AGGRO 3BET (WHALE),opener IP,vs_3bet,3bettor OOP,aggressive whale,A4o,4bet,0,call,0,,0,100,Live Poker Preflop Guide (2026),2026-01-06,23:06,,no
IP vs AGGRO 3BET (WHALE),opener IP,vs_3bet,3bettor OOP,aggressive whale,K4o,4bet,0,call,0,,0,100,Live Poker Preflop Guide (2026),2026-01-06,23:06,,no
IP vs AGGRO 3BET (WHALE),opener IP,vs_3bet,3bettor OOP,aggressive whale,Q4o,4bet,0,call,0,,0,100,Live Poker Preflop Guide (2026),2026-01-06,23:06,,no
IP vs AGGRO 3BET (WHALE),opener IP,vs_3bet,3bettor OOP,aggressive whale,J4o,4bet,0,call,0,,0,100,Live Poker Preflop Guide (2026),2026-01-06,23:06,,no
IP vs AGGRO 3BET (WHALE),opener IP,vs_3bet,3bettor OOP,aggressive whale,T4o,4bet,0,call,0,,0,100,Live Poker Preflop Guide (2026),2026-01-06,23:06,,no
IP vs AGGRO 3BET (WHALE),opener IP,vs_3bet,3bettor OOP,aggressive whale,94o,4bet,0,call,0,,0,100,Live Poker Preflop Guide (2026),2026-01-06,23:06,,no
IP vs AGGRO 3BET (WHALE),opener IP,vs_3bet,3bettor OOP,aggressive whale,84o,4bet,0,call,0,,0,100,Live Poker Preflop Guide (2026),2026-01-06,23:06,,no
IP vs AGGRO 3BET (WHALE),opener IP,vs_3bet,3bettor OOP,aggressive whale,74o,4bet,0,call,0,,0,100,Live Poker Preflop Guide (2026),2026-01-06,23:06,,no
IP vs AGGRO 3BET (WHALE),opener IP,vs_3bet,3bettor OOP,aggressive whale,64o,4bet,0,call,0,,0,100,Live Poker Preflop Guide (2026),2026-01-06,23:06,,no
IP vs AGGRO 3BET (WHALE),opener IP,vs_3bet,3bettor OOP,aggressive whale,54o,4bet,0,call,0,,0,100,Live Poker Preflop Guide (2026),2026-01-06,23:06,,no
IP vs AGGRO 3BET (WHALE),opener IP,vs_3bet,3bettor OOP,aggressive whale,44,4bet,0,call,100,,0,0,Live Poker Preflop Guide (2026),2026-01-06,23:06,,no
IP vs AGGRO 3BET (WHALE),opener IP,vs_3bet,3bettor OOP,aggressive whale,43s,4bet,0,call,100,,0,0,Live Poker Preflop Guide (2026),2026-01-06,23:06,,no
IP vs AGGRO 3BET (WHALE),opener IP,vs_3bet,3bettor OOP,aggressive whale,42s,4bet,0,call,0,,0,100,Live Poker Preflop Guide (2026),2026-01-06,23:06,,no
IP vs AGGRO 3BET (WHALE),opener IP,vs_3bet,3bettor OOP,aggressive whale,A3o,4bet,0,call,0,,0,100,Live Poker Preflop Guide (2026),2026-01-06,23:06,,no
IP vs AGGRO 3BET (WHALE),opener IP,vs_3bet,3bettor OOP,aggressive whale,K3o,4bet,0,call,0,,0,100,Live Poker Preflop Guide (2026),2026-01-06,23:06,,no
IP vs AGGRO 3BET (WHALE),opener IP,vs_3bet,3bettor OOP,aggressive whale,Q3o,4bet,0,call,0,,0,100,Live Poker Preflop Guide (2026),2026-01-06,23:06,,no
IP vs AGGRO 3BET (WHALE),opener IP,vs_3bet,3bettor OOP,aggressive whale,J3o,4bet,0,call,0,,0,100,Live Poker Preflop Guide (2026),2026-01-06,23:06,,no
IP vs AGGRO 3BET (WHALE),opener IP,vs_3bet,3bettor OOP,aggressive whale,T3o,4bet,0,call,0,,0,100,Live Poker Preflop Guide (2026),2026-01-06,23:06,,no
IP vs AGGRO 3BET (WHALE),opener IP,vs_3bet,3bettor OOP,aggressive whale,93o,4bet,0,call,0,,0,100,Live Poker Preflop Guide (2026),2026-01-06,23:06,,no
IP vs AGGRO 3BET (WHALE),opener IP,vs_3bet,3bettor OOP,aggressive whale,83o,4bet,0,call,0,,0,100,Live Poker Preflop Guide (2026),2026-01-06,23:06,,no
IP vs AGGRO 3BET (WHALE),opener IP,vs_3bet,3bettor OOP,aggressive whale,73o,4bet,0,call,0,,0,100,Live Poker Preflop Guide (2026),2026-01-06,23:06,,no
IP vs AGGRO 3BET (WHALE),opener IP,vs_3bet,3bettor OOP,aggressive whale,63o,4bet,0,call,0,,0,100,Live Poker Preflop Guide (2026),2026-01-06,23:06,,no
IP vs AGGRO 3BET (WHALE),opener IP,vs_3bet,3bettor OOP,aggressive whale,53o,4bet,0,call,0,,0,100,Live Poker Preflop Guide (2026),2026-01-06,23:06,,no
IP vs AGGRO 3BET (WHALE),opener IP,vs_3bet,3bettor OOP,aggressive whale,43o,4bet,0,call,0,,0,100,Live Poker Preflop Guide (2026),2026-01-06,23:06,,no
IP vs AGGRO 3BET (WHALE),opener IP,vs_3bet,3bettor OOP,aggressive whale,33,4bet,0,call,100,,0,0,Live Poker Preflop Guide (2026),2026-01-06,23:06,,no
IP vs AGGRO 3BET (WHALE),opener IP,vs_3bet,3bettor OOP,aggressive whale,32s,4bet,0,call,0,,0,100,Live Poker Preflop Guide (2026),2026-01-06,23:06,,no
IP vs AGGRO 3BET (WHALE),opener IP,vs_3bet,3bettor OOP,aggressive whale,A2o,4bet,0,call,0,,0,100,Live Poker Preflop Guide (2026),2026-01-06,23:06,,no
IP vs AGGRO 3BET (WHALE),opener IP,vs_3bet,3bettor OOP,aggressive whale,K2o,4bet,0,call,0,,0,100,Live Poker Preflop Guide (2026),2026-01-06,23:06,,no
IP vs AGGRO 3BET (WHALE),opener IP,vs_3bet,3bettor OOP,aggressive whale,Q2o,4bet,0,call,0,,0,100,Live Poker Preflop Guide (2026),2026-01-06,23:06,,no
IP vs AGGRO 3BET (WHALE),opener IP,vs_3bet,3bettor OOP,aggressive whale,J2o,4bet,0,call,0,,0,100,Live Poker Preflop Guide (2026),2026-01-06,23:06,,no
IP vs AGGRO 3BET (WHALE),opener IP,vs_3bet,3bettor OOP,aggressive whale,T2o,4bet,0,call,0,,0,100,Live Poker Preflop Guide (2026),2026-01-06,23:06,,no
IP vs AGGRO 3BET (WHALE),opener IP,vs_3bet,3bettor OOP,aggressive whale,92o,4bet,0,call,0,,0,100,Live Poker Preflop Guide (2026),2026-01-06,23:06,,no
IP vs AGGRO 3BET (WHALE),opener IP,vs_3bet,3bettor OOP,aggressive whale,82o,4bet,0,call,0,,0,100,Live Poker Preflop Guide (2026),2026-01-06,23:06,,no
IP vs AGGRO 3BET (WHALE),opener IP,vs_3bet,3bettor OOP,aggressive whale,72o,4bet,0,call,0,,0,100,Live Poker Preflop Guide (2026),2026-01-06,23:06,,no
IP vs AGGRO 3BET (WHALE),opener IP,vs_3bet,3bettor OOP,aggressive whale,62o,4bet,0,call,0,,0,100,Live Poker Preflop Guide (2026),2026-01-06,23:06,,no
IP vs AGGRO 3BET (WHALE),opener IP,vs_3bet,3bettor OOP,aggressive whale,52o,4bet,0,call,0,,0,100,Live Poker Preflop Guide (2026),2026-01-06,23:06,,no
IP vs AGGRO 3BET (WHALE),opener IP,vs_3bet,3bettor OOP,aggressive whale,42o,4bet,0,call,0,,0,100,Live Poker Preflop Guide (2026),2026-01-06,23:06,,no
IP vs AGGRO 3BET (WHALE),opener IP,vs_3bet,3bettor OOP,aggressive whale,32o,4bet,0,call,0,,0,100,Live Poker Preflop Guide (2026),2026-01-06,23:06,,no
IP vs AGGRO 3BET (WHALE),opener IP,vs_3bet,3bettor OOP,aggressive whale,22,4bet,0,call,100,,0,0,Live Poker Preflop Guide (2026),2026-01-06,23:06,,no
COLD 4B vs TIGHT 3B,cold 4bettor,cold_4bet,open + 3bet,tight 3bettor,AA,4bet,100,,0,,0,0,Live Poker Preflop Guide (2026),2026-01-06,24:53,,no
COLD 4B vs TIGHT 3B,cold 4bettor,cold_4bet,open + 3bet,tight 3bettor,AKs,4bet,100,,0,,0,0,Live Poker Preflop Guide (2026),2026-01-06,24:53,,no
COLD 4B vs TIGHT 3B,cold 4bettor,cold_4bet,open + 3bet,tight 3bettor,AQs,4bet,0,,0,,0,100,Live Poker Preflop Guide (2026),2026-01-06,24:53,,no
COLD 4B vs TIGHT 3B,cold 4bettor,cold_4bet,open + 3bet,tight 3bettor,AJs,4bet,0,,0,,0,100,Live Poker Preflop Guide (2026),2026-01-06,24:53,,no
COLD 4B vs TIGHT 3B,cold 4bettor,cold_4bet,open + 3bet,tight 3bettor,ATs,4bet,0,,0,,0,100,Live Poker Preflop Guide (2026),2026-01-06,24:53,,no
COLD 4B vs TIGHT 3B,cold 4bettor,cold_4bet,open + 3bet,tight 3bettor,A9s,4bet,0,,0,,0,100,Live Poker Preflop Guide (2026),2026-01-06,24:53,,no
COLD 4B vs TIGHT 3B,cold 4bettor,cold_4bet,open + 3bet,tight 3bettor,A8s,4bet,0,,0,,0,100,Live Poker Preflop Guide (2026),2026-01-06,24:53,,no
COLD 4B vs TIGHT 3B,cold 4bettor,cold_4bet,open + 3bet,tight 3bettor,A7s,4bet,0,,0,,0,100,Live Poker Preflop Guide (2026),2026-01-06,24:53,,no
COLD 4B vs TIGHT 3B,cold 4bettor,cold_4bet,open + 3bet,tight 3bettor,A6s,4bet,0,,0,,0,100,Live Poker Preflop Guide (2026),2026-01-06,24:53,,no
COLD 4B vs TIGHT 3B,cold 4bettor,cold_4bet,open + 3bet,tight 3bettor,A5s,4bet,0,,0,,0,100,Live Poker Preflop Guide (2026),2026-01-06,24:53,,no
COLD 4B vs TIGHT 3B,cold 4bettor,cold_4bet,open + 3bet,tight 3bettor,A4s,4bet,0,,0,,0,100,Live Poker Preflop Guide (2026),2026-01-06,24:53,,no
COLD 4B vs TIGHT 3B,cold 4bettor,cold_4bet,open + 3bet,tight 3bettor,A3s,4bet,0,,0,,0,100,Live Poker Preflop Guide (2026),2026-01-06,24:53,,no
COLD 4B vs TIGHT 3B,cold 4bettor,cold_4bet,open + 3bet,tight 3bettor,A2s,4bet,0,,0,,0,100,Live Poker Preflop Guide (2026),2026-01-06,24:53,,no
COLD 4B vs TIGHT 3B,cold 4bettor,cold_4bet,open + 3bet,tight 3bettor,AKo,4bet,50,,0,,0,50,Live Poker Preflop Guide (2026),2026-01-06,24:53,"SITUATIONAL (Mark): play this action when you have a bigger edge on the player, lower rake, or deeper stacks; leave it out with an aggressive 4-bettor behind.",yes
COLD 4B vs TIGHT 3B,cold 4bettor,cold_4bet,open + 3bet,tight 3bettor,KK,4bet,100,,0,,0,0,Live Poker Preflop Guide (2026),2026-01-06,24:53,,no
COLD 4B vs TIGHT 3B,cold 4bettor,cold_4bet,open + 3bet,tight 3bettor,KQs,4bet,0,,0,,0,100,Live Poker Preflop Guide (2026),2026-01-06,24:53,,no
COLD 4B vs TIGHT 3B,cold 4bettor,cold_4bet,open + 3bet,tight 3bettor,KJs,4bet,0,,0,,0,100,Live Poker Preflop Guide (2026),2026-01-06,24:53,,no
COLD 4B vs TIGHT 3B,cold 4bettor,cold_4bet,open + 3bet,tight 3bettor,KTs,4bet,0,,0,,0,100,Live Poker Preflop Guide (2026),2026-01-06,24:53,,no
COLD 4B vs TIGHT 3B,cold 4bettor,cold_4bet,open + 3bet,tight 3bettor,K9s,4bet,0,,0,,0,100,Live Poker Preflop Guide (2026),2026-01-06,24:53,,no
COLD 4B vs TIGHT 3B,cold 4bettor,cold_4bet,open + 3bet,tight 3bettor,K8s,4bet,0,,0,,0,100,Live Poker Preflop Guide (2026),2026-01-06,24:53,,no
COLD 4B vs TIGHT 3B,cold 4bettor,cold_4bet,open + 3bet,tight 3bettor,K7s,4bet,0,,0,,0,100,Live Poker Preflop Guide (2026),2026-01-06,24:53,,no
COLD 4B vs TIGHT 3B,cold 4bettor,cold_4bet,open + 3bet,tight 3bettor,K6s,4bet,0,,0,,0,100,Live Poker Preflop Guide (2026),2026-01-06,24:53,,no
COLD 4B vs TIGHT 3B,cold 4bettor,cold_4bet,open + 3bet,tight 3bettor,K5s,4bet,0,,0,,0,100,Live Poker Preflop Guide (2026),2026-01-06,24:53,,no
COLD 4B vs TIGHT 3B,cold 4bettor,cold_4bet,open + 3bet,tight 3bettor,K4s,4bet,0,,0,,0,100,Live Poker Preflop Guide (2026),2026-01-06,24:53,,no
COLD 4B vs TIGHT 3B,cold 4bettor,cold_4bet,open + 3bet,tight 3bettor,K3s,4bet,0,,0,,0,100,Live Poker Preflop Guide (2026),2026-01-06,24:53,,no
COLD 4B vs TIGHT 3B,cold 4bettor,cold_4bet,open + 3bet,tight 3bettor,K2s,4bet,0,,0,,0,100,Live Poker Preflop Guide (2026),2026-01-06,24:53,,no
COLD 4B vs TIGHT 3B,cold 4bettor,cold_4bet,open + 3bet,tight 3bettor,AQo,4bet,0,,0,,0,100,Live Poker Preflop Guide (2026),2026-01-06,24:53,,no
COLD 4B vs TIGHT 3B,cold 4bettor,cold_4bet,open + 3bet,tight 3bettor,KQo,4bet,0,,0,,0,100,Live Poker Preflop Guide (2026),2026-01-06,24:53,,no
COLD 4B vs TIGHT 3B,cold 4bettor,cold_4bet,open + 3bet,tight 3bettor,QQ,4bet,100,,0,,0,0,Live Poker Preflop Guide (2026),2026-01-06,24:53,,no
COLD 4B vs TIGHT 3B,cold 4bettor,cold_4bet,open + 3bet,tight 3bettor,QJs,4bet,0,,0,,0,100,Live Poker Preflop Guide (2026),2026-01-06,24:53,,no
COLD 4B vs TIGHT 3B,cold 4bettor,cold_4bet,open + 3bet,tight 3bettor,QTs,4bet,0,,0,,0,100,Live Poker Preflop Guide (2026),2026-01-06,24:53,,no
COLD 4B vs TIGHT 3B,cold 4bettor,cold_4bet,open + 3bet,tight 3bettor,Q9s,4bet,0,,0,,0,100,Live Poker Preflop Guide (2026),2026-01-06,24:53,,no
COLD 4B vs TIGHT 3B,cold 4bettor,cold_4bet,open + 3bet,tight 3bettor,Q8s,4bet,0,,0,,0,100,Live Poker Preflop Guide (2026),2026-01-06,24:53,,no
COLD 4B vs TIGHT 3B,cold 4bettor,cold_4bet,open + 3bet,tight 3bettor,Q7s,4bet,0,,0,,0,100,Live Poker Preflop Guide (2026),2026-01-06,24:53,,no
COLD 4B vs TIGHT 3B,cold 4bettor,cold_4bet,open + 3bet,tight 3bettor,Q6s,4bet,0,,0,,0,100,Live Poker Preflop Guide (2026),2026-01-06,24:53,,no
COLD 4B vs TIGHT 3B,cold 4bettor,cold_4bet,open + 3bet,tight 3bettor,Q5s,4bet,0,,0,,0,100,Live Poker Preflop Guide (2026),2026-01-06,24:53,,no
COLD 4B vs TIGHT 3B,cold 4bettor,cold_4bet,open + 3bet,tight 3bettor,Q4s,4bet,0,,0,,0,100,Live Poker Preflop Guide (2026),2026-01-06,24:53,,no
COLD 4B vs TIGHT 3B,cold 4bettor,cold_4bet,open + 3bet,tight 3bettor,Q3s,4bet,0,,0,,0,100,Live Poker Preflop Guide (2026),2026-01-06,24:53,,no
COLD 4B vs TIGHT 3B,cold 4bettor,cold_4bet,open + 3bet,tight 3bettor,Q2s,4bet,0,,0,,0,100,Live Poker Preflop Guide (2026),2026-01-06,24:53,,no
COLD 4B vs TIGHT 3B,cold 4bettor,cold_4bet,open + 3bet,tight 3bettor,AJo,4bet,0,,0,,0,100,Live Poker Preflop Guide (2026),2026-01-06,24:53,,no
COLD 4B vs TIGHT 3B,cold 4bettor,cold_4bet,open + 3bet,tight 3bettor,KJo,4bet,0,,0,,0,100,Live Poker Preflop Guide (2026),2026-01-06,24:53,,no
COLD 4B vs TIGHT 3B,cold 4bettor,cold_4bet,open + 3bet,tight 3bettor,QJo,4bet,0,,0,,0,100,Live Poker Preflop Guide (2026),2026-01-06,24:53,,no
COLD 4B vs TIGHT 3B,cold 4bettor,cold_4bet,open + 3bet,tight 3bettor,JJ,4bet,50,,0,,0,50,Live Poker Preflop Guide (2026),2026-01-06,24:53,"SITUATIONAL (Mark): play this action when you have a bigger edge on the player, lower rake, or deeper stacks; leave it out with an aggressive 4-bettor behind.",yes
COLD 4B vs TIGHT 3B,cold 4bettor,cold_4bet,open + 3bet,tight 3bettor,JTs,4bet,0,,0,,0,100,Live Poker Preflop Guide (2026),2026-01-06,24:53,,no
COLD 4B vs TIGHT 3B,cold 4bettor,cold_4bet,open + 3bet,tight 3bettor,J9s,4bet,0,,0,,0,100,Live Poker Preflop Guide (2026),2026-01-06,24:53,,no
COLD 4B vs TIGHT 3B,cold 4bettor,cold_4bet,open + 3bet,tight 3bettor,J8s,4bet,0,,0,,0,100,Live Poker Preflop Guide (2026),2026-01-06,24:53,,no
COLD 4B vs TIGHT 3B,cold 4bettor,cold_4bet,open + 3bet,tight 3bettor,J7s,4bet,0,,0,,0,100,Live Poker Preflop Guide (2026),2026-01-06,24:53,,no
COLD 4B vs TIGHT 3B,cold 4bettor,cold_4bet,open + 3bet,tight 3bettor,J6s,4bet,0,,0,,0,100,Live Poker Preflop Guide (2026),2026-01-06,24:53,,no
COLD 4B vs TIGHT 3B,cold 4bettor,cold_4bet,open + 3bet,tight 3bettor,J5s,4bet,0,,0,,0,100,Live Poker Preflop Guide (2026),2026-01-06,24:53,,no
COLD 4B vs TIGHT 3B,cold 4bettor,cold_4bet,open + 3bet,tight 3bettor,J4s,4bet,0,,0,,0,100,Live Poker Preflop Guide (2026),2026-01-06,24:53,,no
COLD 4B vs TIGHT 3B,cold 4bettor,cold_4bet,open + 3bet,tight 3bettor,J3s,4bet,0,,0,,0,100,Live Poker Preflop Guide (2026),2026-01-06,24:53,,no
COLD 4B vs TIGHT 3B,cold 4bettor,cold_4bet,open + 3bet,tight 3bettor,J2s,4bet,0,,0,,0,100,Live Poker Preflop Guide (2026),2026-01-06,24:53,,no
COLD 4B vs TIGHT 3B,cold 4bettor,cold_4bet,open + 3bet,tight 3bettor,ATo,4bet,0,,0,,0,100,Live Poker Preflop Guide (2026),2026-01-06,24:53,,no
COLD 4B vs TIGHT 3B,cold 4bettor,cold_4bet,open + 3bet,tight 3bettor,KTo,4bet,0,,0,,0,100,Live Poker Preflop Guide (2026),2026-01-06,24:53,,no
COLD 4B vs TIGHT 3B,cold 4bettor,cold_4bet,open + 3bet,tight 3bettor,QTo,4bet,0,,0,,0,100,Live Poker Preflop Guide (2026),2026-01-06,24:53,,no
COLD 4B vs TIGHT 3B,cold 4bettor,cold_4bet,open + 3bet,tight 3bettor,JTo,4bet,0,,0,,0,100,Live Poker Preflop Guide (2026),2026-01-06,24:53,,no
COLD 4B vs TIGHT 3B,cold 4bettor,cold_4bet,open + 3bet,tight 3bettor,TT,4bet,0,,0,,0,100,Live Poker Preflop Guide (2026),2026-01-06,24:53,,no
COLD 4B vs TIGHT 3B,cold 4bettor,cold_4bet,open + 3bet,tight 3bettor,T9s,4bet,0,,0,,0,100,Live Poker Preflop Guide (2026),2026-01-06,24:53,,no
COLD 4B vs TIGHT 3B,cold 4bettor,cold_4bet,open + 3bet,tight 3bettor,T8s,4bet,0,,0,,0,100,Live Poker Preflop Guide (2026),2026-01-06,24:53,,no
COLD 4B vs TIGHT 3B,cold 4bettor,cold_4bet,open + 3bet,tight 3bettor,T7s,4bet,0,,0,,0,100,Live Poker Preflop Guide (2026),2026-01-06,24:53,,no
COLD 4B vs TIGHT 3B,cold 4bettor,cold_4bet,open + 3bet,tight 3bettor,T6s,4bet,0,,0,,0,100,Live Poker Preflop Guide (2026),2026-01-06,24:53,,no
COLD 4B vs TIGHT 3B,cold 4bettor,cold_4bet,open + 3bet,tight 3bettor,T5s,4bet,0,,0,,0,100,Live Poker Preflop Guide (2026),2026-01-06,24:53,,no
COLD 4B vs TIGHT 3B,cold 4bettor,cold_4bet,open + 3bet,tight 3bettor,T4s,4bet,0,,0,,0,100,Live Poker Preflop Guide (2026),2026-01-06,24:53,,no
COLD 4B vs TIGHT 3B,cold 4bettor,cold_4bet,open + 3bet,tight 3bettor,T3s,4bet,0,,0,,0,100,Live Poker Preflop Guide (2026),2026-01-06,24:53,,no
COLD 4B vs TIGHT 3B,cold 4bettor,cold_4bet,open + 3bet,tight 3bettor,T2s,4bet,0,,0,,0,100,Live Poker Preflop Guide (2026),2026-01-06,24:53,,no
COLD 4B vs TIGHT 3B,cold 4bettor,cold_4bet,open + 3bet,tight 3bettor,A9o,4bet,0,,0,,0,100,Live Poker Preflop Guide (2026),2026-01-06,24:53,,no
COLD 4B vs TIGHT 3B,cold 4bettor,cold_4bet,open + 3bet,tight 3bettor,K9o,4bet,0,,0,,0,100,Live Poker Preflop Guide (2026),2026-01-06,24:53,,no
COLD 4B vs TIGHT 3B,cold 4bettor,cold_4bet,open + 3bet,tight 3bettor,Q9o,4bet,0,,0,,0,100,Live Poker Preflop Guide (2026),2026-01-06,24:53,,no
COLD 4B vs TIGHT 3B,cold 4bettor,cold_4bet,open + 3bet,tight 3bettor,J9o,4bet,0,,0,,0,100,Live Poker Preflop Guide (2026),2026-01-06,24:53,,no
COLD 4B vs TIGHT 3B,cold 4bettor,cold_4bet,open + 3bet,tight 3bettor,T9o,4bet,0,,0,,0,100,Live Poker Preflop Guide (2026),2026-01-06,24:53,,no
COLD 4B vs TIGHT 3B,cold 4bettor,cold_4bet,open + 3bet,tight 3bettor,99,4bet,0,,0,,0,100,Live Poker Preflop Guide (2026),2026-01-06,24:53,,no
COLD 4B vs TIGHT 3B,cold 4bettor,cold_4bet,open + 3bet,tight 3bettor,98s,4bet,0,,0,,0,100,Live Poker Preflop Guide (2026),2026-01-06,24:53,,no
COLD 4B vs TIGHT 3B,cold 4bettor,cold_4bet,open + 3bet,tight 3bettor,97s,4bet,0,,0,,0,100,Live Poker Preflop Guide (2026),2026-01-06,24:53,,no
COLD 4B vs TIGHT 3B,cold 4bettor,cold_4bet,open + 3bet,tight 3bettor,96s,4bet,0,,0,,0,100,Live Poker Preflop Guide (2026),2026-01-06,24:53,,no
COLD 4B vs TIGHT 3B,cold 4bettor,cold_4bet,open + 3bet,tight 3bettor,95s,4bet,0,,0,,0,100,Live Poker Preflop Guide (2026),2026-01-06,24:53,,no
COLD 4B vs TIGHT 3B,cold 4bettor,cold_4bet,open + 3bet,tight 3bettor,94s,4bet,0,,0,,0,100,Live Poker Preflop Guide (2026),2026-01-06,24:53,,no
COLD 4B vs TIGHT 3B,cold 4bettor,cold_4bet,open + 3bet,tight 3bettor,93s,4bet,0,,0,,0,100,Live Poker Preflop Guide (2026),2026-01-06,24:53,,no
COLD 4B vs TIGHT 3B,cold 4bettor,cold_4bet,open + 3bet,tight 3bettor,92s,4bet,0,,0,,0,100,Live Poker Preflop Guide (2026),2026-01-06,24:53,,no
COLD 4B vs TIGHT 3B,cold 4bettor,cold_4bet,open + 3bet,tight 3bettor,A8o,4bet,0,,0,,0,100,Live Poker Preflop Guide (2026),2026-01-06,24:53,,no
COLD 4B vs TIGHT 3B,cold 4bettor,cold_4bet,open + 3bet,tight 3bettor,K8o,4bet,0,,0,,0,100,Live Poker Preflop Guide (2026),2026-01-06,24:53,,no
COLD 4B vs TIGHT 3B,cold 4bettor,cold_4bet,open + 3bet,tight 3bettor,Q8o,4bet,0,,0,,0,100,Live Poker Preflop Guide (2026),2026-01-06,24:53,,no
COLD 4B vs TIGHT 3B,cold 4bettor,cold_4bet,open + 3bet,tight 3bettor,J8o,4bet,0,,0,,0,100,Live Poker Preflop Guide (2026),2026-01-06,24:53,,no
COLD 4B vs TIGHT 3B,cold 4bettor,cold_4bet,open + 3bet,tight 3bettor,T8o,4bet,0,,0,,0,100,Live Poker Preflop Guide (2026),2026-01-06,24:53,,no
COLD 4B vs TIGHT 3B,cold 4bettor,cold_4bet,open + 3bet,tight 3bettor,98o,4bet,0,,0,,0,100,Live Poker Preflop Guide (2026),2026-01-06,24:53,,no
COLD 4B vs TIGHT 3B,cold 4bettor,cold_4bet,open + 3bet,tight 3bettor,88,4bet,0,,0,,0,100,Live Poker Preflop Guide (2026),2026-01-06,24:53,,no
COLD 4B vs TIGHT 3B,cold 4bettor,cold_4bet,open + 3bet,tight 3bettor,87s,4bet,0,,0,,0,100,Live Poker Preflop Guide (2026),2026-01-06,24:53,,no
COLD 4B vs TIGHT 3B,cold 4bettor,cold_4bet,open + 3bet,tight 3bettor,86s,4bet,0,,0,,0,100,Live Poker Preflop Guide (2026),2026-01-06,24:53,,no
COLD 4B vs TIGHT 3B,cold 4bettor,cold_4bet,open + 3bet,tight 3bettor,85s,4bet,0,,0,,0,100,Live Poker Preflop Guide (2026),2026-01-06,24:53,,no
COLD 4B vs TIGHT 3B,cold 4bettor,cold_4bet,open + 3bet,tight 3bettor,84s,4bet,0,,0,,0,100,Live Poker Preflop Guide (2026),2026-01-06,24:53,,no
COLD 4B vs TIGHT 3B,cold 4bettor,cold_4bet,open + 3bet,tight 3bettor,83s,4bet,0,,0,,0,100,Live Poker Preflop Guide (2026),2026-01-06,24:53,,no
COLD 4B vs TIGHT 3B,cold 4bettor,cold_4bet,open + 3bet,tight 3bettor,82s,4bet,0,,0,,0,100,Live Poker Preflop Guide (2026),2026-01-06,24:53,,no
COLD 4B vs TIGHT 3B,cold 4bettor,cold_4bet,open + 3bet,tight 3bettor,A7o,4bet,0,,0,,0,100,Live Poker Preflop Guide (2026),2026-01-06,24:53,,no
COLD 4B vs TIGHT 3B,cold 4bettor,cold_4bet,open + 3bet,tight 3bettor,K7o,4bet,0,,0,,0,100,Live Poker Preflop Guide (2026),2026-01-06,24:53,,no
COLD 4B vs TIGHT 3B,cold 4bettor,cold_4bet,open + 3bet,tight 3bettor,Q7o,4bet,0,,0,,0,100,Live Poker Preflop Guide (2026),2026-01-06,24:53,,no
COLD 4B vs TIGHT 3B,cold 4bettor,cold_4bet,open + 3bet,tight 3bettor,J7o,4bet,0,,0,,0,100,Live Poker Preflop Guide (2026),2026-01-06,24:53,,no
COLD 4B vs TIGHT 3B,cold 4bettor,cold_4bet,open + 3bet,tight 3bettor,T7o,4bet,0,,0,,0,100,Live Poker Preflop Guide (2026),2026-01-06,24:53,,no
COLD 4B vs TIGHT 3B,cold 4bettor,cold_4bet,open + 3bet,tight 3bettor,97o,4bet,0,,0,,0,100,Live Poker Preflop Guide (2026),2026-01-06,24:53,,no
COLD 4B vs TIGHT 3B,cold 4bettor,cold_4bet,open + 3bet,tight 3bettor,87o,4bet,0,,0,,0,100,Live Poker Preflop Guide (2026),2026-01-06,24:53,,no
COLD 4B vs TIGHT 3B,cold 4bettor,cold_4bet,open + 3bet,tight 3bettor,77,4bet,0,,0,,0,100,Live Poker Preflop Guide (2026),2026-01-06,24:53,,no
COLD 4B vs TIGHT 3B,cold 4bettor,cold_4bet,open + 3bet,tight 3bettor,76s,4bet,0,,0,,0,100,Live Poker Preflop Guide (2026),2026-01-06,24:53,,no
COLD 4B vs TIGHT 3B,cold 4bettor,cold_4bet,open + 3bet,tight 3bettor,75s,4bet,0,,0,,0,100,Live Poker Preflop Guide (2026),2026-01-06,24:53,,no
COLD 4B vs TIGHT 3B,cold 4bettor,cold_4bet,open + 3bet,tight 3bettor,74s,4bet,0,,0,,0,100,Live Poker Preflop Guide (2026),2026-01-06,24:53,,no
COLD 4B vs TIGHT 3B,cold 4bettor,cold_4bet,open + 3bet,tight 3bettor,73s,4bet,0,,0,,0,100,Live Poker Preflop Guide (2026),2026-01-06,24:53,,no
COLD 4B vs TIGHT 3B,cold 4bettor,cold_4bet,open + 3bet,tight 3bettor,72s,4bet,0,,0,,0,100,Live Poker Preflop Guide (2026),2026-01-06,24:53,,no
COLD 4B vs TIGHT 3B,cold 4bettor,cold_4bet,open + 3bet,tight 3bettor,A6o,4bet,0,,0,,0,100,Live Poker Preflop Guide (2026),2026-01-06,24:53,,no
COLD 4B vs TIGHT 3B,cold 4bettor,cold_4bet,open + 3bet,tight 3bettor,K6o,4bet,0,,0,,0,100,Live Poker Preflop Guide (2026),2026-01-06,24:53,,no
COLD 4B vs TIGHT 3B,cold 4bettor,cold_4bet,open + 3bet,tight 3bettor,Q6o,4bet,0,,0,,0,100,Live Poker Preflop Guide (2026),2026-01-06,24:53,,no
COLD 4B vs TIGHT 3B,cold 4bettor,cold_4bet,open + 3bet,tight 3bettor,J6o,4bet,0,,0,,0,100,Live Poker Preflop Guide (2026),2026-01-06,24:53,,no
COLD 4B vs TIGHT 3B,cold 4bettor,cold_4bet,open + 3bet,tight 3bettor,T6o,4bet,0,,0,,0,100,Live Poker Preflop Guide (2026),2026-01-06,24:53,,no
COLD 4B vs TIGHT 3B,cold 4bettor,cold_4bet,open + 3bet,tight 3bettor,96o,4bet,0,,0,,0,100,Live Poker Preflop Guide (2026),2026-01-06,24:53,,no
COLD 4B vs TIGHT 3B,cold 4bettor,cold_4bet,open + 3bet,tight 3bettor,86o,4bet,0,,0,,0,100,Live Poker Preflop Guide (2026),2026-01-06,24:53,,no
COLD 4B vs TIGHT 3B,cold 4bettor,cold_4bet,open + 3bet,tight 3bettor,76o,4bet,0,,0,,0,100,Live Poker Preflop Guide (2026),2026-01-06,24:53,,no
COLD 4B vs TIGHT 3B,cold 4bettor,cold_4bet,open + 3bet,tight 3bettor,66,4bet,0,,0,,0,100,Live Poker Preflop Guide (2026),2026-01-06,24:53,,no
COLD 4B vs TIGHT 3B,cold 4bettor,cold_4bet,open + 3bet,tight 3bettor,65s,4bet,0,,0,,0,100,Live Poker Preflop Guide (2026),2026-01-06,24:53,,no
COLD 4B vs TIGHT 3B,cold 4bettor,cold_4bet,open + 3bet,tight 3bettor,64s,4bet,0,,0,,0,100,Live Poker Preflop Guide (2026),2026-01-06,24:53,,no
COLD 4B vs TIGHT 3B,cold 4bettor,cold_4bet,open + 3bet,tight 3bettor,63s,4bet,0,,0,,0,100,Live Poker Preflop Guide (2026),2026-01-06,24:53,,no
COLD 4B vs TIGHT 3B,cold 4bettor,cold_4bet,open + 3bet,tight 3bettor,62s,4bet,0,,0,,0,100,Live Poker Preflop Guide (2026),2026-01-06,24:53,,no
COLD 4B vs TIGHT 3B,cold 4bettor,cold_4bet,open + 3bet,tight 3bettor,A5o,4bet,0,,0,,0,100,Live Poker Preflop Guide (2026),2026-01-06,24:53,,no
COLD 4B vs TIGHT 3B,cold 4bettor,cold_4bet,open + 3bet,tight 3bettor,K5o,4bet,0,,0,,0,100,Live Poker Preflop Guide (2026),2026-01-06,24:53,,no
COLD 4B vs TIGHT 3B,cold 4bettor,cold_4bet,open + 3bet,tight 3bettor,Q5o,4bet,0,,0,,0,100,Live Poker Preflop Guide (2026),2026-01-06,24:53,,no
COLD 4B vs TIGHT 3B,cold 4bettor,cold_4bet,open + 3bet,tight 3bettor,J5o,4bet,0,,0,,0,100,Live Poker Preflop Guide (2026),2026-01-06,24:53,,no
COLD 4B vs TIGHT 3B,cold 4bettor,cold_4bet,open + 3bet,tight 3bettor,T5o,4bet,0,,0,,0,100,Live Poker Preflop Guide (2026),2026-01-06,24:53,,no
COLD 4B vs TIGHT 3B,cold 4bettor,cold_4bet,open + 3bet,tight 3bettor,95o,4bet,0,,0,,0,100,Live Poker Preflop Guide (2026),2026-01-06,24:53,,no
COLD 4B vs TIGHT 3B,cold 4bettor,cold_4bet,open + 3bet,tight 3bettor,85o,4bet,0,,0,,0,100,Live Poker Preflop Guide (2026),2026-01-06,24:53,,no
COLD 4B vs TIGHT 3B,cold 4bettor,cold_4bet,open + 3bet,tight 3bettor,75o,4bet,0,,0,,0,100,Live Poker Preflop Guide (2026),2026-01-06,24:53,,no
COLD 4B vs TIGHT 3B,cold 4bettor,cold_4bet,open + 3bet,tight 3bettor,65o,4bet,0,,0,,0,100,Live Poker Preflop Guide (2026),2026-01-06,24:53,,no
COLD 4B vs TIGHT 3B,cold 4bettor,cold_4bet,open + 3bet,tight 3bettor,55,4bet,0,,0,,0,100,Live Poker Preflop Guide (2026),2026-01-06,24:53,,no
COLD 4B vs TIGHT 3B,cold 4bettor,cold_4bet,open + 3bet,tight 3bettor,54s,4bet,0,,0,,0,100,Live Poker Preflop Guide (2026),2026-01-06,24:53,,no
COLD 4B vs TIGHT 3B,cold 4bettor,cold_4bet,open + 3bet,tight 3bettor,53s,4bet,0,,0,,0,100,Live Poker Preflop Guide (2026),2026-01-06,24:53,,no
COLD 4B vs TIGHT 3B,cold 4bettor,cold_4bet,open + 3bet,tight 3bettor,52s,4bet,0,,0,,0,100,Live Poker Preflop Guide (2026),2026-01-06,24:53,,no
COLD 4B vs TIGHT 3B,cold 4bettor,cold_4bet,open + 3bet,tight 3bettor,A4o,4bet,0,,0,,0,100,Live Poker Preflop Guide (2026),2026-01-06,24:53,,no
COLD 4B vs TIGHT 3B,cold 4bettor,cold_4bet,open + 3bet,tight 3bettor,K4o,4bet,0,,0,,0,100,Live Poker Preflop Guide (2026),2026-01-06,24:53,,no
COLD 4B vs TIGHT 3B,cold 4bettor,cold_4bet,open + 3bet,tight 3bettor,Q4o,4bet,0,,0,,0,100,Live Poker Preflop Guide (2026),2026-01-06,24:53,,no
COLD 4B vs TIGHT 3B,cold 4bettor,cold_4bet,open + 3bet,tight 3bettor,J4o,4bet,0,,0,,0,100,Live Poker Preflop Guide (2026),2026-01-06,24:53,,no
COLD 4B vs TIGHT 3B,cold 4bettor,cold_4bet,open + 3bet,tight 3bettor,T4o,4bet,0,,0,,0,100,Live Poker Preflop Guide (2026),2026-01-06,24:53,,no
COLD 4B vs TIGHT 3B,cold 4bettor,cold_4bet,open + 3bet,tight 3bettor,94o,4bet,0,,0,,0,100,Live Poker Preflop Guide (2026),2026-01-06,24:53,,no
COLD 4B vs TIGHT 3B,cold 4bettor,cold_4bet,open + 3bet,tight 3bettor,84o,4bet,0,,0,,0,100,Live Poker Preflop Guide (2026),2026-01-06,24:53,,no
COLD 4B vs TIGHT 3B,cold 4bettor,cold_4bet,open + 3bet,tight 3bettor,74o,4bet,0,,0,,0,100,Live Poker Preflop Guide (2026),2026-01-06,24:53,,no
COLD 4B vs TIGHT 3B,cold 4bettor,cold_4bet,open + 3bet,tight 3bettor,64o,4bet,0,,0,,0,100,Live Poker Preflop Guide (2026),2026-01-06,24:53,,no
COLD 4B vs TIGHT 3B,cold 4bettor,cold_4bet,open + 3bet,tight 3bettor,54o,4bet,0,,0,,0,100,Live Poker Preflop Guide (2026),2026-01-06,24:53,,no
COLD 4B vs TIGHT 3B,cold 4bettor,cold_4bet,open + 3bet,tight 3bettor,44,4bet,0,,0,,0,100,Live Poker Preflop Guide (2026),2026-01-06,24:53,,no
COLD 4B vs TIGHT 3B,cold 4bettor,cold_4bet,open + 3bet,tight 3bettor,43s,4bet,0,,0,,0,100,Live Poker Preflop Guide (2026),2026-01-06,24:53,,no
COLD 4B vs TIGHT 3B,cold 4bettor,cold_4bet,open + 3bet,tight 3bettor,42s,4bet,0,,0,,0,100,Live Poker Preflop Guide (2026),2026-01-06,24:53,,no
COLD 4B vs TIGHT 3B,cold 4bettor,cold_4bet,open + 3bet,tight 3bettor,A3o,4bet,0,,0,,0,100,Live Poker Preflop Guide (2026),2026-01-06,24:53,,no
COLD 4B vs TIGHT 3B,cold 4bettor,cold_4bet,open + 3bet,tight 3bettor,K3o,4bet,0,,0,,0,100,Live Poker Preflop Guide (2026),2026-01-06,24:53,,no
COLD 4B vs TIGHT 3B,cold 4bettor,cold_4bet,open + 3bet,tight 3bettor,Q3o,4bet,0,,0,,0,100,Live Poker Preflop Guide (2026),2026-01-06,24:53,,no
COLD 4B vs TIGHT 3B,cold 4bettor,cold_4bet,open + 3bet,tight 3bettor,J3o,4bet,0,,0,,0,100,Live Poker Preflop Guide (2026),2026-01-06,24:53,,no
COLD 4B vs TIGHT 3B,cold 4bettor,cold_4bet,open + 3bet,tight 3bettor,T3o,4bet,0,,0,,0,100,Live Poker Preflop Guide (2026),2026-01-06,24:53,,no
COLD 4B vs TIGHT 3B,cold 4bettor,cold_4bet,open + 3bet,tight 3bettor,93o,4bet,0,,0,,0,100,Live Poker Preflop Guide (2026),2026-01-06,24:53,,no
COLD 4B vs TIGHT 3B,cold 4bettor,cold_4bet,open + 3bet,tight 3bettor,83o,4bet,0,,0,,0,100,Live Poker Preflop Guide (2026),2026-01-06,24:53,,no
COLD 4B vs TIGHT 3B,cold 4bettor,cold_4bet,open + 3bet,tight 3bettor,73o,4bet,0,,0,,0,100,Live Poker Preflop Guide (2026),2026-01-06,24:53,,no
COLD 4B vs TIGHT 3B,cold 4bettor,cold_4bet,open + 3bet,tight 3bettor,63o,4bet,0,,0,,0,100,Live Poker Preflop Guide (2026),2026-01-06,24:53,,no
COLD 4B vs TIGHT 3B,cold 4bettor,cold_4bet,open + 3bet,tight 3bettor,53o,4bet,0,,0,,0,100,Live Poker Preflop Guide (2026),2026-01-06,24:53,,no
COLD 4B vs TIGHT 3B,cold 4bettor,cold_4bet,open + 3bet,tight 3bettor,43o,4bet,0,,0,,0,100,Live Poker Preflop Guide (2026),2026-01-06,24:53,,no
COLD 4B vs TIGHT 3B,cold 4bettor,cold_4bet,open + 3bet,tight 3bettor,33,4bet,0,,0,,0,100,Live Poker Preflop Guide (2026),2026-01-06,24:53,,no
COLD 4B vs TIGHT 3B,cold 4bettor,cold_4bet,open + 3bet,tight 3bettor,32s,4bet,0,,0,,0,100,Live Poker Preflop Guide (2026),2026-01-06,24:53,,no
COLD 4B vs TIGHT 3B,cold 4bettor,cold_4bet,open + 3bet,tight 3bettor,A2o,4bet,0,,0,,0,100,Live Poker Preflop Guide (2026),2026-01-06,24:53,,no
COLD 4B vs TIGHT 3B,cold 4bettor,cold_4bet,open + 3bet,tight 3bettor,K2o,4bet,0,,0,,0,100,Live Poker Preflop Guide (2026),2026-01-06,24:53,,no
COLD 4B vs TIGHT 3B,cold 4bettor,cold_4bet,open + 3bet,tight 3bettor,Q2o,4bet,0,,0,,0,100,Live Poker Preflop Guide (2026),2026-01-06,24:53,,no
COLD 4B vs TIGHT 3B,cold 4bettor,cold_4bet,open + 3bet,tight 3bettor,J2o,4bet,0,,0,,0,100,Live Poker Preflop Guide (2026),2026-01-06,24:53,,no
COLD 4B vs TIGHT 3B,cold 4bettor,cold_4bet,open + 3bet,tight 3bettor,T2o,4bet,0,,0,,0,100,Live Poker Preflop Guide (2026),2026-01-06,24:53,,no
COLD 4B vs TIGHT 3B,cold 4bettor,cold_4bet,open + 3bet,tight 3bettor,92o,4bet,0,,0,,0,100,Live Poker Preflop Guide (2026),2026-01-06,24:53,,no
COLD 4B vs TIGHT 3B,cold 4bettor,cold_4bet,open + 3bet,tight 3bettor,82o,4bet,0,,0,,0,100,Live Poker Preflop Guide (2026),2026-01-06,24:53,,no
COLD 4B vs TIGHT 3B,cold 4bettor,cold_4bet,open + 3bet,tight 3bettor,72o,4bet,0,,0,,0,100,Live Poker Preflop Guide (2026),2026-01-06,24:53,,no
COLD 4B vs TIGHT 3B,cold 4bettor,cold_4bet,open + 3bet,tight 3bettor,62o,4bet,0,,0,,0,100,Live Poker Preflop Guide (2026),2026-01-06,24:53,,no
COLD 4B vs TIGHT 3B,cold 4bettor,cold_4bet,open + 3bet,tight 3bettor,52o,4bet,0,,0,,0,100,Live Poker Preflop Guide (2026),2026-01-06,24:53,,no
COLD 4B vs TIGHT 3B,cold 4bettor,cold_4bet,open + 3bet,tight 3bettor,42o,4bet,0,,0,,0,100,Live Poker Preflop Guide (2026),2026-01-06,24:53,,no
COLD 4B vs TIGHT 3B,cold 4bettor,cold_4bet,open + 3bet,tight 3bettor,32o,4bet,0,,0,,0,100,Live Poker Preflop Guide (2026),2026-01-06,24:53,,no
COLD 4B vs TIGHT 3B,cold 4bettor,cold_4bet,open + 3bet,tight 3bettor,22,4bet,0,,0,,0,100,Live Poker Preflop Guide (2026),2026-01-06,24:53,,no
COLD 4B vs WIDE 3B,cold 4bettor,cold_4bet,open + 3bet,wide 3bettor,AA,4bet,100,,0,,0,0,Live Poker Preflop Guide (2026),2026-01-06,25:02,,no
COLD 4B vs WIDE 3B,cold 4bettor,cold_4bet,open + 3bet,wide 3bettor,AKs,4bet,100,,0,,0,0,Live Poker Preflop Guide (2026),2026-01-06,25:02,,no
COLD 4B vs WIDE 3B,cold 4bettor,cold_4bet,open + 3bet,wide 3bettor,AQs,4bet,100,,0,,0,0,Live Poker Preflop Guide (2026),2026-01-06,25:02,,no
COLD 4B vs WIDE 3B,cold 4bettor,cold_4bet,open + 3bet,wide 3bettor,AJs,4bet,50,,0,,0,50,Live Poker Preflop Guide (2026),2026-01-06,25:02,"SITUATIONAL (Mark): play this action when you have a bigger edge on the player, lower rake, or deeper stacks; leave it out with an aggressive 4-bettor behind.",yes
COLD 4B vs WIDE 3B,cold 4bettor,cold_4bet,open + 3bet,wide 3bettor,ATs,4bet,0,,0,,0,100,Live Poker Preflop Guide (2026),2026-01-06,25:02,,no
COLD 4B vs WIDE 3B,cold 4bettor,cold_4bet,open + 3bet,wide 3bettor,A9s,4bet,0,,0,,0,100,Live Poker Preflop Guide (2026),2026-01-06,25:02,,no
COLD 4B vs WIDE 3B,cold 4bettor,cold_4bet,open + 3bet,wide 3bettor,A8s,4bet,0,,0,,0,100,Live Poker Preflop Guide (2026),2026-01-06,25:02,,no
COLD 4B vs WIDE 3B,cold 4bettor,cold_4bet,open + 3bet,wide 3bettor,A7s,4bet,0,,0,,0,100,Live Poker Preflop Guide (2026),2026-01-06,25:02,,no
COLD 4B vs WIDE 3B,cold 4bettor,cold_4bet,open + 3bet,wide 3bettor,A6s,4bet,0,,0,,0,100,Live Poker Preflop Guide (2026),2026-01-06,25:02,,no
COLD 4B vs WIDE 3B,cold 4bettor,cold_4bet,open + 3bet,wide 3bettor,A5s,4bet,50,,0,,0,50,Live Poker Preflop Guide (2026),2026-01-06,25:02,"SITUATIONAL (Mark): play this action when you have a bigger edge on the player, lower rake, or deeper stacks; leave it out with an aggressive 4-bettor behind.",yes
COLD 4B vs WIDE 3B,cold 4bettor,cold_4bet,open + 3bet,wide 3bettor,A4s,4bet,0,,0,,0,100,Live Poker Preflop Guide (2026),2026-01-06,25:02,,no
COLD 4B vs WIDE 3B,cold 4bettor,cold_4bet,open + 3bet,wide 3bettor,A3s,4bet,0,,0,,0,100,Live Poker Preflop Guide (2026),2026-01-06,25:02,,no
COLD 4B vs WIDE 3B,cold 4bettor,cold_4bet,open + 3bet,wide 3bettor,A2s,4bet,0,,0,,0,100,Live Poker Preflop Guide (2026),2026-01-06,25:02,,no
COLD 4B vs WIDE 3B,cold 4bettor,cold_4bet,open + 3bet,wide 3bettor,AKo,4bet,100,,0,,0,0,Live Poker Preflop Guide (2026),2026-01-06,25:02,,no
COLD 4B vs WIDE 3B,cold 4bettor,cold_4bet,open + 3bet,wide 3bettor,KK,4bet,100,,0,,0,0,Live Poker Preflop Guide (2026),2026-01-06,25:02,,no
COLD 4B vs WIDE 3B,cold 4bettor,cold_4bet,open + 3bet,wide 3bettor,KQs,4bet,100,,0,,0,0,Live Poker Preflop Guide (2026),2026-01-06,25:02,,no
COLD 4B vs WIDE 3B,cold 4bettor,cold_4bet,open + 3bet,wide 3bettor,KJs,4bet,50,,0,,0,50,Live Poker Preflop Guide (2026),2026-01-06,25:02,"SITUATIONAL (Mark): play this action when you have a bigger edge on the player, lower rake, or deeper stacks; leave it out with an aggressive 4-bettor behind.",yes
COLD 4B vs WIDE 3B,cold 4bettor,cold_4bet,open + 3bet,wide 3bettor,KTs,4bet,0,,0,,0,100,Live Poker Preflop Guide (2026),2026-01-06,25:02,,no
COLD 4B vs WIDE 3B,cold 4bettor,cold_4bet,open + 3bet,wide 3bettor,K9s,4bet,0,,0,,0,100,Live Poker Preflop Guide (2026),2026-01-06,25:02,,no
COLD 4B vs WIDE 3B,cold 4bettor,cold_4bet,open + 3bet,wide 3bettor,K8s,4bet,0,,0,,0,100,Live Poker Preflop Guide (2026),2026-01-06,25:02,,no
COLD 4B vs WIDE 3B,cold 4bettor,cold_4bet,open + 3bet,wide 3bettor,K7s,4bet,0,,0,,0,100,Live Poker Preflop Guide (2026),2026-01-06,25:02,,no
COLD 4B vs WIDE 3B,cold 4bettor,cold_4bet,open + 3bet,wide 3bettor,K6s,4bet,0,,0,,0,100,Live Poker Preflop Guide (2026),2026-01-06,25:02,,no
COLD 4B vs WIDE 3B,cold 4bettor,cold_4bet,open + 3bet,wide 3bettor,K5s,4bet,0,,0,,0,100,Live Poker Preflop Guide (2026),2026-01-06,25:02,,no
COLD 4B vs WIDE 3B,cold 4bettor,cold_4bet,open + 3bet,wide 3bettor,K4s,4bet,0,,0,,0,100,Live Poker Preflop Guide (2026),2026-01-06,25:02,,no
COLD 4B vs WIDE 3B,cold 4bettor,cold_4bet,open + 3bet,wide 3bettor,K3s,4bet,0,,0,,0,100,Live Poker Preflop Guide (2026),2026-01-06,25:02,,no
COLD 4B vs WIDE 3B,cold 4bettor,cold_4bet,open + 3bet,wide 3bettor,K2s,4bet,0,,0,,0,100,Live Poker Preflop Guide (2026),2026-01-06,25:02,,no
COLD 4B vs WIDE 3B,cold 4bettor,cold_4bet,open + 3bet,wide 3bettor,AQo,4bet,50,,0,,0,50,Live Poker Preflop Guide (2026),2026-01-06,25:02,"SITUATIONAL (Mark): play this action when you have a bigger edge on the player, lower rake, or deeper stacks; leave it out with an aggressive 4-bettor behind.",yes
COLD 4B vs WIDE 3B,cold 4bettor,cold_4bet,open + 3bet,wide 3bettor,KQo,4bet,0,,0,,0,100,Live Poker Preflop Guide (2026),2026-01-06,25:02,,no
COLD 4B vs WIDE 3B,cold 4bettor,cold_4bet,open + 3bet,wide 3bettor,QQ,4bet,100,,0,,0,0,Live Poker Preflop Guide (2026),2026-01-06,25:02,,no
COLD 4B vs WIDE 3B,cold 4bettor,cold_4bet,open + 3bet,wide 3bettor,QJs,4bet,0,,0,,0,100,Live Poker Preflop Guide (2026),2026-01-06,25:02,,no
COLD 4B vs WIDE 3B,cold 4bettor,cold_4bet,open + 3bet,wide 3bettor,QTs,4bet,0,,0,,0,100,Live Poker Preflop Guide (2026),2026-01-06,25:02,,no
COLD 4B vs WIDE 3B,cold 4bettor,cold_4bet,open + 3bet,wide 3bettor,Q9s,4bet,0,,0,,0,100,Live Poker Preflop Guide (2026),2026-01-06,25:02,,no
COLD 4B vs WIDE 3B,cold 4bettor,cold_4bet,open + 3bet,wide 3bettor,Q8s,4bet,0,,0,,0,100,Live Poker Preflop Guide (2026),2026-01-06,25:02,,no
COLD 4B vs WIDE 3B,cold 4bettor,cold_4bet,open + 3bet,wide 3bettor,Q7s,4bet,0,,0,,0,100,Live Poker Preflop Guide (2026),2026-01-06,25:02,,no
COLD 4B vs WIDE 3B,cold 4bettor,cold_4bet,open + 3bet,wide 3bettor,Q6s,4bet,0,,0,,0,100,Live Poker Preflop Guide (2026),2026-01-06,25:02,,no
COLD 4B vs WIDE 3B,cold 4bettor,cold_4bet,open + 3bet,wide 3bettor,Q5s,4bet,0,,0,,0,100,Live Poker Preflop Guide (2026),2026-01-06,25:02,,no
COLD 4B vs WIDE 3B,cold 4bettor,cold_4bet,open + 3bet,wide 3bettor,Q4s,4bet,0,,0,,0,100,Live Poker Preflop Guide (2026),2026-01-06,25:02,,no
COLD 4B vs WIDE 3B,cold 4bettor,cold_4bet,open + 3bet,wide 3bettor,Q3s,4bet,0,,0,,0,100,Live Poker Preflop Guide (2026),2026-01-06,25:02,,no
COLD 4B vs WIDE 3B,cold 4bettor,cold_4bet,open + 3bet,wide 3bettor,Q2s,4bet,0,,0,,0,100,Live Poker Preflop Guide (2026),2026-01-06,25:02,,no
COLD 4B vs WIDE 3B,cold 4bettor,cold_4bet,open + 3bet,wide 3bettor,AJo,4bet,0,,0,,0,100,Live Poker Preflop Guide (2026),2026-01-06,25:02,,no
COLD 4B vs WIDE 3B,cold 4bettor,cold_4bet,open + 3bet,wide 3bettor,KJo,4bet,0,,0,,0,100,Live Poker Preflop Guide (2026),2026-01-06,25:02,,no
COLD 4B vs WIDE 3B,cold 4bettor,cold_4bet,open + 3bet,wide 3bettor,QJo,4bet,0,,0,,0,100,Live Poker Preflop Guide (2026),2026-01-06,25:02,,no
COLD 4B vs WIDE 3B,cold 4bettor,cold_4bet,open + 3bet,wide 3bettor,JJ,4bet,100,,0,,0,0,Live Poker Preflop Guide (2026),2026-01-06,25:02,,no
COLD 4B vs WIDE 3B,cold 4bettor,cold_4bet,open + 3bet,wide 3bettor,JTs,4bet,0,,0,,0,100,Live Poker Preflop Guide (2026),2026-01-06,25:02,,no
COLD 4B vs WIDE 3B,cold 4bettor,cold_4bet,open + 3bet,wide 3bettor,J9s,4bet,0,,0,,0,100,Live Poker Preflop Guide (2026),2026-01-06,25:02,,no
COLD 4B vs WIDE 3B,cold 4bettor,cold_4bet,open + 3bet,wide 3bettor,J8s,4bet,0,,0,,0,100,Live Poker Preflop Guide (2026),2026-01-06,25:02,,no
COLD 4B vs WIDE 3B,cold 4bettor,cold_4bet,open + 3bet,wide 3bettor,J7s,4bet,0,,0,,0,100,Live Poker Preflop Guide (2026),2026-01-06,25:02,,no
COLD 4B vs WIDE 3B,cold 4bettor,cold_4bet,open + 3bet,wide 3bettor,J6s,4bet,0,,0,,0,100,Live Poker Preflop Guide (2026),2026-01-06,25:02,,no
COLD 4B vs WIDE 3B,cold 4bettor,cold_4bet,open + 3bet,wide 3bettor,J5s,4bet,0,,0,,0,100,Live Poker Preflop Guide (2026),2026-01-06,25:02,,no
COLD 4B vs WIDE 3B,cold 4bettor,cold_4bet,open + 3bet,wide 3bettor,J4s,4bet,0,,0,,0,100,Live Poker Preflop Guide (2026),2026-01-06,25:02,,no
COLD 4B vs WIDE 3B,cold 4bettor,cold_4bet,open + 3bet,wide 3bettor,J3s,4bet,0,,0,,0,100,Live Poker Preflop Guide (2026),2026-01-06,25:02,,no
COLD 4B vs WIDE 3B,cold 4bettor,cold_4bet,open + 3bet,wide 3bettor,J2s,4bet,0,,0,,0,100,Live Poker Preflop Guide (2026),2026-01-06,25:02,,no
COLD 4B vs WIDE 3B,cold 4bettor,cold_4bet,open + 3bet,wide 3bettor,ATo,4bet,0,,0,,0,100,Live Poker Preflop Guide (2026),2026-01-06,25:02,,no
COLD 4B vs WIDE 3B,cold 4bettor,cold_4bet,open + 3bet,wide 3bettor,KTo,4bet,0,,0,,0,100,Live Poker Preflop Guide (2026),2026-01-06,25:02,,no
COLD 4B vs WIDE 3B,cold 4bettor,cold_4bet,open + 3bet,wide 3bettor,QTo,4bet,0,,0,,0,100,Live Poker Preflop Guide (2026),2026-01-06,25:02,,no
COLD 4B vs WIDE 3B,cold 4bettor,cold_4bet,open + 3bet,wide 3bettor,JTo,4bet,0,,0,,0,100,Live Poker Preflop Guide (2026),2026-01-06,25:02,,no
COLD 4B vs WIDE 3B,cold 4bettor,cold_4bet,open + 3bet,wide 3bettor,TT,4bet,100,,0,,0,0,Live Poker Preflop Guide (2026),2026-01-06,25:02,,no
COLD 4B vs WIDE 3B,cold 4bettor,cold_4bet,open + 3bet,wide 3bettor,T9s,4bet,0,,0,,0,100,Live Poker Preflop Guide (2026),2026-01-06,25:02,,no
COLD 4B vs WIDE 3B,cold 4bettor,cold_4bet,open + 3bet,wide 3bettor,T8s,4bet,0,,0,,0,100,Live Poker Preflop Guide (2026),2026-01-06,25:02,,no
COLD 4B vs WIDE 3B,cold 4bettor,cold_4bet,open + 3bet,wide 3bettor,T7s,4bet,0,,0,,0,100,Live Poker Preflop Guide (2026),2026-01-06,25:02,,no
COLD 4B vs WIDE 3B,cold 4bettor,cold_4bet,open + 3bet,wide 3bettor,T6s,4bet,0,,0,,0,100,Live Poker Preflop Guide (2026),2026-01-06,25:02,,no
COLD 4B vs WIDE 3B,cold 4bettor,cold_4bet,open + 3bet,wide 3bettor,T5s,4bet,0,,0,,0,100,Live Poker Preflop Guide (2026),2026-01-06,25:02,,no
COLD 4B vs WIDE 3B,cold 4bettor,cold_4bet,open + 3bet,wide 3bettor,T4s,4bet,0,,0,,0,100,Live Poker Preflop Guide (2026),2026-01-06,25:02,,no
COLD 4B vs WIDE 3B,cold 4bettor,cold_4bet,open + 3bet,wide 3bettor,T3s,4bet,0,,0,,0,100,Live Poker Preflop Guide (2026),2026-01-06,25:02,,no
COLD 4B vs WIDE 3B,cold 4bettor,cold_4bet,open + 3bet,wide 3bettor,T2s,4bet,0,,0,,0,100,Live Poker Preflop Guide (2026),2026-01-06,25:02,,no
COLD 4B vs WIDE 3B,cold 4bettor,cold_4bet,open + 3bet,wide 3bettor,A9o,4bet,0,,0,,0,100,Live Poker Preflop Guide (2026),2026-01-06,25:02,,no
COLD 4B vs WIDE 3B,cold 4bettor,cold_4bet,open + 3bet,wide 3bettor,K9o,4bet,0,,0,,0,100,Live Poker Preflop Guide (2026),2026-01-06,25:02,,no
COLD 4B vs WIDE 3B,cold 4bettor,cold_4bet,open + 3bet,wide 3bettor,Q9o,4bet,0,,0,,0,100,Live Poker Preflop Guide (2026),2026-01-06,25:02,,no
COLD 4B vs WIDE 3B,cold 4bettor,cold_4bet,open + 3bet,wide 3bettor,J9o,4bet,0,,0,,0,100,Live Poker Preflop Guide (2026),2026-01-06,25:02,,no
COLD 4B vs WIDE 3B,cold 4bettor,cold_4bet,open + 3bet,wide 3bettor,T9o,4bet,0,,0,,0,100,Live Poker Preflop Guide (2026),2026-01-06,25:02,,no
COLD 4B vs WIDE 3B,cold 4bettor,cold_4bet,open + 3bet,wide 3bettor,99,4bet,0,,0,,0,100,Live Poker Preflop Guide (2026),2026-01-06,25:02,,no
COLD 4B vs WIDE 3B,cold 4bettor,cold_4bet,open + 3bet,wide 3bettor,98s,4bet,0,,0,,0,100,Live Poker Preflop Guide (2026),2026-01-06,25:02,,no
COLD 4B vs WIDE 3B,cold 4bettor,cold_4bet,open + 3bet,wide 3bettor,97s,4bet,0,,0,,0,100,Live Poker Preflop Guide (2026),2026-01-06,25:02,,no
COLD 4B vs WIDE 3B,cold 4bettor,cold_4bet,open + 3bet,wide 3bettor,96s,4bet,0,,0,,0,100,Live Poker Preflop Guide (2026),2026-01-06,25:02,,no
COLD 4B vs WIDE 3B,cold 4bettor,cold_4bet,open + 3bet,wide 3bettor,95s,4bet,0,,0,,0,100,Live Poker Preflop Guide (2026),2026-01-06,25:02,,no
COLD 4B vs WIDE 3B,cold 4bettor,cold_4bet,open + 3bet,wide 3bettor,94s,4bet,0,,0,,0,100,Live Poker Preflop Guide (2026),2026-01-06,25:02,,no
COLD 4B vs WIDE 3B,cold 4bettor,cold_4bet,open + 3bet,wide 3bettor,93s,4bet,0,,0,,0,100,Live Poker Preflop Guide (2026),2026-01-06,25:02,,no
COLD 4B vs WIDE 3B,cold 4bettor,cold_4bet,open + 3bet,wide 3bettor,92s,4bet,0,,0,,0,100,Live Poker Preflop Guide (2026),2026-01-06,25:02,,no
COLD 4B vs WIDE 3B,cold 4bettor,cold_4bet,open + 3bet,wide 3bettor,A8o,4bet,0,,0,,0,100,Live Poker Preflop Guide (2026),2026-01-06,25:02,,no
COLD 4B vs WIDE 3B,cold 4bettor,cold_4bet,open + 3bet,wide 3bettor,K8o,4bet,0,,0,,0,100,Live Poker Preflop Guide (2026),2026-01-06,25:02,,no
COLD 4B vs WIDE 3B,cold 4bettor,cold_4bet,open + 3bet,wide 3bettor,Q8o,4bet,0,,0,,0,100,Live Poker Preflop Guide (2026),2026-01-06,25:02,,no
COLD 4B vs WIDE 3B,cold 4bettor,cold_4bet,open + 3bet,wide 3bettor,J8o,4bet,0,,0,,0,100,Live Poker Preflop Guide (2026),2026-01-06,25:02,,no
COLD 4B vs WIDE 3B,cold 4bettor,cold_4bet,open + 3bet,wide 3bettor,T8o,4bet,0,,0,,0,100,Live Poker Preflop Guide (2026),2026-01-06,25:02,,no
COLD 4B vs WIDE 3B,cold 4bettor,cold_4bet,open + 3bet,wide 3bettor,98o,4bet,0,,0,,0,100,Live Poker Preflop Guide (2026),2026-01-06,25:02,,no
COLD 4B vs WIDE 3B,cold 4bettor,cold_4bet,open + 3bet,wide 3bettor,88,4bet,0,,0,,0,100,Live Poker Preflop Guide (2026),2026-01-06,25:02,,no
COLD 4B vs WIDE 3B,cold 4bettor,cold_4bet,open + 3bet,wide 3bettor,87s,4bet,0,,0,,0,100,Live Poker Preflop Guide (2026),2026-01-06,25:02,,no
COLD 4B vs WIDE 3B,cold 4bettor,cold_4bet,open + 3bet,wide 3bettor,86s,4bet,0,,0,,0,100,Live Poker Preflop Guide (2026),2026-01-06,25:02,,no
COLD 4B vs WIDE 3B,cold 4bettor,cold_4bet,open + 3bet,wide 3bettor,85s,4bet,0,,0,,0,100,Live Poker Preflop Guide (2026),2026-01-06,25:02,,no
COLD 4B vs WIDE 3B,cold 4bettor,cold_4bet,open + 3bet,wide 3bettor,84s,4bet,0,,0,,0,100,Live Poker Preflop Guide (2026),2026-01-06,25:02,,no
COLD 4B vs WIDE 3B,cold 4bettor,cold_4bet,open + 3bet,wide 3bettor,83s,4bet,0,,0,,0,100,Live Poker Preflop Guide (2026),2026-01-06,25:02,,no
COLD 4B vs WIDE 3B,cold 4bettor,cold_4bet,open + 3bet,wide 3bettor,82s,4bet,0,,0,,0,100,Live Poker Preflop Guide (2026),2026-01-06,25:02,,no
COLD 4B vs WIDE 3B,cold 4bettor,cold_4bet,open + 3bet,wide 3bettor,A7o,4bet,0,,0,,0,100,Live Poker Preflop Guide (2026),2026-01-06,25:02,,no
COLD 4B vs WIDE 3B,cold 4bettor,cold_4bet,open + 3bet,wide 3bettor,K7o,4bet,0,,0,,0,100,Live Poker Preflop Guide (2026),2026-01-06,25:02,,no
COLD 4B vs WIDE 3B,cold 4bettor,cold_4bet,open + 3bet,wide 3bettor,Q7o,4bet,0,,0,,0,100,Live Poker Preflop Guide (2026),2026-01-06,25:02,,no
COLD 4B vs WIDE 3B,cold 4bettor,cold_4bet,open + 3bet,wide 3bettor,J7o,4bet,0,,0,,0,100,Live Poker Preflop Guide (2026),2026-01-06,25:02,,no
COLD 4B vs WIDE 3B,cold 4bettor,cold_4bet,open + 3bet,wide 3bettor,T7o,4bet,0,,0,,0,100,Live Poker Preflop Guide (2026),2026-01-06,25:02,,no
COLD 4B vs WIDE 3B,cold 4bettor,cold_4bet,open + 3bet,wide 3bettor,97o,4bet,0,,0,,0,100,Live Poker Preflop Guide (2026),2026-01-06,25:02,,no
COLD 4B vs WIDE 3B,cold 4bettor,cold_4bet,open + 3bet,wide 3bettor,87o,4bet,0,,0,,0,100,Live Poker Preflop Guide (2026),2026-01-06,25:02,,no
COLD 4B vs WIDE 3B,cold 4bettor,cold_4bet,open + 3bet,wide 3bettor,77,4bet,0,,0,,0,100,Live Poker Preflop Guide (2026),2026-01-06,25:02,,no
COLD 4B vs WIDE 3B,cold 4bettor,cold_4bet,open + 3bet,wide 3bettor,76s,4bet,0,,0,,0,100,Live Poker Preflop Guide (2026),2026-01-06,25:02,,no
COLD 4B vs WIDE 3B,cold 4bettor,cold_4bet,open + 3bet,wide 3bettor,75s,4bet,0,,0,,0,100,Live Poker Preflop Guide (2026),2026-01-06,25:02,,no
COLD 4B vs WIDE 3B,cold 4bettor,cold_4bet,open + 3bet,wide 3bettor,74s,4bet,0,,0,,0,100,Live Poker Preflop Guide (2026),2026-01-06,25:02,,no
COLD 4B vs WIDE 3B,cold 4bettor,cold_4bet,open + 3bet,wide 3bettor,73s,4bet,0,,0,,0,100,Live Poker Preflop Guide (2026),2026-01-06,25:02,,no
COLD 4B vs WIDE 3B,cold 4bettor,cold_4bet,open + 3bet,wide 3bettor,72s,4bet,0,,0,,0,100,Live Poker Preflop Guide (2026),2026-01-06,25:02,,no
COLD 4B vs WIDE 3B,cold 4bettor,cold_4bet,open + 3bet,wide 3bettor,A6o,4bet,0,,0,,0,100,Live Poker Preflop Guide (2026),2026-01-06,25:02,,no
COLD 4B vs WIDE 3B,cold 4bettor,cold_4bet,open + 3bet,wide 3bettor,K6o,4bet,0,,0,,0,100,Live Poker Preflop Guide (2026),2026-01-06,25:02,,no
COLD 4B vs WIDE 3B,cold 4bettor,cold_4bet,open + 3bet,wide 3bettor,Q6o,4bet,0,,0,,0,100,Live Poker Preflop Guide (2026),2026-01-06,25:02,,no
COLD 4B vs WIDE 3B,cold 4bettor,cold_4bet,open + 3bet,wide 3bettor,J6o,4bet,0,,0,,0,100,Live Poker Preflop Guide (2026),2026-01-06,25:02,,no
COLD 4B vs WIDE 3B,cold 4bettor,cold_4bet,open + 3bet,wide 3bettor,T6o,4bet,0,,0,,0,100,Live Poker Preflop Guide (2026),2026-01-06,25:02,,no
COLD 4B vs WIDE 3B,cold 4bettor,cold_4bet,open + 3bet,wide 3bettor,96o,4bet,0,,0,,0,100,Live Poker Preflop Guide (2026),2026-01-06,25:02,,no
COLD 4B vs WIDE 3B,cold 4bettor,cold_4bet,open + 3bet,wide 3bettor,86o,4bet,0,,0,,0,100,Live Poker Preflop Guide (2026),2026-01-06,25:02,,no
COLD 4B vs WIDE 3B,cold 4bettor,cold_4bet,open + 3bet,wide 3bettor,76o,4bet,0,,0,,0,100,Live Poker Preflop Guide (2026),2026-01-06,25:02,,no
COLD 4B vs WIDE 3B,cold 4bettor,cold_4bet,open + 3bet,wide 3bettor,66,4bet,0,,0,,0,100,Live Poker Preflop Guide (2026),2026-01-06,25:02,,no
COLD 4B vs WIDE 3B,cold 4bettor,cold_4bet,open + 3bet,wide 3bettor,65s,4bet,0,,0,,0,100,Live Poker Preflop Guide (2026),2026-01-06,25:02,,no
COLD 4B vs WIDE 3B,cold 4bettor,cold_4bet,open + 3bet,wide 3bettor,64s,4bet,0,,0,,0,100,Live Poker Preflop Guide (2026),2026-01-06,25:02,,no
COLD 4B vs WIDE 3B,cold 4bettor,cold_4bet,open + 3bet,wide 3bettor,63s,4bet,0,,0,,0,100,Live Poker Preflop Guide (2026),2026-01-06,25:02,,no
COLD 4B vs WIDE 3B,cold 4bettor,cold_4bet,open + 3bet,wide 3bettor,62s,4bet,0,,0,,0,100,Live Poker Preflop Guide (2026),2026-01-06,25:02,,no
COLD 4B vs WIDE 3B,cold 4bettor,cold_4bet,open + 3bet,wide 3bettor,A5o,4bet,0,,0,,0,100,Live Poker Preflop Guide (2026),2026-01-06,25:02,,no
COLD 4B vs WIDE 3B,cold 4bettor,cold_4bet,open + 3bet,wide 3bettor,K5o,4bet,0,,0,,0,100,Live Poker Preflop Guide (2026),2026-01-06,25:02,,no
COLD 4B vs WIDE 3B,cold 4bettor,cold_4bet,open + 3bet,wide 3bettor,Q5o,4bet,0,,0,,0,100,Live Poker Preflop Guide (2026),2026-01-06,25:02,,no
COLD 4B vs WIDE 3B,cold 4bettor,cold_4bet,open + 3bet,wide 3bettor,J5o,4bet,0,,0,,0,100,Live Poker Preflop Guide (2026),2026-01-06,25:02,,no
COLD 4B vs WIDE 3B,cold 4bettor,cold_4bet,open + 3bet,wide 3bettor,T5o,4bet,0,,0,,0,100,Live Poker Preflop Guide (2026),2026-01-06,25:02,,no
COLD 4B vs WIDE 3B,cold 4bettor,cold_4bet,open + 3bet,wide 3bettor,95o,4bet,0,,0,,0,100,Live Poker Preflop Guide (2026),2026-01-06,25:02,,no
COLD 4B vs WIDE 3B,cold 4bettor,cold_4bet,open + 3bet,wide 3bettor,85o,4bet,0,,0,,0,100,Live Poker Preflop Guide (2026),2026-01-06,25:02,,no
COLD 4B vs WIDE 3B,cold 4bettor,cold_4bet,open + 3bet,wide 3bettor,75o,4bet,0,,0,,0,100,Live Poker Preflop Guide (2026),2026-01-06,25:02,,no
COLD 4B vs WIDE 3B,cold 4bettor,cold_4bet,open + 3bet,wide 3bettor,65o,4bet,0,,0,,0,100,Live Poker Preflop Guide (2026),2026-01-06,25:02,,no
COLD 4B vs WIDE 3B,cold 4bettor,cold_4bet,open + 3bet,wide 3bettor,55,4bet,0,,0,,0,100,Live Poker Preflop Guide (2026),2026-01-06,25:02,,no
COLD 4B vs WIDE 3B,cold 4bettor,cold_4bet,open + 3bet,wide 3bettor,54s,4bet,0,,0,,0,100,Live Poker Preflop Guide (2026),2026-01-06,25:02,,no
COLD 4B vs WIDE 3B,cold 4bettor,cold_4bet,open + 3bet,wide 3bettor,53s,4bet,0,,0,,0,100,Live Poker Preflop Guide (2026),2026-01-06,25:02,,no
COLD 4B vs WIDE 3B,cold 4bettor,cold_4bet,open + 3bet,wide 3bettor,52s,4bet,0,,0,,0,100,Live Poker Preflop Guide (2026),2026-01-06,25:02,,no
COLD 4B vs WIDE 3B,cold 4bettor,cold_4bet,open + 3bet,wide 3bettor,A4o,4bet,0,,0,,0,100,Live Poker Preflop Guide (2026),2026-01-06,25:02,,no
COLD 4B vs WIDE 3B,cold 4bettor,cold_4bet,open + 3bet,wide 3bettor,K4o,4bet,0,,0,,0,100,Live Poker Preflop Guide (2026),2026-01-06,25:02,,no
COLD 4B vs WIDE 3B,cold 4bettor,cold_4bet,open + 3bet,wide 3bettor,Q4o,4bet,0,,0,,0,100,Live Poker Preflop Guide (2026),2026-01-06,25:02,,no
COLD 4B vs WIDE 3B,cold 4bettor,cold_4bet,open + 3bet,wide 3bettor,J4o,4bet,0,,0,,0,100,Live Poker Preflop Guide (2026),2026-01-06,25:02,,no
COLD 4B vs WIDE 3B,cold 4bettor,cold_4bet,open + 3bet,wide 3bettor,T4o,4bet,0,,0,,0,100,Live Poker Preflop Guide (2026),2026-01-06,25:02,,no
COLD 4B vs WIDE 3B,cold 4bettor,cold_4bet,open + 3bet,wide 3bettor,94o,4bet,0,,0,,0,100,Live Poker Preflop Guide (2026),2026-01-06,25:02,,no
COLD 4B vs WIDE 3B,cold 4bettor,cold_4bet,open + 3bet,wide 3bettor,84o,4bet,0,,0,,0,100,Live Poker Preflop Guide (2026),2026-01-06,25:02,,no
COLD 4B vs WIDE 3B,cold 4bettor,cold_4bet,open + 3bet,wide 3bettor,74o,4bet,0,,0,,0,100,Live Poker Preflop Guide (2026),2026-01-06,25:02,,no
COLD 4B vs WIDE 3B,cold 4bettor,cold_4bet,open + 3bet,wide 3bettor,64o,4bet,0,,0,,0,100,Live Poker Preflop Guide (2026),2026-01-06,25:02,,no
COLD 4B vs WIDE 3B,cold 4bettor,cold_4bet,open + 3bet,wide 3bettor,54o,4bet,0,,0,,0,100,Live Poker Preflop Guide (2026),2026-01-06,25:02,,no
COLD 4B vs WIDE 3B,cold 4bettor,cold_4bet,open + 3bet,wide 3bettor,44,4bet,0,,0,,0,100,Live Poker Preflop Guide (2026),2026-01-06,25:02,,no
COLD 4B vs WIDE 3B,cold 4bettor,cold_4bet,open + 3bet,wide 3bettor,43s,4bet,0,,0,,0,100,Live Poker Preflop Guide (2026),2026-01-06,25:02,,no
COLD 4B vs WIDE 3B,cold 4bettor,cold_4bet,open + 3bet,wide 3bettor,42s,4bet,0,,0,,0,100,Live Poker Preflop Guide (2026),2026-01-06,25:02,,no
COLD 4B vs WIDE 3B,cold 4bettor,cold_4bet,open + 3bet,wide 3bettor,A3o,4bet,0,,0,,0,100,Live Poker Preflop Guide (2026),2026-01-06,25:02,,no
COLD 4B vs WIDE 3B,cold 4bettor,cold_4bet,open + 3bet,wide 3bettor,K3o,4bet,0,,0,,0,100,Live Poker Preflop Guide (2026),2026-01-06,25:02,,no
COLD 4B vs WIDE 3B,cold 4bettor,cold_4bet,open + 3bet,wide 3bettor,Q3o,4bet,0,,0,,0,100,Live Poker Preflop Guide (2026),2026-01-06,25:02,,no
COLD 4B vs WIDE 3B,cold 4bettor,cold_4bet,open + 3bet,wide 3bettor,J3o,4bet,0,,0,,0,100,Live Poker Preflop Guide (2026),2026-01-06,25:02,,no
COLD 4B vs WIDE 3B,cold 4bettor,cold_4bet,open + 3bet,wide 3bettor,T3o,4bet,0,,0,,0,100,Live Poker Preflop Guide (2026),2026-01-06,25:02,,no
COLD 4B vs WIDE 3B,cold 4bettor,cold_4bet,open + 3bet,wide 3bettor,93o,4bet,0,,0,,0,100,Live Poker Preflop Guide (2026),2026-01-06,25:02,,no
COLD 4B vs WIDE 3B,cold 4bettor,cold_4bet,open + 3bet,wide 3bettor,83o,4bet,0,,0,,0,100,Live Poker Preflop Guide (2026),2026-01-06,25:02,,no
COLD 4B vs WIDE 3B,cold 4bettor,cold_4bet,open + 3bet,wide 3bettor,73o,4bet,0,,0,,0,100,Live Poker Preflop Guide (2026),2026-01-06,25:02,,no
COLD 4B vs WIDE 3B,cold 4bettor,cold_4bet,open + 3bet,wide 3bettor,63o,4bet,0,,0,,0,100,Live Poker Preflop Guide (2026),2026-01-06,25:02,,no
COLD 4B vs WIDE 3B,cold 4bettor,cold_4bet,open + 3bet,wide 3bettor,53o,4bet,0,,0,,0,100,Live Poker Preflop Guide (2026),2026-01-06,25:02,,no
COLD 4B vs WIDE 3B,cold 4bettor,cold_4bet,open + 3bet,wide 3bettor,43o,4bet,0,,0,,0,100,Live Poker Preflop Guide (2026),2026-01-06,25:02,,no
COLD 4B vs WIDE 3B,cold 4bettor,cold_4bet,open + 3bet,wide 3bettor,33,4bet,0,,0,,0,100,Live Poker Preflop Guide (2026),2026-01-06,25:02,,no
COLD 4B vs WIDE 3B,cold 4bettor,cold_4bet,open + 3bet,wide 3bettor,32s,4bet,0,,0,,0,100,Live Poker Preflop Guide (2026),2026-01-06,25:02,,no
COLD 4B vs WIDE 3B,cold 4bettor,cold_4bet,open + 3bet,wide 3bettor,A2o,4bet,0,,0,,0,100,Live Poker Preflop Guide (2026),2026-01-06,25:02,,no
COLD 4B vs WIDE 3B,cold 4bettor,cold_4bet,open + 3bet,wide 3bettor,K2o,4bet,0,,0,,0,100,Live Poker Preflop Guide (2026),2026-01-06,25:02,,no
COLD 4B vs WIDE 3B,cold 4bettor,cold_4bet,open + 3bet,wide 3bettor,Q2o,4bet,0,,0,,0,100,Live Poker Preflop Guide (2026),2026-01-06,25:02,,no
COLD 4B vs WIDE 3B,cold 4bettor,cold_4bet,open + 3bet,wide 3bettor,J2o,4bet,0,,0,,0,100,Live Poker Preflop Guide (2026),2026-01-06,25:02,,no
COLD 4B vs WIDE 3B,cold 4bettor,cold_4bet,open + 3bet,wide 3bettor,T2o,4bet,0,,0,,0,100,Live Poker Preflop Guide (2026),2026-01-06,25:02,,no
COLD 4B vs WIDE 3B,cold 4bettor,cold_4bet,open + 3bet,wide 3bettor,92o,4bet,0,,0,,0,100,Live Poker Preflop Guide (2026),2026-01-06,25:02,,no
COLD 4B vs WIDE 3B,cold 4bettor,cold_4bet,open + 3bet,wide 3bettor,82o,4bet,0,,0,,0,100,Live Poker Preflop Guide (2026),2026-01-06,25:02,,no
COLD 4B vs WIDE 3B,cold 4bettor,cold_4bet,open + 3bet,wide 3bettor,72o,4bet,0,,0,,0,100,Live Poker Preflop Guide (2026),2026-01-06,25:02,,no
COLD 4B vs WIDE 3B,cold 4bettor,cold_4bet,open + 3bet,wide 3bettor,62o,4bet,0,,0,,0,100,Live Poker Preflop Guide (2026),2026-01-06,25:02,,no
COLD 4B vs WIDE 3B,cold 4bettor,cold_4bet,open + 3bet,wide 3bettor,52o,4bet,0,,0,,0,100,Live Poker Preflop Guide (2026),2026-01-06,25:02,,no
COLD 4B vs WIDE 3B,cold 4bettor,cold_4bet,open + 3bet,wide 3bettor,42o,4bet,0,,0,,0,100,Live Poker Preflop Guide (2026),2026-01-06,25:02,,no
COLD 4B vs WIDE 3B,cold 4bettor,cold_4bet,open + 3bet,wide 3bettor,32o,4bet,0,,0,,0,100,Live Poker Preflop Guide (2026),2026-01-06,25:02,,no
COLD 4B vs WIDE 3B,cold 4bettor,cold_4bet,open + 3bet,wide 3bettor,22,4bet,0,,0,,0,100,Live Poker Preflop Guide (2026),2026-01-06,25:02,,no
CONTINUING vs PASSIVE 4B,3bettor,vs_4bet,4bettor,passive 4bettor,AA,5bet,100,call,0,,0,0,Live Poker Preflop Guide (2026),2026-01-06,26:06,JOAN'S RULE: 5-bet AA only.,no
CONTINUING vs PASSIVE 4B,3bettor,vs_4bet,4bettor,passive 4bettor,AKs,5bet,0,call,100,,0,0,Live Poker Preflop Guide (2026),2026-01-06,26:06,,no
CONTINUING vs PASSIVE 4B,3bettor,vs_4bet,4bettor,passive 4bettor,AQs,5bet,0,call,0,,0,100,Live Poker Preflop Guide (2026),2026-01-06,26:06,,no
CONTINUING vs PASSIVE 4B,3bettor,vs_4bet,4bettor,passive 4bettor,AJs,5bet,0,call,0,,0,100,Live Poker Preflop Guide (2026),2026-01-06,26:06,,no
CONTINUING vs PASSIVE 4B,3bettor,vs_4bet,4bettor,passive 4bettor,ATs,5bet,0,call,0,,0,100,Live Poker Preflop Guide (2026),2026-01-06,26:06,,no
CONTINUING vs PASSIVE 4B,3bettor,vs_4bet,4bettor,passive 4bettor,A9s,5bet,0,call,0,,0,100,Live Poker Preflop Guide (2026),2026-01-06,26:06,,no
CONTINUING vs PASSIVE 4B,3bettor,vs_4bet,4bettor,passive 4bettor,A8s,5bet,0,call,0,,0,100,Live Poker Preflop Guide (2026),2026-01-06,26:06,,no
CONTINUING vs PASSIVE 4B,3bettor,vs_4bet,4bettor,passive 4bettor,A7s,5bet,0,call,0,,0,100,Live Poker Preflop Guide (2026),2026-01-06,26:06,,no
CONTINUING vs PASSIVE 4B,3bettor,vs_4bet,4bettor,passive 4bettor,A6s,5bet,0,call,0,,0,100,Live Poker Preflop Guide (2026),2026-01-06,26:06,,no
CONTINUING vs PASSIVE 4B,3bettor,vs_4bet,4bettor,passive 4bettor,A5s,5bet,0,call,0,,0,100,Live Poker Preflop Guide (2026),2026-01-06,26:06,,no
CONTINUING vs PASSIVE 4B,3bettor,vs_4bet,4bettor,passive 4bettor,A4s,5bet,0,call,0,,0,100,Live Poker Preflop Guide (2026),2026-01-06,26:06,,no
CONTINUING vs PASSIVE 4B,3bettor,vs_4bet,4bettor,passive 4bettor,A3s,5bet,0,call,0,,0,100,Live Poker Preflop Guide (2026),2026-01-06,26:06,,no
CONTINUING vs PASSIVE 4B,3bettor,vs_4bet,4bettor,passive 4bettor,A2s,5bet,0,call,0,,0,100,Live Poker Preflop Guide (2026),2026-01-06,26:06,,no
CONTINUING vs PASSIVE 4B,3bettor,vs_4bet,4bettor,passive 4bettor,AKo,5bet,0,call,50,,0,50,Live Poker Preflop Guide (2026),2026-01-06,26:06,"SITUATIONAL (Mark): play this action when you have a bigger edge on the player, lower rake, or deeper stacks; leave it out with an aggressive 4-bettor behind.",yes
CONTINUING vs PASSIVE 4B,3bettor,vs_4bet,4bettor,passive 4bettor,KK,5bet,0,call,100,,0,0,Live Poker Preflop Guide (2026),2026-01-06,26:06,"JOAN'S RULE: 5-bet AA only, so KK calls. (Chart showed KK as a split 5-bet/call.)",no
CONTINUING vs PASSIVE 4B,3bettor,vs_4bet,4bettor,passive 4bettor,KQs,5bet,0,call,0,,0,100,Live Poker Preflop Guide (2026),2026-01-06,26:06,,no
CONTINUING vs PASSIVE 4B,3bettor,vs_4bet,4bettor,passive 4bettor,KJs,5bet,0,call,0,,0,100,Live Poker Preflop Guide (2026),2026-01-06,26:06,,no
CONTINUING vs PASSIVE 4B,3bettor,vs_4bet,4bettor,passive 4bettor,KTs,5bet,0,call,0,,0,100,Live Poker Preflop Guide (2026),2026-01-06,26:06,,no
CONTINUING vs PASSIVE 4B,3bettor,vs_4bet,4bettor,passive 4bettor,K9s,5bet,0,call,0,,0,100,Live Poker Preflop Guide (2026),2026-01-06,26:06,,no
CONTINUING vs PASSIVE 4B,3bettor,vs_4bet,4bettor,passive 4bettor,K8s,5bet,0,call,0,,0,100,Live Poker Preflop Guide (2026),2026-01-06,26:06,,no
CONTINUING vs PASSIVE 4B,3bettor,vs_4bet,4bettor,passive 4bettor,K7s,5bet,0,call,0,,0,100,Live Poker Preflop Guide (2026),2026-01-06,26:06,,no
CONTINUING vs PASSIVE 4B,3bettor,vs_4bet,4bettor,passive 4bettor,K6s,5bet,0,call,0,,0,100,Live Poker Preflop Guide (2026),2026-01-06,26:06,,no
CONTINUING vs PASSIVE 4B,3bettor,vs_4bet,4bettor,passive 4bettor,K5s,5bet,0,call,0,,0,100,Live Poker Preflop Guide (2026),2026-01-06,26:06,,no
CONTINUING vs PASSIVE 4B,3bettor,vs_4bet,4bettor,passive 4bettor,K4s,5bet,0,call,0,,0,100,Live Poker Preflop Guide (2026),2026-01-06,26:06,,no
CONTINUING vs PASSIVE 4B,3bettor,vs_4bet,4bettor,passive 4bettor,K3s,5bet,0,call,0,,0,100,Live Poker Preflop Guide (2026),2026-01-06,26:06,,no
CONTINUING vs PASSIVE 4B,3bettor,vs_4bet,4bettor,passive 4bettor,K2s,5bet,0,call,0,,0,100,Live Poker Preflop Guide (2026),2026-01-06,26:06,,no
CONTINUING vs PASSIVE 4B,3bettor,vs_4bet,4bettor,passive 4bettor,AQo,5bet,0,call,0,,0,100,Live Poker Preflop Guide (2026),2026-01-06,26:06,,no
CONTINUING vs PASSIVE 4B,3bettor,vs_4bet,4bettor,passive 4bettor,KQo,5bet,0,call,0,,0,100,Live Poker Preflop Guide (2026),2026-01-06,26:06,,no
CONTINUING vs PASSIVE 4B,3bettor,vs_4bet,4bettor,passive 4bettor,QQ,5bet,0,call,50,,0,50,Live Poker Preflop Guide (2026),2026-01-06,26:06,"SITUATIONAL (Mark): play this action when you have a bigger edge on the player, lower rake, or deeper stacks; leave it out with an aggressive 4-bettor behind.",yes
CONTINUING vs PASSIVE 4B,3bettor,vs_4bet,4bettor,passive 4bettor,QJs,5bet,0,call,0,,0,100,Live Poker Preflop Guide (2026),2026-01-06,26:06,,no
CONTINUING vs PASSIVE 4B,3bettor,vs_4bet,4bettor,passive 4bettor,QTs,5bet,0,call,0,,0,100,Live Poker Preflop Guide (2026),2026-01-06,26:06,,no
CONTINUING vs PASSIVE 4B,3bettor,vs_4bet,4bettor,passive 4bettor,Q9s,5bet,0,call,0,,0,100,Live Poker Preflop Guide (2026),2026-01-06,26:06,,no
CONTINUING vs PASSIVE 4B,3bettor,vs_4bet,4bettor,passive 4bettor,Q8s,5bet,0,call,0,,0,100,Live Poker Preflop Guide (2026),2026-01-06,26:06,,no
CONTINUING vs PASSIVE 4B,3bettor,vs_4bet,4bettor,passive 4bettor,Q7s,5bet,0,call,0,,0,100,Live Poker Preflop Guide (2026),2026-01-06,26:06,,no
CONTINUING vs PASSIVE 4B,3bettor,vs_4bet,4bettor,passive 4bettor,Q6s,5bet,0,call,0,,0,100,Live Poker Preflop Guide (2026),2026-01-06,26:06,,no
CONTINUING vs PASSIVE 4B,3bettor,vs_4bet,4bettor,passive 4bettor,Q5s,5bet,0,call,0,,0,100,Live Poker Preflop Guide (2026),2026-01-06,26:06,,no
CONTINUING vs PASSIVE 4B,3bettor,vs_4bet,4bettor,passive 4bettor,Q4s,5bet,0,call,0,,0,100,Live Poker Preflop Guide (2026),2026-01-06,26:06,,no
CONTINUING vs PASSIVE 4B,3bettor,vs_4bet,4bettor,passive 4bettor,Q3s,5bet,0,call,0,,0,100,Live Poker Preflop Guide (2026),2026-01-06,26:06,,no
CONTINUING vs PASSIVE 4B,3bettor,vs_4bet,4bettor,passive 4bettor,Q2s,5bet,0,call,0,,0,100,Live Poker Preflop Guide (2026),2026-01-06,26:06,,no
CONTINUING vs PASSIVE 4B,3bettor,vs_4bet,4bettor,passive 4bettor,AJo,5bet,0,call,0,,0,100,Live Poker Preflop Guide (2026),2026-01-06,26:06,,no
CONTINUING vs PASSIVE 4B,3bettor,vs_4bet,4bettor,passive 4bettor,KJo,5bet,0,call,0,,0,100,Live Poker Preflop Guide (2026),2026-01-06,26:06,,no
CONTINUING vs PASSIVE 4B,3bettor,vs_4bet,4bettor,passive 4bettor,QJo,5bet,0,call,0,,0,100,Live Poker Preflop Guide (2026),2026-01-06,26:06,,no
CONTINUING vs PASSIVE 4B,3bettor,vs_4bet,4bettor,passive 4bettor,JJ,5bet,0,call,50,,0,50,Live Poker Preflop Guide (2026),2026-01-06,26:06,"SITUATIONAL (Mark): play this action when you have a bigger edge on the player, lower rake, or deeper stacks; leave it out with an aggressive 4-bettor behind.",yes
CONTINUING vs PASSIVE 4B,3bettor,vs_4bet,4bettor,passive 4bettor,JTs,5bet,0,call,0,,0,100,Live Poker Preflop Guide (2026),2026-01-06,26:06,,no
CONTINUING vs PASSIVE 4B,3bettor,vs_4bet,4bettor,passive 4bettor,J9s,5bet,0,call,0,,0,100,Live Poker Preflop Guide (2026),2026-01-06,26:06,,no
CONTINUING vs PASSIVE 4B,3bettor,vs_4bet,4bettor,passive 4bettor,J8s,5bet,0,call,0,,0,100,Live Poker Preflop Guide (2026),2026-01-06,26:06,,no
CONTINUING vs PASSIVE 4B,3bettor,vs_4bet,4bettor,passive 4bettor,J7s,5bet,0,call,0,,0,100,Live Poker Preflop Guide (2026),2026-01-06,26:06,,no
CONTINUING vs PASSIVE 4B,3bettor,vs_4bet,4bettor,passive 4bettor,J6s,5bet,0,call,0,,0,100,Live Poker Preflop Guide (2026),2026-01-06,26:06,,no
CONTINUING vs PASSIVE 4B,3bettor,vs_4bet,4bettor,passive 4bettor,J5s,5bet,0,call,0,,0,100,Live Poker Preflop Guide (2026),2026-01-06,26:06,,no
CONTINUING vs PASSIVE 4B,3bettor,vs_4bet,4bettor,passive 4bettor,J4s,5bet,0,call,0,,0,100,Live Poker Preflop Guide (2026),2026-01-06,26:06,,no
CONTINUING vs PASSIVE 4B,3bettor,vs_4bet,4bettor,passive 4bettor,J3s,5bet,0,call,0,,0,100,Live Poker Preflop Guide (2026),2026-01-06,26:06,,no
CONTINUING vs PASSIVE 4B,3bettor,vs_4bet,4bettor,passive 4bettor,J2s,5bet,0,call,0,,0,100,Live Poker Preflop Guide (2026),2026-01-06,26:06,,no
CONTINUING vs PASSIVE 4B,3bettor,vs_4bet,4bettor,passive 4bettor,ATo,5bet,0,call,0,,0,100,Live Poker Preflop Guide (2026),2026-01-06,26:06,,no
CONTINUING vs PASSIVE 4B,3bettor,vs_4bet,4bettor,passive 4bettor,KTo,5bet,0,call,0,,0,100,Live Poker Preflop Guide (2026),2026-01-06,26:06,,no
CONTINUING vs PASSIVE 4B,3bettor,vs_4bet,4bettor,passive 4bettor,QTo,5bet,0,call,0,,0,100,Live Poker Preflop Guide (2026),2026-01-06,26:06,,no
CONTINUING vs PASSIVE 4B,3bettor,vs_4bet,4bettor,passive 4bettor,JTo,5bet,0,call,0,,0,100,Live Poker Preflop Guide (2026),2026-01-06,26:06,,no
CONTINUING vs PASSIVE 4B,3bettor,vs_4bet,4bettor,passive 4bettor,TT,5bet,0,call,50,,0,50,Live Poker Preflop Guide (2026),2026-01-06,26:06,"SITUATIONAL (Mark): play this action when you have a bigger edge on the player, lower rake, or deeper stacks; leave it out with an aggressive 4-bettor behind.",yes
CONTINUING vs PASSIVE 4B,3bettor,vs_4bet,4bettor,passive 4bettor,T9s,5bet,0,call,0,,0,100,Live Poker Preflop Guide (2026),2026-01-06,26:06,,no
CONTINUING vs PASSIVE 4B,3bettor,vs_4bet,4bettor,passive 4bettor,T8s,5bet,0,call,0,,0,100,Live Poker Preflop Guide (2026),2026-01-06,26:06,,no
CONTINUING vs PASSIVE 4B,3bettor,vs_4bet,4bettor,passive 4bettor,T7s,5bet,0,call,0,,0,100,Live Poker Preflop Guide (2026),2026-01-06,26:06,,no
CONTINUING vs PASSIVE 4B,3bettor,vs_4bet,4bettor,passive 4bettor,T6s,5bet,0,call,0,,0,100,Live Poker Preflop Guide (2026),2026-01-06,26:06,,no
CONTINUING vs PASSIVE 4B,3bettor,vs_4bet,4bettor,passive 4bettor,T5s,5bet,0,call,0,,0,100,Live Poker Preflop Guide (2026),2026-01-06,26:06,,no
CONTINUING vs PASSIVE 4B,3bettor,vs_4bet,4bettor,passive 4bettor,T4s,5bet,0,call,0,,0,100,Live Poker Preflop Guide (2026),2026-01-06,26:06,,no
CONTINUING vs PASSIVE 4B,3bettor,vs_4bet,4bettor,passive 4bettor,T3s,5bet,0,call,0,,0,100,Live Poker Preflop Guide (2026),2026-01-06,26:06,,no
CONTINUING vs PASSIVE 4B,3bettor,vs_4bet,4bettor,passive 4bettor,T2s,5bet,0,call,0,,0,100,Live Poker Preflop Guide (2026),2026-01-06,26:06,,no
CONTINUING vs PASSIVE 4B,3bettor,vs_4bet,4bettor,passive 4bettor,A9o,5bet,0,call,0,,0,100,Live Poker Preflop Guide (2026),2026-01-06,26:06,,no
CONTINUING vs PASSIVE 4B,3bettor,vs_4bet,4bettor,passive 4bettor,K9o,5bet,0,call,0,,0,100,Live Poker Preflop Guide (2026),2026-01-06,26:06,,no
CONTINUING vs PASSIVE 4B,3bettor,vs_4bet,4bettor,passive 4bettor,Q9o,5bet,0,call,0,,0,100,Live Poker Preflop Guide (2026),2026-01-06,26:06,,no
CONTINUING vs PASSIVE 4B,3bettor,vs_4bet,4bettor,passive 4bettor,J9o,5bet,0,call,0,,0,100,Live Poker Preflop Guide (2026),2026-01-06,26:06,,no
CONTINUING vs PASSIVE 4B,3bettor,vs_4bet,4bettor,passive 4bettor,T9o,5bet,0,call,0,,0,100,Live Poker Preflop Guide (2026),2026-01-06,26:06,,no
CONTINUING vs PASSIVE 4B,3bettor,vs_4bet,4bettor,passive 4bettor,99,5bet,0,call,0,,0,100,Live Poker Preflop Guide (2026),2026-01-06,26:06,,no
CONTINUING vs PASSIVE 4B,3bettor,vs_4bet,4bettor,passive 4bettor,98s,5bet,0,call,0,,0,100,Live Poker Preflop Guide (2026),2026-01-06,26:06,,no
CONTINUING vs PASSIVE 4B,3bettor,vs_4bet,4bettor,passive 4bettor,97s,5bet,0,call,0,,0,100,Live Poker Preflop Guide (2026),2026-01-06,26:06,,no
CONTINUING vs PASSIVE 4B,3bettor,vs_4bet,4bettor,passive 4bettor,96s,5bet,0,call,0,,0,100,Live Poker Preflop Guide (2026),2026-01-06,26:06,,no
CONTINUING vs PASSIVE 4B,3bettor,vs_4bet,4bettor,passive 4bettor,95s,5bet,0,call,0,,0,100,Live Poker Preflop Guide (2026),2026-01-06,26:06,,no
CONTINUING vs PASSIVE 4B,3bettor,vs_4bet,4bettor,passive 4bettor,94s,5bet,0,call,0,,0,100,Live Poker Preflop Guide (2026),2026-01-06,26:06,,no
CONTINUING vs PASSIVE 4B,3bettor,vs_4bet,4bettor,passive 4bettor,93s,5bet,0,call,0,,0,100,Live Poker Preflop Guide (2026),2026-01-06,26:06,,no
CONTINUING vs PASSIVE 4B,3bettor,vs_4bet,4bettor,passive 4bettor,92s,5bet,0,call,0,,0,100,Live Poker Preflop Guide (2026),2026-01-06,26:06,,no
CONTINUING vs PASSIVE 4B,3bettor,vs_4bet,4bettor,passive 4bettor,A8o,5bet,0,call,0,,0,100,Live Poker Preflop Guide (2026),2026-01-06,26:06,,no
CONTINUING vs PASSIVE 4B,3bettor,vs_4bet,4bettor,passive 4bettor,K8o,5bet,0,call,0,,0,100,Live Poker Preflop Guide (2026),2026-01-06,26:06,,no
CONTINUING vs PASSIVE 4B,3bettor,vs_4bet,4bettor,passive 4bettor,Q8o,5bet,0,call,0,,0,100,Live Poker Preflop Guide (2026),2026-01-06,26:06,,no
CONTINUING vs PASSIVE 4B,3bettor,vs_4bet,4bettor,passive 4bettor,J8o,5bet,0,call,0,,0,100,Live Poker Preflop Guide (2026),2026-01-06,26:06,,no
CONTINUING vs PASSIVE 4B,3bettor,vs_4bet,4bettor,passive 4bettor,T8o,5bet,0,call,0,,0,100,Live Poker Preflop Guide (2026),2026-01-06,26:06,,no
CONTINUING vs PASSIVE 4B,3bettor,vs_4bet,4bettor,passive 4bettor,98o,5bet,0,call,0,,0,100,Live Poker Preflop Guide (2026),2026-01-06,26:06,,no
CONTINUING vs PASSIVE 4B,3bettor,vs_4bet,4bettor,passive 4bettor,88,5bet,0,call,0,,0,100,Live Poker Preflop Guide (2026),2026-01-06,26:06,,no
CONTINUING vs PASSIVE 4B,3bettor,vs_4bet,4bettor,passive 4bettor,87s,5bet,0,call,0,,0,100,Live Poker Preflop Guide (2026),2026-01-06,26:06,,no
CONTINUING vs PASSIVE 4B,3bettor,vs_4bet,4bettor,passive 4bettor,86s,5bet,0,call,0,,0,100,Live Poker Preflop Guide (2026),2026-01-06,26:06,,no
CONTINUING vs PASSIVE 4B,3bettor,vs_4bet,4bettor,passive 4bettor,85s,5bet,0,call,0,,0,100,Live Poker Preflop Guide (2026),2026-01-06,26:06,,no
CONTINUING vs PASSIVE 4B,3bettor,vs_4bet,4bettor,passive 4bettor,84s,5bet,0,call,0,,0,100,Live Poker Preflop Guide (2026),2026-01-06,26:06,,no
CONTINUING vs PASSIVE 4B,3bettor,vs_4bet,4bettor,passive 4bettor,83s,5bet,0,call,0,,0,100,Live Poker Preflop Guide (2026),2026-01-06,26:06,,no
CONTINUING vs PASSIVE 4B,3bettor,vs_4bet,4bettor,passive 4bettor,82s,5bet,0,call,0,,0,100,Live Poker Preflop Guide (2026),2026-01-06,26:06,,no
CONTINUING vs PASSIVE 4B,3bettor,vs_4bet,4bettor,passive 4bettor,A7o,5bet,0,call,0,,0,100,Live Poker Preflop Guide (2026),2026-01-06,26:06,,no
CONTINUING vs PASSIVE 4B,3bettor,vs_4bet,4bettor,passive 4bettor,K7o,5bet,0,call,0,,0,100,Live Poker Preflop Guide (2026),2026-01-06,26:06,,no
CONTINUING vs PASSIVE 4B,3bettor,vs_4bet,4bettor,passive 4bettor,Q7o,5bet,0,call,0,,0,100,Live Poker Preflop Guide (2026),2026-01-06,26:06,,no
CONTINUING vs PASSIVE 4B,3bettor,vs_4bet,4bettor,passive 4bettor,J7o,5bet,0,call,0,,0,100,Live Poker Preflop Guide (2026),2026-01-06,26:06,,no
CONTINUING vs PASSIVE 4B,3bettor,vs_4bet,4bettor,passive 4bettor,T7o,5bet,0,call,0,,0,100,Live Poker Preflop Guide (2026),2026-01-06,26:06,,no
CONTINUING vs PASSIVE 4B,3bettor,vs_4bet,4bettor,passive 4bettor,97o,5bet,0,call,0,,0,100,Live Poker Preflop Guide (2026),2026-01-06,26:06,,no
CONTINUING vs PASSIVE 4B,3bettor,vs_4bet,4bettor,passive 4bettor,87o,5bet,0,call,0,,0,100,Live Poker Preflop Guide (2026),2026-01-06,26:06,,no
CONTINUING vs PASSIVE 4B,3bettor,vs_4bet,4bettor,passive 4bettor,77,5bet,0,call,0,,0,100,Live Poker Preflop Guide (2026),2026-01-06,26:06,,no
CONTINUING vs PASSIVE 4B,3bettor,vs_4bet,4bettor,passive 4bettor,76s,5bet,0,call,0,,0,100,Live Poker Preflop Guide (2026),2026-01-06,26:06,,no
CONTINUING vs PASSIVE 4B,3bettor,vs_4bet,4bettor,passive 4bettor,75s,5bet,0,call,0,,0,100,Live Poker Preflop Guide (2026),2026-01-06,26:06,,no
CONTINUING vs PASSIVE 4B,3bettor,vs_4bet,4bettor,passive 4bettor,74s,5bet,0,call,0,,0,100,Live Poker Preflop Guide (2026),2026-01-06,26:06,,no
CONTINUING vs PASSIVE 4B,3bettor,vs_4bet,4bettor,passive 4bettor,73s,5bet,0,call,0,,0,100,Live Poker Preflop Guide (2026),2026-01-06,26:06,,no
CONTINUING vs PASSIVE 4B,3bettor,vs_4bet,4bettor,passive 4bettor,72s,5bet,0,call,0,,0,100,Live Poker Preflop Guide (2026),2026-01-06,26:06,,no
CONTINUING vs PASSIVE 4B,3bettor,vs_4bet,4bettor,passive 4bettor,A6o,5bet,0,call,0,,0,100,Live Poker Preflop Guide (2026),2026-01-06,26:06,,no
CONTINUING vs PASSIVE 4B,3bettor,vs_4bet,4bettor,passive 4bettor,K6o,5bet,0,call,0,,0,100,Live Poker Preflop Guide (2026),2026-01-06,26:06,,no
CONTINUING vs PASSIVE 4B,3bettor,vs_4bet,4bettor,passive 4bettor,Q6o,5bet,0,call,0,,0,100,Live Poker Preflop Guide (2026),2026-01-06,26:06,,no
CONTINUING vs PASSIVE 4B,3bettor,vs_4bet,4bettor,passive 4bettor,J6o,5bet,0,call,0,,0,100,Live Poker Preflop Guide (2026),2026-01-06,26:06,,no
CONTINUING vs PASSIVE 4B,3bettor,vs_4bet,4bettor,passive 4bettor,T6o,5bet,0,call,0,,0,100,Live Poker Preflop Guide (2026),2026-01-06,26:06,,no
CONTINUING vs PASSIVE 4B,3bettor,vs_4bet,4bettor,passive 4bettor,96o,5bet,0,call,0,,0,100,Live Poker Preflop Guide (2026),2026-01-06,26:06,,no
CONTINUING vs PASSIVE 4B,3bettor,vs_4bet,4bettor,passive 4bettor,86o,5bet,0,call,0,,0,100,Live Poker Preflop Guide (2026),2026-01-06,26:06,,no
CONTINUING vs PASSIVE 4B,3bettor,vs_4bet,4bettor,passive 4bettor,76o,5bet,0,call,0,,0,100,Live Poker Preflop Guide (2026),2026-01-06,26:06,,no
CONTINUING vs PASSIVE 4B,3bettor,vs_4bet,4bettor,passive 4bettor,66,5bet,0,call,0,,0,100,Live Poker Preflop Guide (2026),2026-01-06,26:06,,no
CONTINUING vs PASSIVE 4B,3bettor,vs_4bet,4bettor,passive 4bettor,65s,5bet,0,call,0,,0,100,Live Poker Preflop Guide (2026),2026-01-06,26:06,,no
CONTINUING vs PASSIVE 4B,3bettor,vs_4bet,4bettor,passive 4bettor,64s,5bet,0,call,0,,0,100,Live Poker Preflop Guide (2026),2026-01-06,26:06,,no
CONTINUING vs PASSIVE 4B,3bettor,vs_4bet,4bettor,passive 4bettor,63s,5bet,0,call,0,,0,100,Live Poker Preflop Guide (2026),2026-01-06,26:06,,no
CONTINUING vs PASSIVE 4B,3bettor,vs_4bet,4bettor,passive 4bettor,62s,5bet,0,call,0,,0,100,Live Poker Preflop Guide (2026),2026-01-06,26:06,,no
CONTINUING vs PASSIVE 4B,3bettor,vs_4bet,4bettor,passive 4bettor,A5o,5bet,0,call,0,,0,100,Live Poker Preflop Guide (2026),2026-01-06,26:06,,no
CONTINUING vs PASSIVE 4B,3bettor,vs_4bet,4bettor,passive 4bettor,K5o,5bet,0,call,0,,0,100,Live Poker Preflop Guide (2026),2026-01-06,26:06,,no
CONTINUING vs PASSIVE 4B,3bettor,vs_4bet,4bettor,passive 4bettor,Q5o,5bet,0,call,0,,0,100,Live Poker Preflop Guide (2026),2026-01-06,26:06,,no
CONTINUING vs PASSIVE 4B,3bettor,vs_4bet,4bettor,passive 4bettor,J5o,5bet,0,call,0,,0,100,Live Poker Preflop Guide (2026),2026-01-06,26:06,,no
CONTINUING vs PASSIVE 4B,3bettor,vs_4bet,4bettor,passive 4bettor,T5o,5bet,0,call,0,,0,100,Live Poker Preflop Guide (2026),2026-01-06,26:06,,no
CONTINUING vs PASSIVE 4B,3bettor,vs_4bet,4bettor,passive 4bettor,95o,5bet,0,call,0,,0,100,Live Poker Preflop Guide (2026),2026-01-06,26:06,,no
CONTINUING vs PASSIVE 4B,3bettor,vs_4bet,4bettor,passive 4bettor,85o,5bet,0,call,0,,0,100,Live Poker Preflop Guide (2026),2026-01-06,26:06,,no
CONTINUING vs PASSIVE 4B,3bettor,vs_4bet,4bettor,passive 4bettor,75o,5bet,0,call,0,,0,100,Live Poker Preflop Guide (2026),2026-01-06,26:06,,no
CONTINUING vs PASSIVE 4B,3bettor,vs_4bet,4bettor,passive 4bettor,65o,5bet,0,call,0,,0,100,Live Poker Preflop Guide (2026),2026-01-06,26:06,,no
CONTINUING vs PASSIVE 4B,3bettor,vs_4bet,4bettor,passive 4bettor,55,5bet,0,call,0,,0,100,Live Poker Preflop Guide (2026),2026-01-06,26:06,,no
CONTINUING vs PASSIVE 4B,3bettor,vs_4bet,4bettor,passive 4bettor,54s,5bet,0,call,0,,0,100,Live Poker Preflop Guide (2026),2026-01-06,26:06,,no
CONTINUING vs PASSIVE 4B,3bettor,vs_4bet,4bettor,passive 4bettor,53s,5bet,0,call,0,,0,100,Live Poker Preflop Guide (2026),2026-01-06,26:06,,no
CONTINUING vs PASSIVE 4B,3bettor,vs_4bet,4bettor,passive 4bettor,52s,5bet,0,call,0,,0,100,Live Poker Preflop Guide (2026),2026-01-06,26:06,,no
CONTINUING vs PASSIVE 4B,3bettor,vs_4bet,4bettor,passive 4bettor,A4o,5bet,0,call,0,,0,100,Live Poker Preflop Guide (2026),2026-01-06,26:06,,no
CONTINUING vs PASSIVE 4B,3bettor,vs_4bet,4bettor,passive 4bettor,K4o,5bet,0,call,0,,0,100,Live Poker Preflop Guide (2026),2026-01-06,26:06,,no
CONTINUING vs PASSIVE 4B,3bettor,vs_4bet,4bettor,passive 4bettor,Q4o,5bet,0,call,0,,0,100,Live Poker Preflop Guide (2026),2026-01-06,26:06,,no
CONTINUING vs PASSIVE 4B,3bettor,vs_4bet,4bettor,passive 4bettor,J4o,5bet,0,call,0,,0,100,Live Poker Preflop Guide (2026),2026-01-06,26:06,,no
CONTINUING vs PASSIVE 4B,3bettor,vs_4bet,4bettor,passive 4bettor,T4o,5bet,0,call,0,,0,100,Live Poker Preflop Guide (2026),2026-01-06,26:06,,no
CONTINUING vs PASSIVE 4B,3bettor,vs_4bet,4bettor,passive 4bettor,94o,5bet,0,call,0,,0,100,Live Poker Preflop Guide (2026),2026-01-06,26:06,,no
CONTINUING vs PASSIVE 4B,3bettor,vs_4bet,4bettor,passive 4bettor,84o,5bet,0,call,0,,0,100,Live Poker Preflop Guide (2026),2026-01-06,26:06,,no
CONTINUING vs PASSIVE 4B,3bettor,vs_4bet,4bettor,passive 4bettor,74o,5bet,0,call,0,,0,100,Live Poker Preflop Guide (2026),2026-01-06,26:06,,no
CONTINUING vs PASSIVE 4B,3bettor,vs_4bet,4bettor,passive 4bettor,64o,5bet,0,call,0,,0,100,Live Poker Preflop Guide (2026),2026-01-06,26:06,,no
CONTINUING vs PASSIVE 4B,3bettor,vs_4bet,4bettor,passive 4bettor,54o,5bet,0,call,0,,0,100,Live Poker Preflop Guide (2026),2026-01-06,26:06,,no
CONTINUING vs PASSIVE 4B,3bettor,vs_4bet,4bettor,passive 4bettor,44,5bet,0,call,0,,0,100,Live Poker Preflop Guide (2026),2026-01-06,26:06,,no
CONTINUING vs PASSIVE 4B,3bettor,vs_4bet,4bettor,passive 4bettor,43s,5bet,0,call,0,,0,100,Live Poker Preflop Guide (2026),2026-01-06,26:06,,no
CONTINUING vs PASSIVE 4B,3bettor,vs_4bet,4bettor,passive 4bettor,42s,5bet,0,call,0,,0,100,Live Poker Preflop Guide (2026),2026-01-06,26:06,,no
CONTINUING vs PASSIVE 4B,3bettor,vs_4bet,4bettor,passive 4bettor,A3o,5bet,0,call,0,,0,100,Live Poker Preflop Guide (2026),2026-01-06,26:06,,no
CONTINUING vs PASSIVE 4B,3bettor,vs_4bet,4bettor,passive 4bettor,K3o,5bet,0,call,0,,0,100,Live Poker Preflop Guide (2026),2026-01-06,26:06,,no
CONTINUING vs PASSIVE 4B,3bettor,vs_4bet,4bettor,passive 4bettor,Q3o,5bet,0,call,0,,0,100,Live Poker Preflop Guide (2026),2026-01-06,26:06,,no
CONTINUING vs PASSIVE 4B,3bettor,vs_4bet,4bettor,passive 4bettor,J3o,5bet,0,call,0,,0,100,Live Poker Preflop Guide (2026),2026-01-06,26:06,,no
CONTINUING vs PASSIVE 4B,3bettor,vs_4bet,4bettor,passive 4bettor,T3o,5bet,0,call,0,,0,100,Live Poker Preflop Guide (2026),2026-01-06,26:06,,no
CONTINUING vs PASSIVE 4B,3bettor,vs_4bet,4bettor,passive 4bettor,93o,5bet,0,call,0,,0,100,Live Poker Preflop Guide (2026),2026-01-06,26:06,,no
CONTINUING vs PASSIVE 4B,3bettor,vs_4bet,4bettor,passive 4bettor,83o,5bet,0,call,0,,0,100,Live Poker Preflop Guide (2026),2026-01-06,26:06,,no
CONTINUING vs PASSIVE 4B,3bettor,vs_4bet,4bettor,passive 4bettor,73o,5bet,0,call,0,,0,100,Live Poker Preflop Guide (2026),2026-01-06,26:06,,no
CONTINUING vs PASSIVE 4B,3bettor,vs_4bet,4bettor,passive 4bettor,63o,5bet,0,call,0,,0,100,Live Poker Preflop Guide (2026),2026-01-06,26:06,,no
CONTINUING vs PASSIVE 4B,3bettor,vs_4bet,4bettor,passive 4bettor,53o,5bet,0,call,0,,0,100,Live Poker Preflop Guide (2026),2026-01-06,26:06,,no
CONTINUING vs PASSIVE 4B,3bettor,vs_4bet,4bettor,passive 4bettor,43o,5bet,0,call,0,,0,100,Live Poker Preflop Guide (2026),2026-01-06,26:06,,no
CONTINUING vs PASSIVE 4B,3bettor,vs_4bet,4bettor,passive 4bettor,33,5bet,0,call,0,,0,100,Live Poker Preflop Guide (2026),2026-01-06,26:06,,no
CONTINUING vs PASSIVE 4B,3bettor,vs_4bet,4bettor,passive 4bettor,32s,5bet,0,call,0,,0,100,Live Poker Preflop Guide (2026),2026-01-06,26:06,,no
CONTINUING vs PASSIVE 4B,3bettor,vs_4bet,4bettor,passive 4bettor,A2o,5bet,0,call,0,,0,100,Live Poker Preflop Guide (2026),2026-01-06,26:06,,no
CONTINUING vs PASSIVE 4B,3bettor,vs_4bet,4bettor,passive 4bettor,K2o,5bet,0,call,0,,0,100,Live Poker Preflop Guide (2026),2026-01-06,26:06,,no
CONTINUING vs PASSIVE 4B,3bettor,vs_4bet,4bettor,passive 4bettor,Q2o,5bet,0,call,0,,0,100,Live Poker Preflop Guide (2026),2026-01-06,26:06,,no
CONTINUING vs PASSIVE 4B,3bettor,vs_4bet,4bettor,passive 4bettor,J2o,5bet,0,call,0,,0,100,Live Poker Preflop Guide (2026),2026-01-06,26:06,,no
CONTINUING vs PASSIVE 4B,3bettor,vs_4bet,4bettor,passive 4bettor,T2o,5bet,0,call,0,,0,100,Live Poker Preflop Guide (2026),2026-01-06,26:06,,no
CONTINUING vs PASSIVE 4B,3bettor,vs_4bet,4bettor,passive 4bettor,92o,5bet,0,call,0,,0,100,Live Poker Preflop Guide (2026),2026-01-06,26:06,,no
CONTINUING vs PASSIVE 4B,3bettor,vs_4bet,4bettor,passive 4bettor,82o,5bet,0,call,0,,0,100,Live Poker Preflop Guide (2026),2026-01-06,26:06,,no
CONTINUING vs PASSIVE 4B,3bettor,vs_4bet,4bettor,passive 4bettor,72o,5bet,0,call,0,,0,100,Live Poker Preflop Guide (2026),2026-01-06,26:06,,no
CONTINUING vs PASSIVE 4B,3bettor,vs_4bet,4bettor,passive 4bettor,62o,5bet,0,call,0,,0,100,Live Poker Preflop Guide (2026),2026-01-06,26:06,,no
CONTINUING vs PASSIVE 4B,3bettor,vs_4bet,4bettor,passive 4bettor,52o,5bet,0,call,0,,0,100,Live Poker Preflop Guide (2026),2026-01-06,26:06,,no
CONTINUING vs PASSIVE 4B,3bettor,vs_4bet,4bettor,passive 4bettor,42o,5bet,0,call,0,,0,100,Live Poker Preflop Guide (2026),2026-01-06,26:06,,no
CONTINUING vs PASSIVE 4B,3bettor,vs_4bet,4bettor,passive 4bettor,32o,5bet,0,call,0,,0,100,Live Poker Preflop Guide (2026),2026-01-06,26:06,,no
CONTINUING vs PASSIVE 4B,3bettor,vs_4bet,4bettor,passive 4bettor,22,5bet,0,call,0,,0,100,Live Poker Preflop Guide (2026),2026-01-06,26:06,,no
CONTINUING vs AGGRO 4B,3bettor,vs_4bet,4bettor,aggressive 4bettor,AA,5bet,100,call,0,,0,0,Live Poker Preflop Guide (2026),2026-01-06,26:31,JOAN'S RULE: 5-bet AA only.,no
CONTINUING vs AGGRO 4B,3bettor,vs_4bet,4bettor,aggressive 4bettor,AKs,5bet,0,call,100,,0,0,Live Poker Preflop Guide (2026),2026-01-06,26:31,,no
CONTINUING vs AGGRO 4B,3bettor,vs_4bet,4bettor,aggressive 4bettor,AQs,5bet,0,call,100,,0,0,Live Poker Preflop Guide (2026),2026-01-06,26:31,,no
CONTINUING vs AGGRO 4B,3bettor,vs_4bet,4bettor,aggressive 4bettor,AJs,5bet,0,call,50,,0,50,Live Poker Preflop Guide (2026),2026-01-06,26:31,"SITUATIONAL (Mark): play this action when you have a bigger edge on the player, lower rake, or deeper stacks; leave it out with an aggressive 4-bettor behind.",yes
CONTINUING vs AGGRO 4B,3bettor,vs_4bet,4bettor,aggressive 4bettor,ATs,5bet,0,call,0,,0,100,Live Poker Preflop Guide (2026),2026-01-06,26:31,,no
CONTINUING vs AGGRO 4B,3bettor,vs_4bet,4bettor,aggressive 4bettor,A9s,5bet,0,call,0,,0,100,Live Poker Preflop Guide (2026),2026-01-06,26:31,,no
CONTINUING vs AGGRO 4B,3bettor,vs_4bet,4bettor,aggressive 4bettor,A8s,5bet,0,call,0,,0,100,Live Poker Preflop Guide (2026),2026-01-06,26:31,,no
CONTINUING vs AGGRO 4B,3bettor,vs_4bet,4bettor,aggressive 4bettor,A7s,5bet,0,call,0,,0,100,Live Poker Preflop Guide (2026),2026-01-06,26:31,,no
CONTINUING vs AGGRO 4B,3bettor,vs_4bet,4bettor,aggressive 4bettor,A6s,5bet,0,call,0,,0,100,Live Poker Preflop Guide (2026),2026-01-06,26:31,,no
CONTINUING vs AGGRO 4B,3bettor,vs_4bet,4bettor,aggressive 4bettor,A5s,5bet,0,call,0,,0,100,Live Poker Preflop Guide (2026),2026-01-06,26:31,,no
CONTINUING vs AGGRO 4B,3bettor,vs_4bet,4bettor,aggressive 4bettor,A4s,5bet,0,call,0,,0,100,Live Poker Preflop Guide (2026),2026-01-06,26:31,,no
CONTINUING vs AGGRO 4B,3bettor,vs_4bet,4bettor,aggressive 4bettor,A3s,5bet,0,call,0,,0,100,Live Poker Preflop Guide (2026),2026-01-06,26:31,,no
CONTINUING vs AGGRO 4B,3bettor,vs_4bet,4bettor,aggressive 4bettor,A2s,5bet,0,call,0,,0,100,Live Poker Preflop Guide (2026),2026-01-06,26:31,,no
CONTINUING vs AGGRO 4B,3bettor,vs_4bet,4bettor,aggressive 4bettor,AKo,5bet,0,call,100,,0,0,Live Poker Preflop Guide (2026),2026-01-06,26:31,,no
CONTINUING vs AGGRO 4B,3bettor,vs_4bet,4bettor,aggressive 4bettor,KK,5bet,0,call,100,,0,0,Live Poker Preflop Guide (2026),2026-01-06,26:31,"JOAN'S RULE: 5-bet AA only, so KK calls. (Chart showed KK as a split 5-bet/call.)",no
CONTINUING vs AGGRO 4B,3bettor,vs_4bet,4bettor,aggressive 4bettor,KQs,5bet,0,call,0,,0,100,Live Poker Preflop Guide (2026),2026-01-06,26:31,,no
CONTINUING vs AGGRO 4B,3bettor,vs_4bet,4bettor,aggressive 4bettor,KJs,5bet,0,call,0,,0,100,Live Poker Preflop Guide (2026),2026-01-06,26:31,,no
CONTINUING vs AGGRO 4B,3bettor,vs_4bet,4bettor,aggressive 4bettor,KTs,5bet,0,call,0,,0,100,Live Poker Preflop Guide (2026),2026-01-06,26:31,,no
CONTINUING vs AGGRO 4B,3bettor,vs_4bet,4bettor,aggressive 4bettor,K9s,5bet,0,call,0,,0,100,Live Poker Preflop Guide (2026),2026-01-06,26:31,,no
CONTINUING vs AGGRO 4B,3bettor,vs_4bet,4bettor,aggressive 4bettor,K8s,5bet,0,call,0,,0,100,Live Poker Preflop Guide (2026),2026-01-06,26:31,,no
CONTINUING vs AGGRO 4B,3bettor,vs_4bet,4bettor,aggressive 4bettor,K7s,5bet,0,call,0,,0,100,Live Poker Preflop Guide (2026),2026-01-06,26:31,,no
CONTINUING vs AGGRO 4B,3bettor,vs_4bet,4bettor,aggressive 4bettor,K6s,5bet,0,call,0,,0,100,Live Poker Preflop Guide (2026),2026-01-06,26:31,,no
CONTINUING vs AGGRO 4B,3bettor,vs_4bet,4bettor,aggressive 4bettor,K5s,5bet,0,call,0,,0,100,Live Poker Preflop Guide (2026),2026-01-06,26:31,,no
CONTINUING vs AGGRO 4B,3bettor,vs_4bet,4bettor,aggressive 4bettor,K4s,5bet,0,call,0,,0,100,Live Poker Preflop Guide (2026),2026-01-06,26:31,,no
CONTINUING vs AGGRO 4B,3bettor,vs_4bet,4bettor,aggressive 4bettor,K3s,5bet,0,call,0,,0,100,Live Poker Preflop Guide (2026),2026-01-06,26:31,,no
CONTINUING vs AGGRO 4B,3bettor,vs_4bet,4bettor,aggressive 4bettor,K2s,5bet,0,call,0,,0,100,Live Poker Preflop Guide (2026),2026-01-06,26:31,,no
CONTINUING vs AGGRO 4B,3bettor,vs_4bet,4bettor,aggressive 4bettor,AQo,5bet,0,call,0,,0,100,Live Poker Preflop Guide (2026),2026-01-06,26:31,,no
CONTINUING vs AGGRO 4B,3bettor,vs_4bet,4bettor,aggressive 4bettor,KQo,5bet,0,call,0,,0,100,Live Poker Preflop Guide (2026),2026-01-06,26:31,,no
CONTINUING vs AGGRO 4B,3bettor,vs_4bet,4bettor,aggressive 4bettor,QQ,5bet,0,call,100,,0,0,Live Poker Preflop Guide (2026),2026-01-06,26:31,,no
CONTINUING vs AGGRO 4B,3bettor,vs_4bet,4bettor,aggressive 4bettor,QJs,5bet,0,call,0,,0,100,Live Poker Preflop Guide (2026),2026-01-06,26:31,,no
CONTINUING vs AGGRO 4B,3bettor,vs_4bet,4bettor,aggressive 4bettor,QTs,5bet,0,call,0,,0,100,Live Poker Preflop Guide (2026),2026-01-06,26:31,,no
CONTINUING vs AGGRO 4B,3bettor,vs_4bet,4bettor,aggressive 4bettor,Q9s,5bet,0,call,0,,0,100,Live Poker Preflop Guide (2026),2026-01-06,26:31,,no
CONTINUING vs AGGRO 4B,3bettor,vs_4bet,4bettor,aggressive 4bettor,Q8s,5bet,0,call,0,,0,100,Live Poker Preflop Guide (2026),2026-01-06,26:31,,no
CONTINUING vs AGGRO 4B,3bettor,vs_4bet,4bettor,aggressive 4bettor,Q7s,5bet,0,call,0,,0,100,Live Poker Preflop Guide (2026),2026-01-06,26:31,,no
CONTINUING vs AGGRO 4B,3bettor,vs_4bet,4bettor,aggressive 4bettor,Q6s,5bet,0,call,0,,0,100,Live Poker Preflop Guide (2026),2026-01-06,26:31,,no
CONTINUING vs AGGRO 4B,3bettor,vs_4bet,4bettor,aggressive 4bettor,Q5s,5bet,0,call,0,,0,100,Live Poker Preflop Guide (2026),2026-01-06,26:31,,no
CONTINUING vs AGGRO 4B,3bettor,vs_4bet,4bettor,aggressive 4bettor,Q4s,5bet,0,call,0,,0,100,Live Poker Preflop Guide (2026),2026-01-06,26:31,,no
CONTINUING vs AGGRO 4B,3bettor,vs_4bet,4bettor,aggressive 4bettor,Q3s,5bet,0,call,0,,0,100,Live Poker Preflop Guide (2026),2026-01-06,26:31,,no
CONTINUING vs AGGRO 4B,3bettor,vs_4bet,4bettor,aggressive 4bettor,Q2s,5bet,0,call,0,,0,100,Live Poker Preflop Guide (2026),2026-01-06,26:31,,no
CONTINUING vs AGGRO 4B,3bettor,vs_4bet,4bettor,aggressive 4bettor,AJo,5bet,0,call,0,,0,100,Live Poker Preflop Guide (2026),2026-01-06,26:31,,no
CONTINUING vs AGGRO 4B,3bettor,vs_4bet,4bettor,aggressive 4bettor,KJo,5bet,0,call,0,,0,100,Live Poker Preflop Guide (2026),2026-01-06,26:31,,no
CONTINUING vs AGGRO 4B,3bettor,vs_4bet,4bettor,aggressive 4bettor,QJo,5bet,0,call,0,,0,100,Live Poker Preflop Guide (2026),2026-01-06,26:31,,no
CONTINUING vs AGGRO 4B,3bettor,vs_4bet,4bettor,aggressive 4bettor,JJ,5bet,0,call,100,,0,0,Live Poker Preflop Guide (2026),2026-01-06,26:31,,no
CONTINUING vs AGGRO 4B,3bettor,vs_4bet,4bettor,aggressive 4bettor,JTs,5bet,0,call,0,,0,100,Live Poker Preflop Guide (2026),2026-01-06,26:31,,no
CONTINUING vs AGGRO 4B,3bettor,vs_4bet,4bettor,aggressive 4bettor,J9s,5bet,0,call,0,,0,100,Live Poker Preflop Guide (2026),2026-01-06,26:31,,no
CONTINUING vs AGGRO 4B,3bettor,vs_4bet,4bettor,aggressive 4bettor,J8s,5bet,0,call,0,,0,100,Live Poker Preflop Guide (2026),2026-01-06,26:31,,no
CONTINUING vs AGGRO 4B,3bettor,vs_4bet,4bettor,aggressive 4bettor,J7s,5bet,0,call,0,,0,100,Live Poker Preflop Guide (2026),2026-01-06,26:31,,no
CONTINUING vs AGGRO 4B,3bettor,vs_4bet,4bettor,aggressive 4bettor,J6s,5bet,0,call,0,,0,100,Live Poker Preflop Guide (2026),2026-01-06,26:31,,no
CONTINUING vs AGGRO 4B,3bettor,vs_4bet,4bettor,aggressive 4bettor,J5s,5bet,0,call,0,,0,100,Live Poker Preflop Guide (2026),2026-01-06,26:31,,no
CONTINUING vs AGGRO 4B,3bettor,vs_4bet,4bettor,aggressive 4bettor,J4s,5bet,0,call,0,,0,100,Live Poker Preflop Guide (2026),2026-01-06,26:31,,no
CONTINUING vs AGGRO 4B,3bettor,vs_4bet,4bettor,aggressive 4bettor,J3s,5bet,0,call,0,,0,100,Live Poker Preflop Guide (2026),2026-01-06,26:31,,no
CONTINUING vs AGGRO 4B,3bettor,vs_4bet,4bettor,aggressive 4bettor,J2s,5bet,0,call,0,,0,100,Live Poker Preflop Guide (2026),2026-01-06,26:31,,no
CONTINUING vs AGGRO 4B,3bettor,vs_4bet,4bettor,aggressive 4bettor,ATo,5bet,0,call,0,,0,100,Live Poker Preflop Guide (2026),2026-01-06,26:31,,no
CONTINUING vs AGGRO 4B,3bettor,vs_4bet,4bettor,aggressive 4bettor,KTo,5bet,0,call,0,,0,100,Live Poker Preflop Guide (2026),2026-01-06,26:31,,no
CONTINUING vs AGGRO 4B,3bettor,vs_4bet,4bettor,aggressive 4bettor,QTo,5bet,0,call,0,,0,100,Live Poker Preflop Guide (2026),2026-01-06,26:31,,no
CONTINUING vs AGGRO 4B,3bettor,vs_4bet,4bettor,aggressive 4bettor,JTo,5bet,0,call,0,,0,100,Live Poker Preflop Guide (2026),2026-01-06,26:31,,no
CONTINUING vs AGGRO 4B,3bettor,vs_4bet,4bettor,aggressive 4bettor,TT,5bet,0,call,50,,0,50,Live Poker Preflop Guide (2026),2026-01-06,26:31,"SITUATIONAL (Mark): play this action when you have a bigger edge on the player, lower rake, or deeper stacks; leave it out with an aggressive 4-bettor behind.",yes
CONTINUING vs AGGRO 4B,3bettor,vs_4bet,4bettor,aggressive 4bettor,T9s,5bet,0,call,0,,0,100,Live Poker Preflop Guide (2026),2026-01-06,26:31,,no
CONTINUING vs AGGRO 4B,3bettor,vs_4bet,4bettor,aggressive 4bettor,T8s,5bet,0,call,0,,0,100,Live Poker Preflop Guide (2026),2026-01-06,26:31,,no
CONTINUING vs AGGRO 4B,3bettor,vs_4bet,4bettor,aggressive 4bettor,T7s,5bet,0,call,0,,0,100,Live Poker Preflop Guide (2026),2026-01-06,26:31,,no
CONTINUING vs AGGRO 4B,3bettor,vs_4bet,4bettor,aggressive 4bettor,T6s,5bet,0,call,0,,0,100,Live Poker Preflop Guide (2026),2026-01-06,26:31,,no
CONTINUING vs AGGRO 4B,3bettor,vs_4bet,4bettor,aggressive 4bettor,T5s,5bet,0,call,0,,0,100,Live Poker Preflop Guide (2026),2026-01-06,26:31,,no
CONTINUING vs AGGRO 4B,3bettor,vs_4bet,4bettor,aggressive 4bettor,T4s,5bet,0,call,0,,0,100,Live Poker Preflop Guide (2026),2026-01-06,26:31,,no
CONTINUING vs AGGRO 4B,3bettor,vs_4bet,4bettor,aggressive 4bettor,T3s,5bet,0,call,0,,0,100,Live Poker Preflop Guide (2026),2026-01-06,26:31,,no
CONTINUING vs AGGRO 4B,3bettor,vs_4bet,4bettor,aggressive 4bettor,T2s,5bet,0,call,0,,0,100,Live Poker Preflop Guide (2026),2026-01-06,26:31,,no
CONTINUING vs AGGRO 4B,3bettor,vs_4bet,4bettor,aggressive 4bettor,A9o,5bet,0,call,0,,0,100,Live Poker Preflop Guide (2026),2026-01-06,26:31,,no
CONTINUING vs AGGRO 4B,3bettor,vs_4bet,4bettor,aggressive 4bettor,K9o,5bet,0,call,0,,0,100,Live Poker Preflop Guide (2026),2026-01-06,26:31,,no
CONTINUING vs AGGRO 4B,3bettor,vs_4bet,4bettor,aggressive 4bettor,Q9o,5bet,0,call,0,,0,100,Live Poker Preflop Guide (2026),2026-01-06,26:31,,no
CONTINUING vs AGGRO 4B,3bettor,vs_4bet,4bettor,aggressive 4bettor,J9o,5bet,0,call,0,,0,100,Live Poker Preflop Guide (2026),2026-01-06,26:31,,no
CONTINUING vs AGGRO 4B,3bettor,vs_4bet,4bettor,aggressive 4bettor,T9o,5bet,0,call,0,,0,100,Live Poker Preflop Guide (2026),2026-01-06,26:31,,no
CONTINUING vs AGGRO 4B,3bettor,vs_4bet,4bettor,aggressive 4bettor,99,5bet,0,call,0,,0,100,Live Poker Preflop Guide (2026),2026-01-06,26:31,,no
CONTINUING vs AGGRO 4B,3bettor,vs_4bet,4bettor,aggressive 4bettor,98s,5bet,0,call,0,,0,100,Live Poker Preflop Guide (2026),2026-01-06,26:31,,no
CONTINUING vs AGGRO 4B,3bettor,vs_4bet,4bettor,aggressive 4bettor,97s,5bet,0,call,0,,0,100,Live Poker Preflop Guide (2026),2026-01-06,26:31,,no
CONTINUING vs AGGRO 4B,3bettor,vs_4bet,4bettor,aggressive 4bettor,96s,5bet,0,call,0,,0,100,Live Poker Preflop Guide (2026),2026-01-06,26:31,,no
CONTINUING vs AGGRO 4B,3bettor,vs_4bet,4bettor,aggressive 4bettor,95s,5bet,0,call,0,,0,100,Live Poker Preflop Guide (2026),2026-01-06,26:31,,no
CONTINUING vs AGGRO 4B,3bettor,vs_4bet,4bettor,aggressive 4bettor,94s,5bet,0,call,0,,0,100,Live Poker Preflop Guide (2026),2026-01-06,26:31,,no
CONTINUING vs AGGRO 4B,3bettor,vs_4bet,4bettor,aggressive 4bettor,93s,5bet,0,call,0,,0,100,Live Poker Preflop Guide (2026),2026-01-06,26:31,,no
CONTINUING vs AGGRO 4B,3bettor,vs_4bet,4bettor,aggressive 4bettor,92s,5bet,0,call,0,,0,100,Live Poker Preflop Guide (2026),2026-01-06,26:31,,no
CONTINUING vs AGGRO 4B,3bettor,vs_4bet,4bettor,aggressive 4bettor,A8o,5bet,0,call,0,,0,100,Live Poker Preflop Guide (2026),2026-01-06,26:31,,no
CONTINUING vs AGGRO 4B,3bettor,vs_4bet,4bettor,aggressive 4bettor,K8o,5bet,0,call,0,,0,100,Live Poker Preflop Guide (2026),2026-01-06,26:31,,no
CONTINUING vs AGGRO 4B,3bettor,vs_4bet,4bettor,aggressive 4bettor,Q8o,5bet,0,call,0,,0,100,Live Poker Preflop Guide (2026),2026-01-06,26:31,,no
CONTINUING vs AGGRO 4B,3bettor,vs_4bet,4bettor,aggressive 4bettor,J8o,5bet,0,call,0,,0,100,Live Poker Preflop Guide (2026),2026-01-06,26:31,,no
CONTINUING vs AGGRO 4B,3bettor,vs_4bet,4bettor,aggressive 4bettor,T8o,5bet,0,call,0,,0,100,Live Poker Preflop Guide (2026),2026-01-06,26:31,,no
CONTINUING vs AGGRO 4B,3bettor,vs_4bet,4bettor,aggressive 4bettor,98o,5bet,0,call,0,,0,100,Live Poker Preflop Guide (2026),2026-01-06,26:31,,no
CONTINUING vs AGGRO 4B,3bettor,vs_4bet,4bettor,aggressive 4bettor,88,5bet,0,call,0,,0,100,Live Poker Preflop Guide (2026),2026-01-06,26:31,,no
CONTINUING vs AGGRO 4B,3bettor,vs_4bet,4bettor,aggressive 4bettor,87s,5bet,0,call,50,,0,50,Live Poker Preflop Guide (2026),2026-01-06,26:31,"SITUATIONAL (Mark): play this action when you have a bigger edge on the player, lower rake, or deeper stacks; leave it out with an aggressive 4-bettor behind.",yes
CONTINUING vs AGGRO 4B,3bettor,vs_4bet,4bettor,aggressive 4bettor,86s,5bet,0,call,0,,0,100,Live Poker Preflop Guide (2026),2026-01-06,26:31,,no
CONTINUING vs AGGRO 4B,3bettor,vs_4bet,4bettor,aggressive 4bettor,85s,5bet,0,call,0,,0,100,Live Poker Preflop Guide (2026),2026-01-06,26:31,,no
CONTINUING vs AGGRO 4B,3bettor,vs_4bet,4bettor,aggressive 4bettor,84s,5bet,0,call,0,,0,100,Live Poker Preflop Guide (2026),2026-01-06,26:31,,no
CONTINUING vs AGGRO 4B,3bettor,vs_4bet,4bettor,aggressive 4bettor,83s,5bet,0,call,0,,0,100,Live Poker Preflop Guide (2026),2026-01-06,26:31,,no
CONTINUING vs AGGRO 4B,3bettor,vs_4bet,4bettor,aggressive 4bettor,82s,5bet,0,call,0,,0,100,Live Poker Preflop Guide (2026),2026-01-06,26:31,,no
CONTINUING vs AGGRO 4B,3bettor,vs_4bet,4bettor,aggressive 4bettor,A7o,5bet,0,call,0,,0,100,Live Poker Preflop Guide (2026),2026-01-06,26:31,,no
CONTINUING vs AGGRO 4B,3bettor,vs_4bet,4bettor,aggressive 4bettor,K7o,5bet,0,call,0,,0,100,Live Poker Preflop Guide (2026),2026-01-06,26:31,,no
CONTINUING vs AGGRO 4B,3bettor,vs_4bet,4bettor,aggressive 4bettor,Q7o,5bet,0,call,0,,0,100,Live Poker Preflop Guide (2026),2026-01-06,26:31,,no
CONTINUING vs AGGRO 4B,3bettor,vs_4bet,4bettor,aggressive 4bettor,J7o,5bet,0,call,0,,0,100,Live Poker Preflop Guide (2026),2026-01-06,26:31,,no
CONTINUING vs AGGRO 4B,3bettor,vs_4bet,4bettor,aggressive 4bettor,T7o,5bet,0,call,0,,0,100,Live Poker Preflop Guide (2026),2026-01-06,26:31,,no
CONTINUING vs AGGRO 4B,3bettor,vs_4bet,4bettor,aggressive 4bettor,97o,5bet,0,call,0,,0,100,Live Poker Preflop Guide (2026),2026-01-06,26:31,,no
CONTINUING vs AGGRO 4B,3bettor,vs_4bet,4bettor,aggressive 4bettor,87o,5bet,0,call,0,,0,100,Live Poker Preflop Guide (2026),2026-01-06,26:31,,no
CONTINUING vs AGGRO 4B,3bettor,vs_4bet,4bettor,aggressive 4bettor,77,5bet,0,call,0,,0,100,Live Poker Preflop Guide (2026),2026-01-06,26:31,,no
CONTINUING vs AGGRO 4B,3bettor,vs_4bet,4bettor,aggressive 4bettor,76s,5bet,0,call,50,,0,50,Live Poker Preflop Guide (2026),2026-01-06,26:31,"SITUATIONAL (Mark): play this action when you have a bigger edge on the player, lower rake, or deeper stacks; leave it out with an aggressive 4-bettor behind.",yes
CONTINUING vs AGGRO 4B,3bettor,vs_4bet,4bettor,aggressive 4bettor,75s,5bet,0,call,0,,0,100,Live Poker Preflop Guide (2026),2026-01-06,26:31,,no
CONTINUING vs AGGRO 4B,3bettor,vs_4bet,4bettor,aggressive 4bettor,74s,5bet,0,call,0,,0,100,Live Poker Preflop Guide (2026),2026-01-06,26:31,,no
CONTINUING vs AGGRO 4B,3bettor,vs_4bet,4bettor,aggressive 4bettor,73s,5bet,0,call,0,,0,100,Live Poker Preflop Guide (2026),2026-01-06,26:31,,no
CONTINUING vs AGGRO 4B,3bettor,vs_4bet,4bettor,aggressive 4bettor,72s,5bet,0,call,0,,0,100,Live Poker Preflop Guide (2026),2026-01-06,26:31,,no
CONTINUING vs AGGRO 4B,3bettor,vs_4bet,4bettor,aggressive 4bettor,A6o,5bet,0,call,0,,0,100,Live Poker Preflop Guide (2026),2026-01-06,26:31,,no
CONTINUING vs AGGRO 4B,3bettor,vs_4bet,4bettor,aggressive 4bettor,K6o,5bet,0,call,0,,0,100,Live Poker Preflop Guide (2026),2026-01-06,26:31,,no
CONTINUING vs AGGRO 4B,3bettor,vs_4bet,4bettor,aggressive 4bettor,Q6o,5bet,0,call,0,,0,100,Live Poker Preflop Guide (2026),2026-01-06,26:31,,no
CONTINUING vs AGGRO 4B,3bettor,vs_4bet,4bettor,aggressive 4bettor,J6o,5bet,0,call,0,,0,100,Live Poker Preflop Guide (2026),2026-01-06,26:31,,no
CONTINUING vs AGGRO 4B,3bettor,vs_4bet,4bettor,aggressive 4bettor,T6o,5bet,0,call,0,,0,100,Live Poker Preflop Guide (2026),2026-01-06,26:31,,no
CONTINUING vs AGGRO 4B,3bettor,vs_4bet,4bettor,aggressive 4bettor,96o,5bet,0,call,0,,0,100,Live Poker Preflop Guide (2026),2026-01-06,26:31,,no
CONTINUING vs AGGRO 4B,3bettor,vs_4bet,4bettor,aggressive 4bettor,86o,5bet,0,call,0,,0,100,Live Poker Preflop Guide (2026),2026-01-06,26:31,,no
CONTINUING vs AGGRO 4B,3bettor,vs_4bet,4bettor,aggressive 4bettor,76o,5bet,0,call,0,,0,100,Live Poker Preflop Guide (2026),2026-01-06,26:31,,no
CONTINUING vs AGGRO 4B,3bettor,vs_4bet,4bettor,aggressive 4bettor,66,5bet,0,call,0,,0,100,Live Poker Preflop Guide (2026),2026-01-06,26:31,,no
CONTINUING vs AGGRO 4B,3bettor,vs_4bet,4bettor,aggressive 4bettor,65s,5bet,0,call,50,,0,50,Live Poker Preflop Guide (2026),2026-01-06,26:31,"SITUATIONAL (Mark): play this action when you have a bigger edge on the player, lower rake, or deeper stacks; leave it out with an aggressive 4-bettor behind.",yes
CONTINUING vs AGGRO 4B,3bettor,vs_4bet,4bettor,aggressive 4bettor,64s,5bet,0,call,0,,0,100,Live Poker Preflop Guide (2026),2026-01-06,26:31,,no
CONTINUING vs AGGRO 4B,3bettor,vs_4bet,4bettor,aggressive 4bettor,63s,5bet,0,call,0,,0,100,Live Poker Preflop Guide (2026),2026-01-06,26:31,,no
CONTINUING vs AGGRO 4B,3bettor,vs_4bet,4bettor,aggressive 4bettor,62s,5bet,0,call,0,,0,100,Live Poker Preflop Guide (2026),2026-01-06,26:31,,no
CONTINUING vs AGGRO 4B,3bettor,vs_4bet,4bettor,aggressive 4bettor,A5o,5bet,0,call,0,,0,100,Live Poker Preflop Guide (2026),2026-01-06,26:31,,no
CONTINUING vs AGGRO 4B,3bettor,vs_4bet,4bettor,aggressive 4bettor,K5o,5bet,0,call,0,,0,100,Live Poker Preflop Guide (2026),2026-01-06,26:31,,no
CONTINUING vs AGGRO 4B,3bettor,vs_4bet,4bettor,aggressive 4bettor,Q5o,5bet,0,call,0,,0,100,Live Poker Preflop Guide (2026),2026-01-06,26:31,,no
CONTINUING vs AGGRO 4B,3bettor,vs_4bet,4bettor,aggressive 4bettor,J5o,5bet,0,call,0,,0,100,Live Poker Preflop Guide (2026),2026-01-06,26:31,,no
CONTINUING vs AGGRO 4B,3bettor,vs_4bet,4bettor,aggressive 4bettor,T5o,5bet,0,call,0,,0,100,Live Poker Preflop Guide (2026),2026-01-06,26:31,,no
CONTINUING vs AGGRO 4B,3bettor,vs_4bet,4bettor,aggressive 4bettor,95o,5bet,0,call,0,,0,100,Live Poker Preflop Guide (2026),2026-01-06,26:31,,no
CONTINUING vs AGGRO 4B,3bettor,vs_4bet,4bettor,aggressive 4bettor,85o,5bet,0,call,0,,0,100,Live Poker Preflop Guide (2026),2026-01-06,26:31,,no
CONTINUING vs AGGRO 4B,3bettor,vs_4bet,4bettor,aggressive 4bettor,75o,5bet,0,call,0,,0,100,Live Poker Preflop Guide (2026),2026-01-06,26:31,,no
CONTINUING vs AGGRO 4B,3bettor,vs_4bet,4bettor,aggressive 4bettor,65o,5bet,0,call,0,,0,100,Live Poker Preflop Guide (2026),2026-01-06,26:31,,no
CONTINUING vs AGGRO 4B,3bettor,vs_4bet,4bettor,aggressive 4bettor,55,5bet,0,call,0,,0,100,Live Poker Preflop Guide (2026),2026-01-06,26:31,,no
CONTINUING vs AGGRO 4B,3bettor,vs_4bet,4bettor,aggressive 4bettor,54s,5bet,0,call,50,,0,50,Live Poker Preflop Guide (2026),2026-01-06,26:31,"SITUATIONAL (Mark): play this action when you have a bigger edge on the player, lower rake, or deeper stacks; leave it out with an aggressive 4-bettor behind.",yes
CONTINUING vs AGGRO 4B,3bettor,vs_4bet,4bettor,aggressive 4bettor,53s,5bet,0,call,0,,0,100,Live Poker Preflop Guide (2026),2026-01-06,26:31,,no
CONTINUING vs AGGRO 4B,3bettor,vs_4bet,4bettor,aggressive 4bettor,52s,5bet,0,call,0,,0,100,Live Poker Preflop Guide (2026),2026-01-06,26:31,,no
CONTINUING vs AGGRO 4B,3bettor,vs_4bet,4bettor,aggressive 4bettor,A4o,5bet,0,call,0,,0,100,Live Poker Preflop Guide (2026),2026-01-06,26:31,,no
CONTINUING vs AGGRO 4B,3bettor,vs_4bet,4bettor,aggressive 4bettor,K4o,5bet,0,call,0,,0,100,Live Poker Preflop Guide (2026),2026-01-06,26:31,,no
CONTINUING vs AGGRO 4B,3bettor,vs_4bet,4bettor,aggressive 4bettor,Q4o,5bet,0,call,0,,0,100,Live Poker Preflop Guide (2026),2026-01-06,26:31,,no
CONTINUING vs AGGRO 4B,3bettor,vs_4bet,4bettor,aggressive 4bettor,J4o,5bet,0,call,0,,0,100,Live Poker Preflop Guide (2026),2026-01-06,26:31,,no
CONTINUING vs AGGRO 4B,3bettor,vs_4bet,4bettor,aggressive 4bettor,T4o,5bet,0,call,0,,0,100,Live Poker Preflop Guide (2026),2026-01-06,26:31,,no
CONTINUING vs AGGRO 4B,3bettor,vs_4bet,4bettor,aggressive 4bettor,94o,5bet,0,call,0,,0,100,Live Poker Preflop Guide (2026),2026-01-06,26:31,,no
CONTINUING vs AGGRO 4B,3bettor,vs_4bet,4bettor,aggressive 4bettor,84o,5bet,0,call,0,,0,100,Live Poker Preflop Guide (2026),2026-01-06,26:31,,no
CONTINUING vs AGGRO 4B,3bettor,vs_4bet,4bettor,aggressive 4bettor,74o,5bet,0,call,0,,0,100,Live Poker Preflop Guide (2026),2026-01-06,26:31,,no
CONTINUING vs AGGRO 4B,3bettor,vs_4bet,4bettor,aggressive 4bettor,64o,5bet,0,call,0,,0,100,Live Poker Preflop Guide (2026),2026-01-06,26:31,,no
CONTINUING vs AGGRO 4B,3bettor,vs_4bet,4bettor,aggressive 4bettor,54o,5bet,0,call,0,,0,100,Live Poker Preflop Guide (2026),2026-01-06,26:31,,no
CONTINUING vs AGGRO 4B,3bettor,vs_4bet,4bettor,aggressive 4bettor,44,5bet,0,call,0,,0,100,Live Poker Preflop Guide (2026),2026-01-06,26:31,,no
CONTINUING vs AGGRO 4B,3bettor,vs_4bet,4bettor,aggressive 4bettor,43s,5bet,0,call,0,,0,100,Live Poker Preflop Guide (2026),2026-01-06,26:31,,no
CONTINUING vs AGGRO 4B,3bettor,vs_4bet,4bettor,aggressive 4bettor,42s,5bet,0,call,0,,0,100,Live Poker Preflop Guide (2026),2026-01-06,26:31,,no
CONTINUING vs AGGRO 4B,3bettor,vs_4bet,4bettor,aggressive 4bettor,A3o,5bet,0,call,0,,0,100,Live Poker Preflop Guide (2026),2026-01-06,26:31,,no
CONTINUING vs AGGRO 4B,3bettor,vs_4bet,4bettor,aggressive 4bettor,K3o,5bet,0,call,0,,0,100,Live Poker Preflop Guide (2026),2026-01-06,26:31,,no
CONTINUING vs AGGRO 4B,3bettor,vs_4bet,4bettor,aggressive 4bettor,Q3o,5bet,0,call,0,,0,100,Live Poker Preflop Guide (2026),2026-01-06,26:31,,no
CONTINUING vs AGGRO 4B,3bettor,vs_4bet,4bettor,aggressive 4bettor,J3o,5bet,0,call,0,,0,100,Live Poker Preflop Guide (2026),2026-01-06,26:31,,no
CONTINUING vs AGGRO 4B,3bettor,vs_4bet,4bettor,aggressive 4bettor,T3o,5bet,0,call,0,,0,100,Live Poker Preflop Guide (2026),2026-01-06,26:31,,no
CONTINUING vs AGGRO 4B,3bettor,vs_4bet,4bettor,aggressive 4bettor,93o,5bet,0,call,0,,0,100,Live Poker Preflop Guide (2026),2026-01-06,26:31,,no
CONTINUING vs AGGRO 4B,3bettor,vs_4bet,4bettor,aggressive 4bettor,83o,5bet,0,call,0,,0,100,Live Poker Preflop Guide (2026),2026-01-06,26:31,,no
CONTINUING vs AGGRO 4B,3bettor,vs_4bet,4bettor,aggressive 4bettor,73o,5bet,0,call,0,,0,100,Live Poker Preflop Guide (2026),2026-01-06,26:31,,no
CONTINUING vs AGGRO 4B,3bettor,vs_4bet,4bettor,aggressive 4bettor,63o,5bet,0,call,0,,0,100,Live Poker Preflop Guide (2026),2026-01-06,26:31,,no
CONTINUING vs AGGRO 4B,3bettor,vs_4bet,4bettor,aggressive 4bettor,53o,5bet,0,call,0,,0,100,Live Poker Preflop Guide (2026),2026-01-06,26:31,,no
CONTINUING vs AGGRO 4B,3bettor,vs_4bet,4bettor,aggressive 4bettor,43o,5bet,0,call,0,,0,100,Live Poker Preflop Guide (2026),2026-01-06,26:31,,no
CONTINUING vs AGGRO 4B,3bettor,vs_4bet,4bettor,aggressive 4bettor,33,5bet,0,call,0,,0,100,Live Poker Preflop Guide (2026),2026-01-06,26:31,,no
CONTINUING vs AGGRO 4B,3bettor,vs_4bet,4bettor,aggressive 4bettor,32s,5bet,0,call,0,,0,100,Live Poker Preflop Guide (2026),2026-01-06,26:31,,no
CONTINUING vs AGGRO 4B,3bettor,vs_4bet,4bettor,aggressive 4bettor,A2o,5bet,0,call,0,,0,100,Live Poker Preflop Guide (2026),2026-01-06,26:31,,no
CONTINUING vs AGGRO 4B,3bettor,vs_4bet,4bettor,aggressive 4bettor,K2o,5bet,0,call,0,,0,100,Live Poker Preflop Guide (2026),2026-01-06,26:31,,no
CONTINUING vs AGGRO 4B,3bettor,vs_4bet,4bettor,aggressive 4bettor,Q2o,5bet,0,call,0,,0,100,Live Poker Preflop Guide (2026),2026-01-06,26:31,,no
CONTINUING vs AGGRO 4B,3bettor,vs_4bet,4bettor,aggressive 4bettor,J2o,5bet,0,call,0,,0,100,Live Poker Preflop Guide (2026),2026-01-06,26:31,,no
CONTINUING vs AGGRO 4B,3bettor,vs_4bet,4bettor,aggressive 4bettor,T2o,5bet,0,call,0,,0,100,Live Poker Preflop Guide (2026),2026-01-06,26:31,,no
CONTINUING vs AGGRO 4B,3bettor,vs_4bet,4bettor,aggressive 4bettor,92o,5bet,0,call,0,,0,100,Live Poker Preflop Guide (2026),2026-01-06,26:31,,no
CONTINUING vs AGGRO 4B,3bettor,vs_4bet,4bettor,aggressive 4bettor,82o,5bet,0,call,0,,0,100,Live Poker Preflop Guide (2026),2026-01-06,26:31,,no
CONTINUING vs AGGRO 4B,3bettor,vs_4bet,4bettor,aggressive 4bettor,72o,5bet,0,call,0,,0,100,Live Poker Preflop Guide (2026),2026-01-06,26:31,,no
CONTINUING vs AGGRO 4B,3bettor,vs_4bet,4bettor,aggressive 4bettor,62o,5bet,0,call,0,,0,100,Live Poker Preflop Guide (2026),2026-01-06,26:31,,no
CONTINUING vs AGGRO 4B,3bettor,vs_4bet,4bettor,aggressive 4bettor,52o,5bet,0,call,0,,0,100,Live Poker Preflop Guide (2026),2026-01-06,26:31,,no
CONTINUING vs AGGRO 4B,3bettor,vs_4bet,4bettor,aggressive 4bettor,42o,5bet,0,call,0,,0,100,Live Poker Preflop Guide (2026),2026-01-06,26:31,,no
CONTINUING vs AGGRO 4B,3bettor,vs_4bet,4bettor,aggressive 4bettor,32o,5bet,0,call,0,,0,100,Live Poker Preflop Guide (2026),2026-01-06,26:31,,no
CONTINUING vs AGGRO 4B,3bettor,vs_4bet,4bettor,aggressive 4bettor,22,5bet,0,call,0,,0,100,Live Poker Preflop Guide (2026),2026-01-06,26:31,,no
EP OPEN RANGE,EP,open,,,AA,raise,100,,0,,0,0,Live Poker PREFLOP BIBLE,2024-04-30,2:57,"SUPERSEDED by 2026 'RFI - EP - 200BB' (same coach, newer video wins).",no
EP OPEN RANGE,EP,open,,,AKs,raise,100,,0,,0,0,Live Poker PREFLOP BIBLE,2024-04-30,2:57,"SUPERSEDED by 2026 'RFI - EP - 200BB' (same coach, newer video wins).",no
EP OPEN RANGE,EP,open,,,AQs,raise,100,,0,,0,0,Live Poker PREFLOP BIBLE,2024-04-30,2:57,"SUPERSEDED by 2026 'RFI - EP - 200BB' (same coach, newer video wins).",no
EP OPEN RANGE,EP,open,,,AJs,raise,100,,0,,0,0,Live Poker PREFLOP BIBLE,2024-04-30,2:57,"SUPERSEDED by 2026 'RFI - EP - 200BB' (same coach, newer video wins).",no
EP OPEN RANGE,EP,open,,,ATs,raise,100,,0,,0,0,Live Poker PREFLOP BIBLE,2024-04-30,2:57,"SUPERSEDED by 2026 'RFI - EP - 200BB' (same coach, newer video wins).",no
EP OPEN RANGE,EP,open,,,A9s,raise,100,,0,,0,0,Live Poker PREFLOP BIBLE,2024-04-30,2:57,"SUPERSEDED by 2026 'RFI - EP - 200BB' (same coach, newer video wins).",no
EP OPEN RANGE,EP,open,,,A8s,raise,0,,0,,0,100,Live Poker PREFLOP BIBLE,2024-04-30,2:57,"SUPERSEDED by 2026 'RFI - EP - 200BB' (same coach, newer video wins).",no
EP OPEN RANGE,EP,open,,,A7s,raise,0,,0,,0,100,Live Poker PREFLOP BIBLE,2024-04-30,2:57,"SUPERSEDED by 2026 'RFI - EP - 200BB' (same coach, newer video wins).",no
EP OPEN RANGE,EP,open,,,A6s,raise,0,,0,,0,100,Live Poker PREFLOP BIBLE,2024-04-30,2:57,"SUPERSEDED by 2026 'RFI - EP - 200BB' (same coach, newer video wins).",no
EP OPEN RANGE,EP,open,,,A5s,raise,100,,0,,0,0,Live Poker PREFLOP BIBLE,2024-04-30,2:57,"SUPERSEDED by 2026 'RFI - EP - 200BB' (same coach, newer video wins).",no
EP OPEN RANGE,EP,open,,,A4s,raise,100,,0,,0,0,Live Poker PREFLOP BIBLE,2024-04-30,2:57,"SUPERSEDED by 2026 'RFI - EP - 200BB' (same coach, newer video wins).",no
EP OPEN RANGE,EP,open,,,A3s,raise,100,,0,,0,0,Live Poker PREFLOP BIBLE,2024-04-30,2:57,"SUPERSEDED by 2026 'RFI - EP - 200BB' (same coach, newer video wins).",no
EP OPEN RANGE,EP,open,,,A2s,raise,0,,0,,0,100,Live Poker PREFLOP BIBLE,2024-04-30,2:57,"SUPERSEDED by 2026 'RFI - EP - 200BB' (same coach, newer video wins).",no
EP OPEN RANGE,EP,open,,,AKo,raise,100,,0,,0,0,Live Poker PREFLOP BIBLE,2024-04-30,2:57,"SUPERSEDED by 2026 'RFI - EP - 200BB' (same coach, newer video wins).",no
EP OPEN RANGE,EP,open,,,KK,raise,100,,0,,0,0,Live Poker PREFLOP BIBLE,2024-04-30,2:57,"SUPERSEDED by 2026 'RFI - EP - 200BB' (same coach, newer video wins).",no
EP OPEN RANGE,EP,open,,,KQs,raise,100,,0,,0,0,Live Poker PREFLOP BIBLE,2024-04-30,2:57,"SUPERSEDED by 2026 'RFI - EP - 200BB' (same coach, newer video wins).",no
EP OPEN RANGE,EP,open,,,KJs,raise,100,,0,,0,0,Live Poker PREFLOP BIBLE,2024-04-30,2:57,"SUPERSEDED by 2026 'RFI - EP - 200BB' (same coach, newer video wins).",no
EP OPEN RANGE,EP,open,,,KTs,raise,100,,0,,0,0,Live Poker PREFLOP BIBLE,2024-04-30,2:57,"SUPERSEDED by 2026 'RFI - EP - 200BB' (same coach, newer video wins).",no
EP OPEN RANGE,EP,open,,,K9s,raise,100,,0,,0,0,Live Poker PREFLOP BIBLE,2024-04-30,2:57,"SUPERSEDED by 2026 'RFI - EP - 200BB' (same coach, newer video wins).",no
EP OPEN RANGE,EP,open,,,K8s,raise,0,,0,,0,100,Live Poker PREFLOP BIBLE,2024-04-30,2:57,"SUPERSEDED by 2026 'RFI - EP - 200BB' (same coach, newer video wins).",no
EP OPEN RANGE,EP,open,,,K7s,raise,0,,0,,0,100,Live Poker PREFLOP BIBLE,2024-04-30,2:57,"SUPERSEDED by 2026 'RFI - EP - 200BB' (same coach, newer video wins).",no
EP OPEN RANGE,EP,open,,,K6s,raise,0,,0,,0,100,Live Poker PREFLOP BIBLE,2024-04-30,2:57,"SUPERSEDED by 2026 'RFI - EP - 200BB' (same coach, newer video wins).",no
EP OPEN RANGE,EP,open,,,K5s,raise,0,,0,,0,100,Live Poker PREFLOP BIBLE,2024-04-30,2:57,"SUPERSEDED by 2026 'RFI - EP - 200BB' (same coach, newer video wins).",no
EP OPEN RANGE,EP,open,,,K4s,raise,0,,0,,0,100,Live Poker PREFLOP BIBLE,2024-04-30,2:57,"SUPERSEDED by 2026 'RFI - EP - 200BB' (same coach, newer video wins).",no
EP OPEN RANGE,EP,open,,,K3s,raise,0,,0,,0,100,Live Poker PREFLOP BIBLE,2024-04-30,2:57,"SUPERSEDED by 2026 'RFI - EP - 200BB' (same coach, newer video wins).",no
EP OPEN RANGE,EP,open,,,K2s,raise,0,,0,,0,100,Live Poker PREFLOP BIBLE,2024-04-30,2:57,"SUPERSEDED by 2026 'RFI - EP - 200BB' (same coach, newer video wins).",no
EP OPEN RANGE,EP,open,,,AQo,raise,100,,0,,0,0,Live Poker PREFLOP BIBLE,2024-04-30,2:57,"SUPERSEDED by 2026 'RFI - EP - 200BB' (same coach, newer video wins).",no
EP OPEN RANGE,EP,open,,,KQo,raise,0,,0,,0,100,Live Poker PREFLOP BIBLE,2024-04-30,2:57,"SUPERSEDED by 2026 'RFI - EP - 200BB' (same coach, newer video wins).",no
EP OPEN RANGE,EP,open,,,QQ,raise,100,,0,,0,0,Live Poker PREFLOP BIBLE,2024-04-30,2:57,"SUPERSEDED by 2026 'RFI - EP - 200BB' (same coach, newer video wins).",no
EP OPEN RANGE,EP,open,,,QJs,raise,100,,0,,0,0,Live Poker PREFLOP BIBLE,2024-04-30,2:57,"SUPERSEDED by 2026 'RFI - EP - 200BB' (same coach, newer video wins).",no
EP OPEN RANGE,EP,open,,,QTs,raise,100,,0,,0,0,Live Poker PREFLOP BIBLE,2024-04-30,2:57,"SUPERSEDED by 2026 'RFI - EP - 200BB' (same coach, newer video wins).",no
EP OPEN RANGE,EP,open,,,Q9s,raise,100,,0,,0,0,Live Poker PREFLOP BIBLE,2024-04-30,2:57,"SUPERSEDED by 2026 'RFI - EP - 200BB' (same coach, newer video wins).",no
EP OPEN RANGE,EP,open,,,Q8s,raise,0,,0,,0,100,Live Poker PREFLOP BIBLE,2024-04-30,2:57,"SUPERSEDED by 2026 'RFI - EP - 200BB' (same coach, newer video wins).",no
EP OPEN RANGE,EP,open,,,Q7s,raise,0,,0,,0,100,Live Poker PREFLOP BIBLE,2024-04-30,2:57,"SUPERSEDED by 2026 'RFI - EP - 200BB' (same coach, newer video wins).",no
EP OPEN RANGE,EP,open,,,Q6s,raise,0,,0,,0,100,Live Poker PREFLOP BIBLE,2024-04-30,2:57,"SUPERSEDED by 2026 'RFI - EP - 200BB' (same coach, newer video wins).",no
EP OPEN RANGE,EP,open,,,Q5s,raise,0,,0,,0,100,Live Poker PREFLOP BIBLE,2024-04-30,2:57,"SUPERSEDED by 2026 'RFI - EP - 200BB' (same coach, newer video wins).",no
EP OPEN RANGE,EP,open,,,Q4s,raise,0,,0,,0,100,Live Poker PREFLOP BIBLE,2024-04-30,2:57,"SUPERSEDED by 2026 'RFI - EP - 200BB' (same coach, newer video wins).",no
EP OPEN RANGE,EP,open,,,Q3s,raise,0,,0,,0,100,Live Poker PREFLOP BIBLE,2024-04-30,2:57,"SUPERSEDED by 2026 'RFI - EP - 200BB' (same coach, newer video wins).",no
EP OPEN RANGE,EP,open,,,Q2s,raise,0,,0,,0,100,Live Poker PREFLOP BIBLE,2024-04-30,2:57,"SUPERSEDED by 2026 'RFI - EP - 200BB' (same coach, newer video wins).",no
EP OPEN RANGE,EP,open,,,AJo,raise,0,,0,,0,100,Live Poker PREFLOP BIBLE,2024-04-30,2:57,"SUPERSEDED by 2026 'RFI - EP - 200BB' (same coach, newer video wins).",no
EP OPEN RANGE,EP,open,,,KJo,raise,0,,0,,0,100,Live Poker PREFLOP BIBLE,2024-04-30,2:57,"SUPERSEDED by 2026 'RFI - EP - 200BB' (same coach, newer video wins).",no
EP OPEN RANGE,EP,open,,,QJo,raise,0,,0,,0,100,Live Poker PREFLOP BIBLE,2024-04-30,2:57,"SUPERSEDED by 2026 'RFI - EP - 200BB' (same coach, newer video wins).",no
EP OPEN RANGE,EP,open,,,JJ,raise,100,,0,,0,0,Live Poker PREFLOP BIBLE,2024-04-30,2:57,"SUPERSEDED by 2026 'RFI - EP - 200BB' (same coach, newer video wins).",no
EP OPEN RANGE,EP,open,,,JTs,raise,100,,0,,0,0,Live Poker PREFLOP BIBLE,2024-04-30,2:57,"SUPERSEDED by 2026 'RFI - EP - 200BB' (same coach, newer video wins).",no
EP OPEN RANGE,EP,open,,,J9s,raise,100,,0,,0,0,Live Poker PREFLOP BIBLE,2024-04-30,2:57,"SUPERSEDED by 2026 'RFI - EP - 200BB' (same coach, newer video wins).",no
EP OPEN RANGE,EP,open,,,J8s,raise,0,,0,,0,100,Live Poker PREFLOP BIBLE,2024-04-30,2:57,"SUPERSEDED by 2026 'RFI - EP - 200BB' (same coach, newer video wins).",no
EP OPEN RANGE,EP,open,,,J7s,raise,0,,0,,0,100,Live Poker PREFLOP BIBLE,2024-04-30,2:57,"SUPERSEDED by 2026 'RFI - EP - 200BB' (same coach, newer video wins).",no
EP OPEN RANGE,EP,open,,,J6s,raise,0,,0,,0,100,Live Poker PREFLOP BIBLE,2024-04-30,2:57,"SUPERSEDED by 2026 'RFI - EP - 200BB' (same coach, newer video wins).",no
EP OPEN RANGE,EP,open,,,J5s,raise,0,,0,,0,100,Live Poker PREFLOP BIBLE,2024-04-30,2:57,"SUPERSEDED by 2026 'RFI - EP - 200BB' (same coach, newer video wins).",no
EP OPEN RANGE,EP,open,,,J4s,raise,0,,0,,0,100,Live Poker PREFLOP BIBLE,2024-04-30,2:57,"SUPERSEDED by 2026 'RFI - EP - 200BB' (same coach, newer video wins).",no
EP OPEN RANGE,EP,open,,,J3s,raise,0,,0,,0,100,Live Poker PREFLOP BIBLE,2024-04-30,2:57,"SUPERSEDED by 2026 'RFI - EP - 200BB' (same coach, newer video wins).",no
EP OPEN RANGE,EP,open,,,J2s,raise,0,,0,,0,100,Live Poker PREFLOP BIBLE,2024-04-30,2:57,"SUPERSEDED by 2026 'RFI - EP - 200BB' (same coach, newer video wins).",no
EP OPEN RANGE,EP,open,,,ATo,raise,0,,0,,0,100,Live Poker PREFLOP BIBLE,2024-04-30,2:57,"SUPERSEDED by 2026 'RFI - EP - 200BB' (same coach, newer video wins).",no
EP OPEN RANGE,EP,open,,,KTo,raise,0,,0,,0,100,Live Poker PREFLOP BIBLE,2024-04-30,2:57,"SUPERSEDED by 2026 'RFI - EP - 200BB' (same coach, newer video wins).",no
EP OPEN RANGE,EP,open,,,QTo,raise,0,,0,,0,100,Live Poker PREFLOP BIBLE,2024-04-30,2:57,"SUPERSEDED by 2026 'RFI - EP - 200BB' (same coach, newer video wins).",no
EP OPEN RANGE,EP,open,,,JTo,raise,0,,0,,0,100,Live Poker PREFLOP BIBLE,2024-04-30,2:57,"SUPERSEDED by 2026 'RFI - EP - 200BB' (same coach, newer video wins).",no
EP OPEN RANGE,EP,open,,,TT,raise,100,,0,,0,0,Live Poker PREFLOP BIBLE,2024-04-30,2:57,"SUPERSEDED by 2026 'RFI - EP - 200BB' (same coach, newer video wins).",no
EP OPEN RANGE,EP,open,,,T9s,raise,100,,0,,0,0,Live Poker PREFLOP BIBLE,2024-04-30,2:57,"SUPERSEDED by 2026 'RFI - EP - 200BB' (same coach, newer video wins).",no
EP OPEN RANGE,EP,open,,,T8s,raise,0,,0,,0,100,Live Poker PREFLOP BIBLE,2024-04-30,2:57,"SUPERSEDED by 2026 'RFI - EP - 200BB' (same coach, newer video wins).",no
EP OPEN RANGE,EP,open,,,T7s,raise,0,,0,,0,100,Live Poker PREFLOP BIBLE,2024-04-30,2:57,"SUPERSEDED by 2026 'RFI - EP - 200BB' (same coach, newer video wins).",no
EP OPEN RANGE,EP,open,,,T6s,raise,0,,0,,0,100,Live Poker PREFLOP BIBLE,2024-04-30,2:57,"SUPERSEDED by 2026 'RFI - EP - 200BB' (same coach, newer video wins).",no
EP OPEN RANGE,EP,open,,,T5s,raise,0,,0,,0,100,Live Poker PREFLOP BIBLE,2024-04-30,2:57,"SUPERSEDED by 2026 'RFI - EP - 200BB' (same coach, newer video wins).",no
EP OPEN RANGE,EP,open,,,T4s,raise,0,,0,,0,100,Live Poker PREFLOP BIBLE,2024-04-30,2:57,"SUPERSEDED by 2026 'RFI - EP - 200BB' (same coach, newer video wins).",no
EP OPEN RANGE,EP,open,,,T3s,raise,0,,0,,0,100,Live Poker PREFLOP BIBLE,2024-04-30,2:57,"SUPERSEDED by 2026 'RFI - EP - 200BB' (same coach, newer video wins).",no
EP OPEN RANGE,EP,open,,,T2s,raise,0,,0,,0,100,Live Poker PREFLOP BIBLE,2024-04-30,2:57,"SUPERSEDED by 2026 'RFI - EP - 200BB' (same coach, newer video wins).",no
EP OPEN RANGE,EP,open,,,A9o,raise,0,,0,,0,100,Live Poker PREFLOP BIBLE,2024-04-30,2:57,"SUPERSEDED by 2026 'RFI - EP - 200BB' (same coach, newer video wins).",no
EP OPEN RANGE,EP,open,,,K9o,raise,0,,0,,0,100,Live Poker PREFLOP BIBLE,2024-04-30,2:57,"SUPERSEDED by 2026 'RFI - EP - 200BB' (same coach, newer video wins).",no
EP OPEN RANGE,EP,open,,,Q9o,raise,0,,0,,0,100,Live Poker PREFLOP BIBLE,2024-04-30,2:57,"SUPERSEDED by 2026 'RFI - EP - 200BB' (same coach, newer video wins).",no
EP OPEN RANGE,EP,open,,,J9o,raise,0,,0,,0,100,Live Poker PREFLOP BIBLE,2024-04-30,2:57,"SUPERSEDED by 2026 'RFI - EP - 200BB' (same coach, newer video wins).",no
EP OPEN RANGE,EP,open,,,T9o,raise,0,,0,,0,100,Live Poker PREFLOP BIBLE,2024-04-30,2:57,"SUPERSEDED by 2026 'RFI - EP - 200BB' (same coach, newer video wins).",no
EP OPEN RANGE,EP,open,,,99,raise,100,,0,,0,0,Live Poker PREFLOP BIBLE,2024-04-30,2:57,"SUPERSEDED by 2026 'RFI - EP - 200BB' (same coach, newer video wins).",no
EP OPEN RANGE,EP,open,,,98s,raise,100,,0,,0,0,Live Poker PREFLOP BIBLE,2024-04-30,2:57,"SUPERSEDED by 2026 'RFI - EP - 200BB' (same coach, newer video wins).",no
EP OPEN RANGE,EP,open,,,97s,raise,0,,0,,0,100,Live Poker PREFLOP BIBLE,2024-04-30,2:57,"SUPERSEDED by 2026 'RFI - EP - 200BB' (same coach, newer video wins).",no
EP OPEN RANGE,EP,open,,,96s,raise,0,,0,,0,100,Live Poker PREFLOP BIBLE,2024-04-30,2:57,"SUPERSEDED by 2026 'RFI - EP - 200BB' (same coach, newer video wins).",no
EP OPEN RANGE,EP,open,,,95s,raise,0,,0,,0,100,Live Poker PREFLOP BIBLE,2024-04-30,2:57,"SUPERSEDED by 2026 'RFI - EP - 200BB' (same coach, newer video wins).",no
EP OPEN RANGE,EP,open,,,94s,raise,0,,0,,0,100,Live Poker PREFLOP BIBLE,2024-04-30,2:57,"SUPERSEDED by 2026 'RFI - EP - 200BB' (same coach, newer video wins).",no
EP OPEN RANGE,EP,open,,,93s,raise,0,,0,,0,100,Live Poker PREFLOP BIBLE,2024-04-30,2:57,"SUPERSEDED by 2026 'RFI - EP - 200BB' (same coach, newer video wins).",no
EP OPEN RANGE,EP,open,,,92s,raise,0,,0,,0,100,Live Poker PREFLOP BIBLE,2024-04-30,2:57,"SUPERSEDED by 2026 'RFI - EP - 200BB' (same coach, newer video wins).",no
EP OPEN RANGE,EP,open,,,A8o,raise,0,,0,,0,100,Live Poker PREFLOP BIBLE,2024-04-30,2:57,"SUPERSEDED by 2026 'RFI - EP - 200BB' (same coach, newer video wins).",no
EP OPEN RANGE,EP,open,,,K8o,raise,0,,0,,0,100,Live Poker PREFLOP BIBLE,2024-04-30,2:57,"SUPERSEDED by 2026 'RFI - EP - 200BB' (same coach, newer video wins).",no
EP OPEN RANGE,EP,open,,,Q8o,raise,0,,0,,0,100,Live Poker PREFLOP BIBLE,2024-04-30,2:57,"SUPERSEDED by 2026 'RFI - EP - 200BB' (same coach, newer video wins).",no
EP OPEN RANGE,EP,open,,,J8o,raise,0,,0,,0,100,Live Poker PREFLOP BIBLE,2024-04-30,2:57,"SUPERSEDED by 2026 'RFI - EP - 200BB' (same coach, newer video wins).",no
EP OPEN RANGE,EP,open,,,T8o,raise,0,,0,,0,100,Live Poker PREFLOP BIBLE,2024-04-30,2:57,"SUPERSEDED by 2026 'RFI - EP - 200BB' (same coach, newer video wins).",no
EP OPEN RANGE,EP,open,,,98o,raise,0,,0,,0,100,Live Poker PREFLOP BIBLE,2024-04-30,2:57,"SUPERSEDED by 2026 'RFI - EP - 200BB' (same coach, newer video wins).",no
EP OPEN RANGE,EP,open,,,88,raise,100,,0,,0,0,Live Poker PREFLOP BIBLE,2024-04-30,2:57,"SUPERSEDED by 2026 'RFI - EP - 200BB' (same coach, newer video wins).",no
EP OPEN RANGE,EP,open,,,87s,raise,100,,0,,0,0,Live Poker PREFLOP BIBLE,2024-04-30,2:57,"SUPERSEDED by 2026 'RFI - EP - 200BB' (same coach, newer video wins).",no
EP OPEN RANGE,EP,open,,,86s,raise,0,,0,,0,100,Live Poker PREFLOP BIBLE,2024-04-30,2:57,"SUPERSEDED by 2026 'RFI - EP - 200BB' (same coach, newer video wins).",no
EP OPEN RANGE,EP,open,,,85s,raise,0,,0,,0,100,Live Poker PREFLOP BIBLE,2024-04-30,2:57,"SUPERSEDED by 2026 'RFI - EP - 200BB' (same coach, newer video wins).",no
EP OPEN RANGE,EP,open,,,84s,raise,0,,0,,0,100,Live Poker PREFLOP BIBLE,2024-04-30,2:57,"SUPERSEDED by 2026 'RFI - EP - 200BB' (same coach, newer video wins).",no
EP OPEN RANGE,EP,open,,,83s,raise,0,,0,,0,100,Live Poker PREFLOP BIBLE,2024-04-30,2:57,"SUPERSEDED by 2026 'RFI - EP - 200BB' (same coach, newer video wins).",no
EP OPEN RANGE,EP,open,,,82s,raise,0,,0,,0,100,Live Poker PREFLOP BIBLE,2024-04-30,2:57,"SUPERSEDED by 2026 'RFI - EP - 200BB' (same coach, newer video wins).",no
EP OPEN RANGE,EP,open,,,A7o,raise,0,,0,,0,100,Live Poker PREFLOP BIBLE,2024-04-30,2:57,"SUPERSEDED by 2026 'RFI - EP - 200BB' (same coach, newer video wins).",no
EP OPEN RANGE,EP,open,,,K7o,raise,0,,0,,0,100,Live Poker PREFLOP BIBLE,2024-04-30,2:57,"SUPERSEDED by 2026 'RFI - EP - 200BB' (same coach, newer video wins).",no
EP OPEN RANGE,EP,open,,,Q7o,raise,0,,0,,0,100,Live Poker PREFLOP BIBLE,2024-04-30,2:57,"SUPERSEDED by 2026 'RFI - EP - 200BB' (same coach, newer video wins).",no
EP OPEN RANGE,EP,open,,,J7o,raise,0,,0,,0,100,Live Poker PREFLOP BIBLE,2024-04-30,2:57,"SUPERSEDED by 2026 'RFI - EP - 200BB' (same coach, newer video wins).",no
EP OPEN RANGE,EP,open,,,T7o,raise,0,,0,,0,100,Live Poker PREFLOP BIBLE,2024-04-30,2:57,"SUPERSEDED by 2026 'RFI - EP - 200BB' (same coach, newer video wins).",no
EP OPEN RANGE,EP,open,,,97o,raise,0,,0,,0,100,Live Poker PREFLOP BIBLE,2024-04-30,2:57,"SUPERSEDED by 2026 'RFI - EP - 200BB' (same coach, newer video wins).",no
EP OPEN RANGE,EP,open,,,87o,raise,0,,0,,0,100,Live Poker PREFLOP BIBLE,2024-04-30,2:57,"SUPERSEDED by 2026 'RFI - EP - 200BB' (same coach, newer video wins).",no
EP OPEN RANGE,EP,open,,,77,raise,100,,0,,0,0,Live Poker PREFLOP BIBLE,2024-04-30,2:57,"SUPERSEDED by 2026 'RFI - EP - 200BB' (same coach, newer video wins).",no
EP OPEN RANGE,EP,open,,,76s,raise,100,,0,,0,0,Live Poker PREFLOP BIBLE,2024-04-30,2:57,"SUPERSEDED by 2026 'RFI - EP - 200BB' (same coach, newer video wins).",no
EP OPEN RANGE,EP,open,,,75s,raise,0,,0,,0,100,Live Poker PREFLOP BIBLE,2024-04-30,2:57,"SUPERSEDED by 2026 'RFI - EP - 200BB' (same coach, newer video wins).",no
EP OPEN RANGE,EP,open,,,74s,raise,0,,0,,0,100,Live Poker PREFLOP BIBLE,2024-04-30,2:57,"SUPERSEDED by 2026 'RFI - EP - 200BB' (same coach, newer video wins).",no
EP OPEN RANGE,EP,open,,,73s,raise,0,,0,,0,100,Live Poker PREFLOP BIBLE,2024-04-30,2:57,"SUPERSEDED by 2026 'RFI - EP - 200BB' (same coach, newer video wins).",no
EP OPEN RANGE,EP,open,,,72s,raise,0,,0,,0,100,Live Poker PREFLOP BIBLE,2024-04-30,2:57,"SUPERSEDED by 2026 'RFI - EP - 200BB' (same coach, newer video wins).",no
EP OPEN RANGE,EP,open,,,A6o,raise,0,,0,,0,100,Live Poker PREFLOP BIBLE,2024-04-30,2:57,"SUPERSEDED by 2026 'RFI - EP - 200BB' (same coach, newer video wins).",no
EP OPEN RANGE,EP,open,,,K6o,raise,0,,0,,0,100,Live Poker PREFLOP BIBLE,2024-04-30,2:57,"SUPERSEDED by 2026 'RFI - EP - 200BB' (same coach, newer video wins).",no
EP OPEN RANGE,EP,open,,,Q6o,raise,0,,0,,0,100,Live Poker PREFLOP BIBLE,2024-04-30,2:57,"SUPERSEDED by 2026 'RFI - EP - 200BB' (same coach, newer video wins).",no
EP OPEN RANGE,EP,open,,,J6o,raise,0,,0,,0,100,Live Poker PREFLOP BIBLE,2024-04-30,2:57,"SUPERSEDED by 2026 'RFI - EP - 200BB' (same coach, newer video wins).",no
EP OPEN RANGE,EP,open,,,T6o,raise,0,,0,,0,100,Live Poker PREFLOP BIBLE,2024-04-30,2:57,"SUPERSEDED by 2026 'RFI - EP - 200BB' (same coach, newer video wins).",no
EP OPEN RANGE,EP,open,,,96o,raise,0,,0,,0,100,Live Poker PREFLOP BIBLE,2024-04-30,2:57,"SUPERSEDED by 2026 'RFI - EP - 200BB' (same coach, newer video wins).",no
EP OPEN RANGE,EP,open,,,86o,raise,0,,0,,0,100,Live Poker PREFLOP BIBLE,2024-04-30,2:57,"SUPERSEDED by 2026 'RFI - EP - 200BB' (same coach, newer video wins).",no
EP OPEN RANGE,EP,open,,,76o,raise,0,,0,,0,100,Live Poker PREFLOP BIBLE,2024-04-30,2:57,"SUPERSEDED by 2026 'RFI - EP - 200BB' (same coach, newer video wins).",no
EP OPEN RANGE,EP,open,,,66,raise,100,,0,,0,0,Live Poker PREFLOP BIBLE,2024-04-30,2:57,"SUPERSEDED by 2026 'RFI - EP - 200BB' (same coach, newer video wins).",no
EP OPEN RANGE,EP,open,,,65s,raise,100,,0,,0,0,Live Poker PREFLOP BIBLE,2024-04-30,2:57,"SUPERSEDED by 2026 'RFI - EP - 200BB' (same coach, newer video wins).",no
EP OPEN RANGE,EP,open,,,64s,raise,0,,0,,0,100,Live Poker PREFLOP BIBLE,2024-04-30,2:57,"SUPERSEDED by 2026 'RFI - EP - 200BB' (same coach, newer video wins).",no
EP OPEN RANGE,EP,open,,,63s,raise,0,,0,,0,100,Live Poker PREFLOP BIBLE,2024-04-30,2:57,"SUPERSEDED by 2026 'RFI - EP - 200BB' (same coach, newer video wins).",no
EP OPEN RANGE,EP,open,,,62s,raise,0,,0,,0,100,Live Poker PREFLOP BIBLE,2024-04-30,2:57,"SUPERSEDED by 2026 'RFI - EP - 200BB' (same coach, newer video wins).",no
EP OPEN RANGE,EP,open,,,A5o,raise,0,,0,,0,100,Live Poker PREFLOP BIBLE,2024-04-30,2:57,"SUPERSEDED by 2026 'RFI - EP - 200BB' (same coach, newer video wins).",no
EP OPEN RANGE,EP,open,,,K5o,raise,0,,0,,0,100,Live Poker PREFLOP BIBLE,2024-04-30,2:57,"SUPERSEDED by 2026 'RFI - EP - 200BB' (same coach, newer video wins).",no
EP OPEN RANGE,EP,open,,,Q5o,raise,0,,0,,0,100,Live Poker PREFLOP BIBLE,2024-04-30,2:57,"SUPERSEDED by 2026 'RFI - EP - 200BB' (same coach, newer video wins).",no
EP OPEN RANGE,EP,open,,,J5o,raise,0,,0,,0,100,Live Poker PREFLOP BIBLE,2024-04-30,2:57,"SUPERSEDED by 2026 'RFI - EP - 200BB' (same coach, newer video wins).",no
EP OPEN RANGE,EP,open,,,T5o,raise,0,,0,,0,100,Live Poker PREFLOP BIBLE,2024-04-30,2:57,"SUPERSEDED by 2026 'RFI - EP - 200BB' (same coach, newer video wins).",no
EP OPEN RANGE,EP,open,,,95o,raise,0,,0,,0,100,Live Poker PREFLOP BIBLE,2024-04-30,2:57,"SUPERSEDED by 2026 'RFI - EP - 200BB' (same coach, newer video wins).",no
EP OPEN RANGE,EP,open,,,85o,raise,0,,0,,0,100,Live Poker PREFLOP BIBLE,2024-04-30,2:57,"SUPERSEDED by 2026 'RFI - EP - 200BB' (same coach, newer video wins).",no
EP OPEN RANGE,EP,open,,,75o,raise,0,,0,,0,100,Live Poker PREFLOP BIBLE,2024-04-30,2:57,"SUPERSEDED by 2026 'RFI - EP - 200BB' (same coach, newer video wins).",no
EP OPEN RANGE,EP,open,,,65o,raise,0,,0,,0,100,Live Poker PREFLOP BIBLE,2024-04-30,2:57,"SUPERSEDED by 2026 'RFI - EP - 200BB' (same coach, newer video wins).",no
EP OPEN RANGE,EP,open,,,55,raise,0,,0,,0,100,Live Poker PREFLOP BIBLE,2024-04-30,2:57,"SUPERSEDED by 2026 'RFI - EP - 200BB' (same coach, newer video wins).",no
EP OPEN RANGE,EP,open,,,54s,raise,0,,0,,0,100,Live Poker PREFLOP BIBLE,2024-04-30,2:57,"SUPERSEDED by 2026 'RFI - EP - 200BB' (same coach, newer video wins).",no
EP OPEN RANGE,EP,open,,,53s,raise,0,,0,,0,100,Live Poker PREFLOP BIBLE,2024-04-30,2:57,"SUPERSEDED by 2026 'RFI - EP - 200BB' (same coach, newer video wins).",no
EP OPEN RANGE,EP,open,,,52s,raise,0,,0,,0,100,Live Poker PREFLOP BIBLE,2024-04-30,2:57,"SUPERSEDED by 2026 'RFI - EP - 200BB' (same coach, newer video wins).",no
EP OPEN RANGE,EP,open,,,A4o,raise,0,,0,,0,100,Live Poker PREFLOP BIBLE,2024-04-30,2:57,"SUPERSEDED by 2026 'RFI - EP - 200BB' (same coach, newer video wins).",no
EP OPEN RANGE,EP,open,,,K4o,raise,0,,0,,0,100,Live Poker PREFLOP BIBLE,2024-04-30,2:57,"SUPERSEDED by 2026 'RFI - EP - 200BB' (same coach, newer video wins).",no
EP OPEN RANGE,EP,open,,,Q4o,raise,0,,0,,0,100,Live Poker PREFLOP BIBLE,2024-04-30,2:57,"SUPERSEDED by 2026 'RFI - EP - 200BB' (same coach, newer video wins).",no
EP OPEN RANGE,EP,open,,,J4o,raise,0,,0,,0,100,Live Poker PREFLOP BIBLE,2024-04-30,2:57,"SUPERSEDED by 2026 'RFI - EP - 200BB' (same coach, newer video wins).",no
EP OPEN RANGE,EP,open,,,T4o,raise,0,,0,,0,100,Live Poker PREFLOP BIBLE,2024-04-30,2:57,"SUPERSEDED by 2026 'RFI - EP - 200BB' (same coach, newer video wins).",no
EP OPEN RANGE,EP,open,,,94o,raise,0,,0,,0,100,Live Poker PREFLOP BIBLE,2024-04-30,2:57,"SUPERSEDED by 2026 'RFI - EP - 200BB' (same coach, newer video wins).",no
EP OPEN RANGE,EP,open,,,84o,raise,0,,0,,0,100,Live Poker PREFLOP BIBLE,2024-04-30,2:57,"SUPERSEDED by 2026 'RFI - EP - 200BB' (same coach, newer video wins).",no
EP OPEN RANGE,EP,open,,,74o,raise,0,,0,,0,100,Live Poker PREFLOP BIBLE,2024-04-30,2:57,"SUPERSEDED by 2026 'RFI - EP - 200BB' (same coach, newer video wins).",no
EP OPEN RANGE,EP,open,,,64o,raise,0,,0,,0,100,Live Poker PREFLOP BIBLE,2024-04-30,2:57,"SUPERSEDED by 2026 'RFI - EP - 200BB' (same coach, newer video wins).",no
EP OPEN RANGE,EP,open,,,54o,raise,0,,0,,0,100,Live Poker PREFLOP BIBLE,2024-04-30,2:57,"SUPERSEDED by 2026 'RFI - EP - 200BB' (same coach, newer video wins).",no
EP OPEN RANGE,EP,open,,,44,raise,0,,0,,0,100,Live Poker PREFLOP BIBLE,2024-04-30,2:57,"SUPERSEDED by 2026 'RFI - EP - 200BB' (same coach, newer video wins).",no
EP OPEN RANGE,EP,open,,,43s,raise,0,,0,,0,100,Live Poker PREFLOP BIBLE,2024-04-30,2:57,"SUPERSEDED by 2026 'RFI - EP - 200BB' (same coach, newer video wins).",no
EP OPEN RANGE,EP,open,,,42s,raise,0,,0,,0,100,Live Poker PREFLOP BIBLE,2024-04-30,2:57,"SUPERSEDED by 2026 'RFI - EP - 200BB' (same coach, newer video wins).",no
EP OPEN RANGE,EP,open,,,A3o,raise,0,,0,,0,100,Live Poker PREFLOP BIBLE,2024-04-30,2:57,"SUPERSEDED by 2026 'RFI - EP - 200BB' (same coach, newer video wins).",no
EP OPEN RANGE,EP,open,,,K3o,raise,0,,0,,0,100,Live Poker PREFLOP BIBLE,2024-04-30,2:57,"SUPERSEDED by 2026 'RFI - EP - 200BB' (same coach, newer video wins).",no
EP OPEN RANGE,EP,open,,,Q3o,raise,0,,0,,0,100,Live Poker PREFLOP BIBLE,2024-04-30,2:57,"SUPERSEDED by 2026 'RFI - EP - 200BB' (same coach, newer video wins).",no
EP OPEN RANGE,EP,open,,,J3o,raise,0,,0,,0,100,Live Poker PREFLOP BIBLE,2024-04-30,2:57,"SUPERSEDED by 2026 'RFI - EP - 200BB' (same coach, newer video wins).",no
EP OPEN RANGE,EP,open,,,T3o,raise,0,,0,,0,100,Live Poker PREFLOP BIBLE,2024-04-30,2:57,"SUPERSEDED by 2026 'RFI - EP - 200BB' (same coach, newer video wins).",no
EP OPEN RANGE,EP,open,,,93o,raise,0,,0,,0,100,Live Poker PREFLOP BIBLE,2024-04-30,2:57,"SUPERSEDED by 2026 'RFI - EP - 200BB' (same coach, newer video wins).",no
EP OPEN RANGE,EP,open,,,83o,raise,0,,0,,0,100,Live Poker PREFLOP BIBLE,2024-04-30,2:57,"SUPERSEDED by 2026 'RFI - EP - 200BB' (same coach, newer video wins).",no
EP OPEN RANGE,EP,open,,,73o,raise,0,,0,,0,100,Live Poker PREFLOP BIBLE,2024-04-30,2:57,"SUPERSEDED by 2026 'RFI - EP - 200BB' (same coach, newer video wins).",no
EP OPEN RANGE,EP,open,,,63o,raise,0,,0,,0,100,Live Poker PREFLOP BIBLE,2024-04-30,2:57,"SUPERSEDED by 2026 'RFI - EP - 200BB' (same coach, newer video wins).",no
EP OPEN RANGE,EP,open,,,53o,raise,0,,0,,0,100,Live Poker PREFLOP BIBLE,2024-04-30,2:57,"SUPERSEDED by 2026 'RFI - EP - 200BB' (same coach, newer video wins).",no
EP OPEN RANGE,EP,open,,,43o,raise,0,,0,,0,100,Live Poker PREFLOP BIBLE,2024-04-30,2:57,"SUPERSEDED by 2026 'RFI - EP - 200BB' (same coach, newer video wins).",no
EP OPEN RANGE,EP,open,,,33,raise,0,,0,,0,100,Live Poker PREFLOP BIBLE,2024-04-30,2:57,"SUPERSEDED by 2026 'RFI - EP - 200BB' (same coach, newer video wins).",no
EP OPEN RANGE,EP,open,,,32s,raise,0,,0,,0,100,Live Poker PREFLOP BIBLE,2024-04-30,2:57,"SUPERSEDED by 2026 'RFI - EP - 200BB' (same coach, newer video wins).",no
EP OPEN RANGE,EP,open,,,A2o,raise,0,,0,,0,100,Live Poker PREFLOP BIBLE,2024-04-30,2:57,"SUPERSEDED by 2026 'RFI - EP - 200BB' (same coach, newer video wins).",no
EP OPEN RANGE,EP,open,,,K2o,raise,0,,0,,0,100,Live Poker PREFLOP BIBLE,2024-04-30,2:57,"SUPERSEDED by 2026 'RFI - EP - 200BB' (same coach, newer video wins).",no
EP OPEN RANGE,EP,open,,,Q2o,raise,0,,0,,0,100,Live Poker PREFLOP BIBLE,2024-04-30,2:57,"SUPERSEDED by 2026 'RFI - EP - 200BB' (same coach, newer video wins).",no
EP OPEN RANGE,EP,open,,,J2o,raise,0,,0,,0,100,Live Poker PREFLOP BIBLE,2024-04-30,2:57,"SUPERSEDED by 2026 'RFI - EP - 200BB' (same coach, newer video wins).",no
EP OPEN RANGE,EP,open,,,T2o,raise,0,,0,,0,100,Live Poker PREFLOP BIBLE,2024-04-30,2:57,"SUPERSEDED by 2026 'RFI - EP - 200BB' (same coach, newer video wins).",no
EP OPEN RANGE,EP,open,,,92o,raise,0,,0,,0,100,Live Poker PREFLOP BIBLE,2024-04-30,2:57,"SUPERSEDED by 2026 'RFI - EP - 200BB' (same coach, newer video wins).",no
EP OPEN RANGE,EP,open,,,82o,raise,0,,0,,0,100,Live Poker PREFLOP BIBLE,2024-04-30,2:57,"SUPERSEDED by 2026 'RFI - EP - 200BB' (same coach, newer video wins).",no
EP OPEN RANGE,EP,open,,,72o,raise,0,,0,,0,100,Live Poker PREFLOP BIBLE,2024-04-30,2:57,"SUPERSEDED by 2026 'RFI - EP - 200BB' (same coach, newer video wins).",no
EP OPEN RANGE,EP,open,,,62o,raise,0,,0,,0,100,Live Poker PREFLOP BIBLE,2024-04-30,2:57,"SUPERSEDED by 2026 'RFI - EP - 200BB' (same coach, newer video wins).",no
EP OPEN RANGE,EP,open,,,52o,raise,0,,0,,0,100,Live Poker PREFLOP BIBLE,2024-04-30,2:57,"SUPERSEDED by 2026 'RFI - EP - 200BB' (same coach, newer video wins).",no
EP OPEN RANGE,EP,open,,,42o,raise,0,,0,,0,100,Live Poker PREFLOP BIBLE,2024-04-30,2:57,"SUPERSEDED by 2026 'RFI - EP - 200BB' (same coach, newer video wins).",no
EP OPEN RANGE,EP,open,,,32o,raise,0,,0,,0,100,Live Poker PREFLOP BIBLE,2024-04-30,2:57,"SUPERSEDED by 2026 'RFI - EP - 200BB' (same coach, newer video wins).",no
EP OPEN RANGE,EP,open,,,22,raise,0,,0,,0,100,Live Poker PREFLOP BIBLE,2024-04-30,2:57,"SUPERSEDED by 2026 'RFI - EP - 200BB' (same coach, newer video wins).",no
HJ OPEN RANGE,HJ,open,,,AA,raise,100,,0,,0,0,Live Poker PREFLOP BIBLE,2024-04-30,4:12,"SUPERSEDED by 2026 'RFI - HJ - 200BB' (same coach, newer video wins).",no
HJ OPEN RANGE,HJ,open,,,AKs,raise,100,,0,,0,0,Live Poker PREFLOP BIBLE,2024-04-30,4:12,"SUPERSEDED by 2026 'RFI - HJ - 200BB' (same coach, newer video wins).",no
HJ OPEN RANGE,HJ,open,,,AQs,raise,100,,0,,0,0,Live Poker PREFLOP BIBLE,2024-04-30,4:12,"SUPERSEDED by 2026 'RFI - HJ - 200BB' (same coach, newer video wins).",no
HJ OPEN RANGE,HJ,open,,,AJs,raise,100,,0,,0,0,Live Poker PREFLOP BIBLE,2024-04-30,4:12,"SUPERSEDED by 2026 'RFI - HJ - 200BB' (same coach, newer video wins).",no
HJ OPEN RANGE,HJ,open,,,ATs,raise,100,,0,,0,0,Live Poker PREFLOP BIBLE,2024-04-30,4:12,"SUPERSEDED by 2026 'RFI - HJ - 200BB' (same coach, newer video wins).",no
HJ OPEN RANGE,HJ,open,,,A9s,raise,100,,0,,0,0,Live Poker PREFLOP BIBLE,2024-04-30,4:12,"SUPERSEDED by 2026 'RFI - HJ - 200BB' (same coach, newer video wins).",no
HJ OPEN RANGE,HJ,open,,,A8s,raise,100,,0,,0,0,Live Poker PREFLOP BIBLE,2024-04-30,4:12,"SUPERSEDED by 2026 'RFI - HJ - 200BB' (same coach, newer video wins).",no
HJ OPEN RANGE,HJ,open,,,A7s,raise,100,,0,,0,0,Live Poker PREFLOP BIBLE,2024-04-30,4:12,"SUPERSEDED by 2026 'RFI - HJ - 200BB' (same coach, newer video wins).",no
HJ OPEN RANGE,HJ,open,,,A6s,raise,100,,0,,0,0,Live Poker PREFLOP BIBLE,2024-04-30,4:12,"SUPERSEDED by 2026 'RFI - HJ - 200BB' (same coach, newer video wins).",no
HJ OPEN RANGE,HJ,open,,,A5s,raise,100,,0,,0,0,Live Poker PREFLOP BIBLE,2024-04-30,4:12,"SUPERSEDED by 2026 'RFI - HJ - 200BB' (same coach, newer video wins).",no
HJ OPEN RANGE,HJ,open,,,A4s,raise,100,,0,,0,0,Live Poker PREFLOP BIBLE,2024-04-30,4:12,"SUPERSEDED by 2026 'RFI - HJ - 200BB' (same coach, newer video wins).",no
HJ OPEN RANGE,HJ,open,,,A3s,raise,100,,0,,0,0,Live Poker PREFLOP BIBLE,2024-04-30,4:12,"SUPERSEDED by 2026 'RFI - HJ - 200BB' (same coach, newer video wins).",no
HJ OPEN RANGE,HJ,open,,,A2s,raise,100,,0,,0,0,Live Poker PREFLOP BIBLE,2024-04-30,4:12,"SUPERSEDED by 2026 'RFI - HJ - 200BB' (same coach, newer video wins).",no
HJ OPEN RANGE,HJ,open,,,AKo,raise,100,,0,,0,0,Live Poker PREFLOP BIBLE,2024-04-30,4:12,"SUPERSEDED by 2026 'RFI - HJ - 200BB' (same coach, newer video wins).",no
HJ OPEN RANGE,HJ,open,,,KK,raise,100,,0,,0,0,Live Poker PREFLOP BIBLE,2024-04-30,4:12,"SUPERSEDED by 2026 'RFI - HJ - 200BB' (same coach, newer video wins).",no
HJ OPEN RANGE,HJ,open,,,KQs,raise,100,,0,,0,0,Live Poker PREFLOP BIBLE,2024-04-30,4:12,"SUPERSEDED by 2026 'RFI - HJ - 200BB' (same coach, newer video wins).",no
HJ OPEN RANGE,HJ,open,,,KJs,raise,100,,0,,0,0,Live Poker PREFLOP BIBLE,2024-04-30,4:12,"SUPERSEDED by 2026 'RFI - HJ - 200BB' (same coach, newer video wins).",no
HJ OPEN RANGE,HJ,open,,,KTs,raise,100,,0,,0,0,Live Poker PREFLOP BIBLE,2024-04-30,4:12,"SUPERSEDED by 2026 'RFI - HJ - 200BB' (same coach, newer video wins).",no
HJ OPEN RANGE,HJ,open,,,K9s,raise,100,,0,,0,0,Live Poker PREFLOP BIBLE,2024-04-30,4:12,"SUPERSEDED by 2026 'RFI - HJ - 200BB' (same coach, newer video wins).",no
HJ OPEN RANGE,HJ,open,,,K8s,raise,100,,0,,0,0,Live Poker PREFLOP BIBLE,2024-04-30,4:12,"SUPERSEDED by 2026 'RFI - HJ - 200BB' (same coach, newer video wins).",no
HJ OPEN RANGE,HJ,open,,,K7s,raise,100,,0,,0,0,Live Poker PREFLOP BIBLE,2024-04-30,4:12,"SUPERSEDED by 2026 'RFI - HJ - 200BB' (same coach, newer video wins).",no
HJ OPEN RANGE,HJ,open,,,K6s,raise,0,,0,,0,100,Live Poker PREFLOP BIBLE,2024-04-30,4:12,"SUPERSEDED by 2026 'RFI - HJ - 200BB' (same coach, newer video wins).",no
HJ OPEN RANGE,HJ,open,,,K5s,raise,0,,0,,0,100,Live Poker PREFLOP BIBLE,2024-04-30,4:12,"SUPERSEDED by 2026 'RFI - HJ - 200BB' (same coach, newer video wins).",no
HJ OPEN RANGE,HJ,open,,,K4s,raise,0,,0,,0,100,Live Poker PREFLOP BIBLE,2024-04-30,4:12,"SUPERSEDED by 2026 'RFI - HJ - 200BB' (same coach, newer video wins).",no
HJ OPEN RANGE,HJ,open,,,K3s,raise,0,,0,,0,100,Live Poker PREFLOP BIBLE,2024-04-30,4:12,"SUPERSEDED by 2026 'RFI - HJ - 200BB' (same coach, newer video wins).",no
HJ OPEN RANGE,HJ,open,,,K2s,raise,0,,0,,0,100,Live Poker PREFLOP BIBLE,2024-04-30,4:12,"SUPERSEDED by 2026 'RFI - HJ - 200BB' (same coach, newer video wins).",no
HJ OPEN RANGE,HJ,open,,,AQo,raise,100,,0,,0,0,Live Poker PREFLOP BIBLE,2024-04-30,4:12,"SUPERSEDED by 2026 'RFI - HJ - 200BB' (same coach, newer video wins).",no
HJ OPEN RANGE,HJ,open,,,KQo,raise,100,,0,,0,0,Live Poker PREFLOP BIBLE,2024-04-30,4:12,"SUPERSEDED by 2026 'RFI - HJ - 200BB' (same coach, newer video wins).",no
HJ OPEN RANGE,HJ,open,,,QQ,raise,100,,0,,0,0,Live Poker PREFLOP BIBLE,2024-04-30,4:12,"SUPERSEDED by 2026 'RFI - HJ - 200BB' (same coach, newer video wins).",no
HJ OPEN RANGE,HJ,open,,,QJs,raise,100,,0,,0,0,Live Poker PREFLOP BIBLE,2024-04-30,4:12,"SUPERSEDED by 2026 'RFI - HJ - 200BB' (same coach, newer video wins).",no
HJ OPEN RANGE,HJ,open,,,QTs,raise,100,,0,,0,0,Live Poker PREFLOP BIBLE,2024-04-30,4:12,"SUPERSEDED by 2026 'RFI - HJ - 200BB' (same coach, newer video wins).",no
HJ OPEN RANGE,HJ,open,,,Q9s,raise,100,,0,,0,0,Live Poker PREFLOP BIBLE,2024-04-30,4:12,"SUPERSEDED by 2026 'RFI - HJ - 200BB' (same coach, newer video wins).",no
HJ OPEN RANGE,HJ,open,,,Q8s,raise,100,,0,,0,0,Live Poker PREFLOP BIBLE,2024-04-30,4:12,"SUPERSEDED by 2026 'RFI - HJ - 200BB' (same coach, newer video wins).",no
HJ OPEN RANGE,HJ,open,,,Q7s,raise,0,,0,,0,100,Live Poker PREFLOP BIBLE,2024-04-30,4:12,"SUPERSEDED by 2026 'RFI - HJ - 200BB' (same coach, newer video wins).",no
HJ OPEN RANGE,HJ,open,,,Q6s,raise,0,,0,,0,100,Live Poker PREFLOP BIBLE,2024-04-30,4:12,"SUPERSEDED by 2026 'RFI - HJ - 200BB' (same coach, newer video wins).",no
HJ OPEN RANGE,HJ,open,,,Q5s,raise,0,,0,,0,100,Live Poker PREFLOP BIBLE,2024-04-30,4:12,"SUPERSEDED by 2026 'RFI - HJ - 200BB' (same coach, newer video wins).",no
HJ OPEN RANGE,HJ,open,,,Q4s,raise,0,,0,,0,100,Live Poker PREFLOP BIBLE,2024-04-30,4:12,"SUPERSEDED by 2026 'RFI - HJ - 200BB' (same coach, newer video wins).",no
HJ OPEN RANGE,HJ,open,,,Q3s,raise,0,,0,,0,100,Live Poker PREFLOP BIBLE,2024-04-30,4:12,"SUPERSEDED by 2026 'RFI - HJ - 200BB' (same coach, newer video wins).",no
HJ OPEN RANGE,HJ,open,,,Q2s,raise,0,,0,,0,100,Live Poker PREFLOP BIBLE,2024-04-30,4:12,"SUPERSEDED by 2026 'RFI - HJ - 200BB' (same coach, newer video wins).",no
HJ OPEN RANGE,HJ,open,,,AJo,raise,100,,0,,0,0,Live Poker PREFLOP BIBLE,2024-04-30,4:12,"SUPERSEDED by 2026 'RFI - HJ - 200BB' (same coach, newer video wins).",no
HJ OPEN RANGE,HJ,open,,,KJo,raise,100,,0,,0,0,Live Poker PREFLOP BIBLE,2024-04-30,4:12,"SUPERSEDED by 2026 'RFI - HJ - 200BB' (same coach, newer video wins).",no
HJ OPEN RANGE,HJ,open,,,QJo,raise,0,,0,,0,100,Live Poker PREFLOP BIBLE,2024-04-30,4:12,"SUPERSEDED by 2026 'RFI - HJ - 200BB' (same coach, newer video wins).",no
HJ OPEN RANGE,HJ,open,,,JJ,raise,100,,0,,0,0,Live Poker PREFLOP BIBLE,2024-04-30,4:12,"SUPERSEDED by 2026 'RFI - HJ - 200BB' (same coach, newer video wins).",no
HJ OPEN RANGE,HJ,open,,,JTs,raise,100,,0,,0,0,Live Poker PREFLOP BIBLE,2024-04-30,4:12,"SUPERSEDED by 2026 'RFI - HJ - 200BB' (same coach, newer video wins).",no
HJ OPEN RANGE,HJ,open,,,J9s,raise,100,,0,,0,0,Live Poker PREFLOP BIBLE,2024-04-30,4:12,"SUPERSEDED by 2026 'RFI - HJ - 200BB' (same coach, newer video wins).",no
HJ OPEN RANGE,HJ,open,,,J8s,raise,100,,0,,0,0,Live Poker PREFLOP BIBLE,2024-04-30,4:12,"SUPERSEDED by 2026 'RFI - HJ - 200BB' (same coach, newer video wins).",no
HJ OPEN RANGE,HJ,open,,,J7s,raise,0,,0,,0,100,Live Poker PREFLOP BIBLE,2024-04-30,4:12,"SUPERSEDED by 2026 'RFI - HJ - 200BB' (same coach, newer video wins).",no
HJ OPEN RANGE,HJ,open,,,J6s,raise,0,,0,,0,100,Live Poker PREFLOP BIBLE,2024-04-30,4:12,"SUPERSEDED by 2026 'RFI - HJ - 200BB' (same coach, newer video wins).",no
HJ OPEN RANGE,HJ,open,,,J5s,raise,0,,0,,0,100,Live Poker PREFLOP BIBLE,2024-04-30,4:12,"SUPERSEDED by 2026 'RFI - HJ - 200BB' (same coach, newer video wins).",no
HJ OPEN RANGE,HJ,open,,,J4s,raise,0,,0,,0,100,Live Poker PREFLOP BIBLE,2024-04-30,4:12,"SUPERSEDED by 2026 'RFI - HJ - 200BB' (same coach, newer video wins).",no
HJ OPEN RANGE,HJ,open,,,J3s,raise,0,,0,,0,100,Live Poker PREFLOP BIBLE,2024-04-30,4:12,"SUPERSEDED by 2026 'RFI - HJ - 200BB' (same coach, newer video wins).",no
HJ OPEN RANGE,HJ,open,,,J2s,raise,0,,0,,0,100,Live Poker PREFLOP BIBLE,2024-04-30,4:12,"SUPERSEDED by 2026 'RFI - HJ - 200BB' (same coach, newer video wins).",no
HJ OPEN RANGE,HJ,open,,,ATo,raise,100,,0,,0,0,Live Poker PREFLOP BIBLE,2024-04-30,4:12,"SUPERSEDED by 2026 'RFI - HJ - 200BB' (same coach, newer video wins).",no
HJ OPEN RANGE,HJ,open,,,KTo,raise,0,,0,,0,100,Live Poker PREFLOP BIBLE,2024-04-30,4:12,"SUPERSEDED by 2026 'RFI - HJ - 200BB' (same coach, newer video wins).",no
HJ OPEN RANGE,HJ,open,,,QTo,raise,0,,0,,0,100,Live Poker PREFLOP BIBLE,2024-04-30,4:12,"SUPERSEDED by 2026 'RFI - HJ - 200BB' (same coach, newer video wins).",no
HJ OPEN RANGE,HJ,open,,,JTo,raise,0,,0,,0,100,Live Poker PREFLOP BIBLE,2024-04-30,4:12,"SUPERSEDED by 2026 'RFI - HJ - 200BB' (same coach, newer video wins).",no
HJ OPEN RANGE,HJ,open,,,TT,raise,100,,0,,0,0,Live Poker PREFLOP BIBLE,2024-04-30,4:12,"SUPERSEDED by 2026 'RFI - HJ - 200BB' (same coach, newer video wins).",no
HJ OPEN RANGE,HJ,open,,,T9s,raise,100,,0,,0,0,Live Poker PREFLOP BIBLE,2024-04-30,4:12,"SUPERSEDED by 2026 'RFI - HJ - 200BB' (same coach, newer video wins).",no
HJ OPEN RANGE,HJ,open,,,T8s,raise,100,,0,,0,0,Live Poker PREFLOP BIBLE,2024-04-30,4:12,"SUPERSEDED by 2026 'RFI - HJ - 200BB' (same coach, newer video wins).",no
HJ OPEN RANGE,HJ,open,,,T7s,raise,0,,0,,0,100,Live Poker PREFLOP BIBLE,2024-04-30,4:12,"SUPERSEDED by 2026 'RFI - HJ - 200BB' (same coach, newer video wins).",no
HJ OPEN RANGE,HJ,open,,,T6s,raise,0,,0,,0,100,Live Poker PREFLOP BIBLE,2024-04-30,4:12,"SUPERSEDED by 2026 'RFI - HJ - 200BB' (same coach, newer video wins).",no
HJ OPEN RANGE,HJ,open,,,T5s,raise,0,,0,,0,100,Live Poker PREFLOP BIBLE,2024-04-30,4:12,"SUPERSEDED by 2026 'RFI - HJ - 200BB' (same coach, newer video wins).",no
HJ OPEN RANGE,HJ,open,,,T4s,raise,0,,0,,0,100,Live Poker PREFLOP BIBLE,2024-04-30,4:12,"SUPERSEDED by 2026 'RFI - HJ - 200BB' (same coach, newer video wins).",no
HJ OPEN RANGE,HJ,open,,,T3s,raise,0,,0,,0,100,Live Poker PREFLOP BIBLE,2024-04-30,4:12,"SUPERSEDED by 2026 'RFI - HJ - 200BB' (same coach, newer video wins).",no
HJ OPEN RANGE,HJ,open,,,T2s,raise,0,,0,,0,100,Live Poker PREFLOP BIBLE,2024-04-30,4:12,"SUPERSEDED by 2026 'RFI - HJ - 200BB' (same coach, newer video wins).",no
HJ OPEN RANGE,HJ,open,,,A9o,raise,0,,0,,0,100,Live Poker PREFLOP BIBLE,2024-04-30,4:12,"SUPERSEDED by 2026 'RFI - HJ - 200BB' (same coach, newer video wins).",no
HJ OPEN RANGE,HJ,open,,,K9o,raise,0,,0,,0,100,Live Poker PREFLOP BIBLE,2024-04-30,4:12,"SUPERSEDED by 2026 'RFI - HJ - 200BB' (same coach, newer video wins).",no
HJ OPEN RANGE,HJ,open,,,Q9o,raise,0,,0,,0,100,Live Poker PREFLOP BIBLE,2024-04-30,4:12,"SUPERSEDED by 2026 'RFI - HJ - 200BB' (same coach, newer video wins).",no
HJ OPEN RANGE,HJ,open,,,J9o,raise,0,,0,,0,100,Live Poker PREFLOP BIBLE,2024-04-30,4:12,"SUPERSEDED by 2026 'RFI - HJ - 200BB' (same coach, newer video wins).",no
HJ OPEN RANGE,HJ,open,,,T9o,raise,0,,0,,0,100,Live Poker PREFLOP BIBLE,2024-04-30,4:12,"SUPERSEDED by 2026 'RFI - HJ - 200BB' (same coach, newer video wins).",no
HJ OPEN RANGE,HJ,open,,,99,raise,100,,0,,0,0,Live Poker PREFLOP BIBLE,2024-04-30,4:12,"SUPERSEDED by 2026 'RFI - HJ - 200BB' (same coach, newer video wins).",no
HJ OPEN RANGE,HJ,open,,,98s,raise,100,,0,,0,0,Live Poker PREFLOP BIBLE,2024-04-30,4:12,"SUPERSEDED by 2026 'RFI - HJ - 200BB' (same coach, newer video wins).",no
HJ OPEN RANGE,HJ,open,,,97s,raise,0,,0,,0,100,Live Poker PREFLOP BIBLE,2024-04-30,4:12,"SUPERSEDED by 2026 'RFI - HJ - 200BB' (same coach, newer video wins).",no
HJ OPEN RANGE,HJ,open,,,96s,raise,0,,0,,0,100,Live Poker PREFLOP BIBLE,2024-04-30,4:12,"SUPERSEDED by 2026 'RFI - HJ - 200BB' (same coach, newer video wins).",no
HJ OPEN RANGE,HJ,open,,,95s,raise,0,,0,,0,100,Live Poker PREFLOP BIBLE,2024-04-30,4:12,"SUPERSEDED by 2026 'RFI - HJ - 200BB' (same coach, newer video wins).",no
HJ OPEN RANGE,HJ,open,,,94s,raise,0,,0,,0,100,Live Poker PREFLOP BIBLE,2024-04-30,4:12,"SUPERSEDED by 2026 'RFI - HJ - 200BB' (same coach, newer video wins).",no
HJ OPEN RANGE,HJ,open,,,93s,raise,0,,0,,0,100,Live Poker PREFLOP BIBLE,2024-04-30,4:12,"SUPERSEDED by 2026 'RFI - HJ - 200BB' (same coach, newer video wins).",no
HJ OPEN RANGE,HJ,open,,,92s,raise,0,,0,,0,100,Live Poker PREFLOP BIBLE,2024-04-30,4:12,"SUPERSEDED by 2026 'RFI - HJ - 200BB' (same coach, newer video wins).",no
HJ OPEN RANGE,HJ,open,,,A8o,raise,0,,0,,0,100,Live Poker PREFLOP BIBLE,2024-04-30,4:12,"SUPERSEDED by 2026 'RFI - HJ - 200BB' (same coach, newer video wins).",no
HJ OPEN RANGE,HJ,open,,,K8o,raise,0,,0,,0,100,Live Poker PREFLOP BIBLE,2024-04-30,4:12,"SUPERSEDED by 2026 'RFI - HJ - 200BB' (same coach, newer video wins).",no
HJ OPEN RANGE,HJ,open,,,Q8o,raise,0,,0,,0,100,Live Poker PREFLOP BIBLE,2024-04-30,4:12,"SUPERSEDED by 2026 'RFI - HJ - 200BB' (same coach, newer video wins).",no
HJ OPEN RANGE,HJ,open,,,J8o,raise,0,,0,,0,100,Live Poker PREFLOP BIBLE,2024-04-30,4:12,"SUPERSEDED by 2026 'RFI - HJ - 200BB' (same coach, newer video wins).",no
HJ OPEN RANGE,HJ,open,,,T8o,raise,0,,0,,0,100,Live Poker PREFLOP BIBLE,2024-04-30,4:12,"SUPERSEDED by 2026 'RFI - HJ - 200BB' (same coach, newer video wins).",no
HJ OPEN RANGE,HJ,open,,,98o,raise,0,,0,,0,100,Live Poker PREFLOP BIBLE,2024-04-30,4:12,"SUPERSEDED by 2026 'RFI - HJ - 200BB' (same coach, newer video wins).",no
HJ OPEN RANGE,HJ,open,,,88,raise,100,,0,,0,0,Live Poker PREFLOP BIBLE,2024-04-30,4:12,"SUPERSEDED by 2026 'RFI - HJ - 200BB' (same coach, newer video wins).",no
HJ OPEN RANGE,HJ,open,,,87s,raise,100,,0,,0,0,Live Poker PREFLOP BIBLE,2024-04-30,4:12,"SUPERSEDED by 2026 'RFI - HJ - 200BB' (same coach, newer video wins).",no
HJ OPEN RANGE,HJ,open,,,86s,raise,0,,0,,0,100,Live Poker PREFLOP BIBLE,2024-04-30,4:12,"SUPERSEDED by 2026 'RFI - HJ - 200BB' (same coach, newer video wins).",no
HJ OPEN RANGE,HJ,open,,,85s,raise,0,,0,,0,100,Live Poker PREFLOP BIBLE,2024-04-30,4:12,"SUPERSEDED by 2026 'RFI - HJ - 200BB' (same coach, newer video wins).",no
HJ OPEN RANGE,HJ,open,,,84s,raise,0,,0,,0,100,Live Poker PREFLOP BIBLE,2024-04-30,4:12,"SUPERSEDED by 2026 'RFI - HJ - 200BB' (same coach, newer video wins).",no
HJ OPEN RANGE,HJ,open,,,83s,raise,0,,0,,0,100,Live Poker PREFLOP BIBLE,2024-04-30,4:12,"SUPERSEDED by 2026 'RFI - HJ - 200BB' (same coach, newer video wins).",no
HJ OPEN RANGE,HJ,open,,,82s,raise,0,,0,,0,100,Live Poker PREFLOP BIBLE,2024-04-30,4:12,"SUPERSEDED by 2026 'RFI - HJ - 200BB' (same coach, newer video wins).",no
HJ OPEN RANGE,HJ,open,,,A7o,raise,0,,0,,0,100,Live Poker PREFLOP BIBLE,2024-04-30,4:12,"SUPERSEDED by 2026 'RFI - HJ - 200BB' (same coach, newer video wins).",no
HJ OPEN RANGE,HJ,open,,,K7o,raise,0,,0,,0,100,Live Poker PREFLOP BIBLE,2024-04-30,4:12,"SUPERSEDED by 2026 'RFI - HJ - 200BB' (same coach, newer video wins).",no
HJ OPEN RANGE,HJ,open,,,Q7o,raise,0,,0,,0,100,Live Poker PREFLOP BIBLE,2024-04-30,4:12,"SUPERSEDED by 2026 'RFI - HJ - 200BB' (same coach, newer video wins).",no
HJ OPEN RANGE,HJ,open,,,J7o,raise,0,,0,,0,100,Live Poker PREFLOP BIBLE,2024-04-30,4:12,"SUPERSEDED by 2026 'RFI - HJ - 200BB' (same coach, newer video wins).",no
HJ OPEN RANGE,HJ,open,,,T7o,raise,0,,0,,0,100,Live Poker PREFLOP BIBLE,2024-04-30,4:12,"SUPERSEDED by 2026 'RFI - HJ - 200BB' (same coach, newer video wins).",no
HJ OPEN RANGE,HJ,open,,,97o,raise,0,,0,,0,100,Live Poker PREFLOP BIBLE,2024-04-30,4:12,"SUPERSEDED by 2026 'RFI - HJ - 200BB' (same coach, newer video wins).",no
HJ OPEN RANGE,HJ,open,,,87o,raise,0,,0,,0,100,Live Poker PREFLOP BIBLE,2024-04-30,4:12,"SUPERSEDED by 2026 'RFI - HJ - 200BB' (same coach, newer video wins).",no
HJ OPEN RANGE,HJ,open,,,77,raise,100,,0,,0,0,Live Poker PREFLOP BIBLE,2024-04-30,4:12,"SUPERSEDED by 2026 'RFI - HJ - 200BB' (same coach, newer video wins).",no
HJ OPEN RANGE,HJ,open,,,76s,raise,100,,0,,0,0,Live Poker PREFLOP BIBLE,2024-04-30,4:12,"SUPERSEDED by 2026 'RFI - HJ - 200BB' (same coach, newer video wins).",no
HJ OPEN RANGE,HJ,open,,,75s,raise,0,,0,,0,100,Live Poker PREFLOP BIBLE,2024-04-30,4:12,"SUPERSEDED by 2026 'RFI - HJ - 200BB' (same coach, newer video wins).",no
HJ OPEN RANGE,HJ,open,,,74s,raise,0,,0,,0,100,Live Poker PREFLOP BIBLE,2024-04-30,4:12,"SUPERSEDED by 2026 'RFI - HJ - 200BB' (same coach, newer video wins).",no
HJ OPEN RANGE,HJ,open,,,73s,raise,0,,0,,0,100,Live Poker PREFLOP BIBLE,2024-04-30,4:12,"SUPERSEDED by 2026 'RFI - HJ - 200BB' (same coach, newer video wins).",no
HJ OPEN RANGE,HJ,open,,,72s,raise,0,,0,,0,100,Live Poker PREFLOP BIBLE,2024-04-30,4:12,"SUPERSEDED by 2026 'RFI - HJ - 200BB' (same coach, newer video wins).",no
HJ OPEN RANGE,HJ,open,,,A6o,raise,0,,0,,0,100,Live Poker PREFLOP BIBLE,2024-04-30,4:12,"SUPERSEDED by 2026 'RFI - HJ - 200BB' (same coach, newer video wins).",no
HJ OPEN RANGE,HJ,open,,,K6o,raise,0,,0,,0,100,Live Poker PREFLOP BIBLE,2024-04-30,4:12,"SUPERSEDED by 2026 'RFI - HJ - 200BB' (same coach, newer video wins).",no
HJ OPEN RANGE,HJ,open,,,Q6o,raise,0,,0,,0,100,Live Poker PREFLOP BIBLE,2024-04-30,4:12,"SUPERSEDED by 2026 'RFI - HJ - 200BB' (same coach, newer video wins).",no
HJ OPEN RANGE,HJ,open,,,J6o,raise,0,,0,,0,100,Live Poker PREFLOP BIBLE,2024-04-30,4:12,"SUPERSEDED by 2026 'RFI - HJ - 200BB' (same coach, newer video wins).",no
HJ OPEN RANGE,HJ,open,,,T6o,raise,0,,0,,0,100,Live Poker PREFLOP BIBLE,2024-04-30,4:12,"SUPERSEDED by 2026 'RFI - HJ - 200BB' (same coach, newer video wins).",no
HJ OPEN RANGE,HJ,open,,,96o,raise,0,,0,,0,100,Live Poker PREFLOP BIBLE,2024-04-30,4:12,"SUPERSEDED by 2026 'RFI - HJ - 200BB' (same coach, newer video wins).",no
HJ OPEN RANGE,HJ,open,,,86o,raise,0,,0,,0,100,Live Poker PREFLOP BIBLE,2024-04-30,4:12,"SUPERSEDED by 2026 'RFI - HJ - 200BB' (same coach, newer video wins).",no
HJ OPEN RANGE,HJ,open,,,76o,raise,0,,0,,0,100,Live Poker PREFLOP BIBLE,2024-04-30,4:12,"SUPERSEDED by 2026 'RFI - HJ - 200BB' (same coach, newer video wins).",no
HJ OPEN RANGE,HJ,open,,,66,raise,100,,0,,0,0,Live Poker PREFLOP BIBLE,2024-04-30,4:12,"SUPERSEDED by 2026 'RFI - HJ - 200BB' (same coach, newer video wins).",no
HJ OPEN RANGE,HJ,open,,,65s,raise,100,,0,,0,0,Live Poker PREFLOP BIBLE,2024-04-30,4:12,"SUPERSEDED by 2026 'RFI - HJ - 200BB' (same coach, newer video wins).",no
HJ OPEN RANGE,HJ,open,,,64s,raise,0,,0,,0,100,Live Poker PREFLOP BIBLE,2024-04-30,4:12,"SUPERSEDED by 2026 'RFI - HJ - 200BB' (same coach, newer video wins).",no
HJ OPEN RANGE,HJ,open,,,63s,raise,0,,0,,0,100,Live Poker PREFLOP BIBLE,2024-04-30,4:12,"SUPERSEDED by 2026 'RFI - HJ - 200BB' (same coach, newer video wins).",no
HJ OPEN RANGE,HJ,open,,,62s,raise,0,,0,,0,100,Live Poker PREFLOP BIBLE,2024-04-30,4:12,"SUPERSEDED by 2026 'RFI - HJ - 200BB' (same coach, newer video wins).",no
HJ OPEN RANGE,HJ,open,,,A5o,raise,0,,0,,0,100,Live Poker PREFLOP BIBLE,2024-04-30,4:12,"SUPERSEDED by 2026 'RFI - HJ - 200BB' (same coach, newer video wins).",no
HJ OPEN RANGE,HJ,open,,,K5o,raise,0,,0,,0,100,Live Poker PREFLOP BIBLE,2024-04-30,4:12,"SUPERSEDED by 2026 'RFI - HJ - 200BB' (same coach, newer video wins).",no
HJ OPEN RANGE,HJ,open,,,Q5o,raise,0,,0,,0,100,Live Poker PREFLOP BIBLE,2024-04-30,4:12,"SUPERSEDED by 2026 'RFI - HJ - 200BB' (same coach, newer video wins).",no
HJ OPEN RANGE,HJ,open,,,J5o,raise,0,,0,,0,100,Live Poker PREFLOP BIBLE,2024-04-30,4:12,"SUPERSEDED by 2026 'RFI - HJ - 200BB' (same coach, newer video wins).",no
HJ OPEN RANGE,HJ,open,,,T5o,raise,0,,0,,0,100,Live Poker PREFLOP BIBLE,2024-04-30,4:12,"SUPERSEDED by 2026 'RFI - HJ - 200BB' (same coach, newer video wins).",no
HJ OPEN RANGE,HJ,open,,,95o,raise,0,,0,,0,100,Live Poker PREFLOP BIBLE,2024-04-30,4:12,"SUPERSEDED by 2026 'RFI - HJ - 200BB' (same coach, newer video wins).",no
HJ OPEN RANGE,HJ,open,,,85o,raise,0,,0,,0,100,Live Poker PREFLOP BIBLE,2024-04-30,4:12,"SUPERSEDED by 2026 'RFI - HJ - 200BB' (same coach, newer video wins).",no
HJ OPEN RANGE,HJ,open,,,75o,raise,0,,0,,0,100,Live Poker PREFLOP BIBLE,2024-04-30,4:12,"SUPERSEDED by 2026 'RFI - HJ - 200BB' (same coach, newer video wins).",no
HJ OPEN RANGE,HJ,open,,,65o,raise,0,,0,,0,100,Live Poker PREFLOP BIBLE,2024-04-30,4:12,"SUPERSEDED by 2026 'RFI - HJ - 200BB' (same coach, newer video wins).",no
HJ OPEN RANGE,HJ,open,,,55,raise,100,,0,,0,0,Live Poker PREFLOP BIBLE,2024-04-30,4:12,"SUPERSEDED by 2026 'RFI - HJ - 200BB' (same coach, newer video wins).",no
HJ OPEN RANGE,HJ,open,,,54s,raise,100,,0,,0,0,Live Poker PREFLOP BIBLE,2024-04-30,4:12,"SUPERSEDED by 2026 'RFI - HJ - 200BB' (same coach, newer video wins).",no
HJ OPEN RANGE,HJ,open,,,53s,raise,0,,0,,0,100,Live Poker PREFLOP BIBLE,2024-04-30,4:12,"SUPERSEDED by 2026 'RFI - HJ - 200BB' (same coach, newer video wins).",no
HJ OPEN RANGE,HJ,open,,,52s,raise,0,,0,,0,100,Live Poker PREFLOP BIBLE,2024-04-30,4:12,"SUPERSEDED by 2026 'RFI - HJ - 200BB' (same coach, newer video wins).",no
HJ OPEN RANGE,HJ,open,,,A4o,raise,0,,0,,0,100,Live Poker PREFLOP BIBLE,2024-04-30,4:12,"SUPERSEDED by 2026 'RFI - HJ - 200BB' (same coach, newer video wins).",no
HJ OPEN RANGE,HJ,open,,,K4o,raise,0,,0,,0,100,Live Poker PREFLOP BIBLE,2024-04-30,4:12,"SUPERSEDED by 2026 'RFI - HJ - 200BB' (same coach, newer video wins).",no
HJ OPEN RANGE,HJ,open,,,Q4o,raise,0,,0,,0,100,Live Poker PREFLOP BIBLE,2024-04-30,4:12,"SUPERSEDED by 2026 'RFI - HJ - 200BB' (same coach, newer video wins).",no
HJ OPEN RANGE,HJ,open,,,J4o,raise,0,,0,,0,100,Live Poker PREFLOP BIBLE,2024-04-30,4:12,"SUPERSEDED by 2026 'RFI - HJ - 200BB' (same coach, newer video wins).",no
HJ OPEN RANGE,HJ,open,,,T4o,raise,0,,0,,0,100,Live Poker PREFLOP BIBLE,2024-04-30,4:12,"SUPERSEDED by 2026 'RFI - HJ - 200BB' (same coach, newer video wins).",no
HJ OPEN RANGE,HJ,open,,,94o,raise,0,,0,,0,100,Live Poker PREFLOP BIBLE,2024-04-30,4:12,"SUPERSEDED by 2026 'RFI - HJ - 200BB' (same coach, newer video wins).",no
HJ OPEN RANGE,HJ,open,,,84o,raise,0,,0,,0,100,Live Poker PREFLOP BIBLE,2024-04-30,4:12,"SUPERSEDED by 2026 'RFI - HJ - 200BB' (same coach, newer video wins).",no
HJ OPEN RANGE,HJ,open,,,74o,raise,0,,0,,0,100,Live Poker PREFLOP BIBLE,2024-04-30,4:12,"SUPERSEDED by 2026 'RFI - HJ - 200BB' (same coach, newer video wins).",no
HJ OPEN RANGE,HJ,open,,,64o,raise,0,,0,,0,100,Live Poker PREFLOP BIBLE,2024-04-30,4:12,"SUPERSEDED by 2026 'RFI - HJ - 200BB' (same coach, newer video wins).",no
HJ OPEN RANGE,HJ,open,,,54o,raise,0,,0,,0,100,Live Poker PREFLOP BIBLE,2024-04-30,4:12,"SUPERSEDED by 2026 'RFI - HJ - 200BB' (same coach, newer video wins).",no
HJ OPEN RANGE,HJ,open,,,44,raise,100,,0,,0,0,Live Poker PREFLOP BIBLE,2024-04-30,4:12,"SUPERSEDED by 2026 'RFI - HJ - 200BB' (same coach, newer video wins).",no
HJ OPEN RANGE,HJ,open,,,43s,raise,0,,0,,0,100,Live Poker PREFLOP BIBLE,2024-04-30,4:12,"SUPERSEDED by 2026 'RFI - HJ - 200BB' (same coach, newer video wins).",no
HJ OPEN RANGE,HJ,open,,,42s,raise,0,,0,,0,100,Live Poker PREFLOP BIBLE,2024-04-30,4:12,"SUPERSEDED by 2026 'RFI - HJ - 200BB' (same coach, newer video wins).",no
HJ OPEN RANGE,HJ,open,,,A3o,raise,0,,0,,0,100,Live Poker PREFLOP BIBLE,2024-04-30,4:12,"SUPERSEDED by 2026 'RFI - HJ - 200BB' (same coach, newer video wins).",no
HJ OPEN RANGE,HJ,open,,,K3o,raise,0,,0,,0,100,Live Poker PREFLOP BIBLE,2024-04-30,4:12,"SUPERSEDED by 2026 'RFI - HJ - 200BB' (same coach, newer video wins).",no
HJ OPEN RANGE,HJ,open,,,Q3o,raise,0,,0,,0,100,Live Poker PREFLOP BIBLE,2024-04-30,4:12,"SUPERSEDED by 2026 'RFI - HJ - 200BB' (same coach, newer video wins).",no
HJ OPEN RANGE,HJ,open,,,J3o,raise,0,,0,,0,100,Live Poker PREFLOP BIBLE,2024-04-30,4:12,"SUPERSEDED by 2026 'RFI - HJ - 200BB' (same coach, newer video wins).",no
HJ OPEN RANGE,HJ,open,,,T3o,raise,0,,0,,0,100,Live Poker PREFLOP BIBLE,2024-04-30,4:12,"SUPERSEDED by 2026 'RFI - HJ - 200BB' (same coach, newer video wins).",no
HJ OPEN RANGE,HJ,open,,,93o,raise,0,,0,,0,100,Live Poker PREFLOP BIBLE,2024-04-30,4:12,"SUPERSEDED by 2026 'RFI - HJ - 200BB' (same coach, newer video wins).",no
HJ OPEN RANGE,HJ,open,,,83o,raise,0,,0,,0,100,Live Poker PREFLOP BIBLE,2024-04-30,4:12,"SUPERSEDED by 2026 'RFI - HJ - 200BB' (same coach, newer video wins).",no
HJ OPEN RANGE,HJ,open,,,73o,raise,0,,0,,0,100,Live Poker PREFLOP BIBLE,2024-04-30,4:12,"SUPERSEDED by 2026 'RFI - HJ - 200BB' (same coach, newer video wins).",no
HJ OPEN RANGE,HJ,open,,,63o,raise,0,,0,,0,100,Live Poker PREFLOP BIBLE,2024-04-30,4:12,"SUPERSEDED by 2026 'RFI - HJ - 200BB' (same coach, newer video wins).",no
HJ OPEN RANGE,HJ,open,,,53o,raise,0,,0,,0,100,Live Poker PREFLOP BIBLE,2024-04-30,4:12,"SUPERSEDED by 2026 'RFI - HJ - 200BB' (same coach, newer video wins).",no
HJ OPEN RANGE,HJ,open,,,43o,raise,0,,0,,0,100,Live Poker PREFLOP BIBLE,2024-04-30,4:12,"SUPERSEDED by 2026 'RFI - HJ - 200BB' (same coach, newer video wins).",no
HJ OPEN RANGE,HJ,open,,,33,raise,0,,0,,0,100,Live Poker PREFLOP BIBLE,2024-04-30,4:12,"SUPERSEDED by 2026 'RFI - HJ - 200BB' (same coach, newer video wins).",no
HJ OPEN RANGE,HJ,open,,,32s,raise,0,,0,,0,100,Live Poker PREFLOP BIBLE,2024-04-30,4:12,"SUPERSEDED by 2026 'RFI - HJ - 200BB' (same coach, newer video wins).",no
HJ OPEN RANGE,HJ,open,,,A2o,raise,0,,0,,0,100,Live Poker PREFLOP BIBLE,2024-04-30,4:12,"SUPERSEDED by 2026 'RFI - HJ - 200BB' (same coach, newer video wins).",no
HJ OPEN RANGE,HJ,open,,,K2o,raise,0,,0,,0,100,Live Poker PREFLOP BIBLE,2024-04-30,4:12,"SUPERSEDED by 2026 'RFI - HJ - 200BB' (same coach, newer video wins).",no
HJ OPEN RANGE,HJ,open,,,Q2o,raise,0,,0,,0,100,Live Poker PREFLOP BIBLE,2024-04-30,4:12,"SUPERSEDED by 2026 'RFI - HJ - 200BB' (same coach, newer video wins).",no
HJ OPEN RANGE,HJ,open,,,J2o,raise,0,,0,,0,100,Live Poker PREFLOP BIBLE,2024-04-30,4:12,"SUPERSEDED by 2026 'RFI - HJ - 200BB' (same coach, newer video wins).",no
HJ OPEN RANGE,HJ,open,,,T2o,raise,0,,0,,0,100,Live Poker PREFLOP BIBLE,2024-04-30,4:12,"SUPERSEDED by 2026 'RFI - HJ - 200BB' (same coach, newer video wins).",no
HJ OPEN RANGE,HJ,open,,,92o,raise,0,,0,,0,100,Live Poker PREFLOP BIBLE,2024-04-30,4:12,"SUPERSEDED by 2026 'RFI - HJ - 200BB' (same coach, newer video wins).",no
HJ OPEN RANGE,HJ,open,,,82o,raise,0,,0,,0,100,Live Poker PREFLOP BIBLE,2024-04-30,4:12,"SUPERSEDED by 2026 'RFI - HJ - 200BB' (same coach, newer video wins).",no
HJ OPEN RANGE,HJ,open,,,72o,raise,0,,0,,0,100,Live Poker PREFLOP BIBLE,2024-04-30,4:12,"SUPERSEDED by 2026 'RFI - HJ - 200BB' (same coach, newer video wins).",no
HJ OPEN RANGE,HJ,open,,,62o,raise,0,,0,,0,100,Live Poker PREFLOP BIBLE,2024-04-30,4:12,"SUPERSEDED by 2026 'RFI - HJ - 200BB' (same coach, newer video wins).",no
HJ OPEN RANGE,HJ,open,,,52o,raise,0,,0,,0,100,Live Poker PREFLOP BIBLE,2024-04-30,4:12,"SUPERSEDED by 2026 'RFI - HJ - 200BB' (same coach, newer video wins).",no
HJ OPEN RANGE,HJ,open,,,42o,raise,0,,0,,0,100,Live Poker PREFLOP BIBLE,2024-04-30,4:12,"SUPERSEDED by 2026 'RFI - HJ - 200BB' (same coach, newer video wins).",no
HJ OPEN RANGE,HJ,open,,,32o,raise,0,,0,,0,100,Live Poker PREFLOP BIBLE,2024-04-30,4:12,"SUPERSEDED by 2026 'RFI - HJ - 200BB' (same coach, newer video wins).",no
HJ OPEN RANGE,HJ,open,,,22,raise,0,,0,,0,100,Live Poker PREFLOP BIBLE,2024-04-30,4:12,"SUPERSEDED by 2026 'RFI - HJ - 200BB' (same coach, newer video wins).",no
BTN OPEN RANGE,BTN,open,,,AA,raise,100,,0,,0,0,Live Poker PREFLOP BIBLE,2024-04-30,4:44,"SUPERSEDED by 2026 'RFI - BTN - 200BB' (same coach, newer video wins).",no
BTN OPEN RANGE,BTN,open,,,AKs,raise,100,,0,,0,0,Live Poker PREFLOP BIBLE,2024-04-30,4:44,"SUPERSEDED by 2026 'RFI - BTN - 200BB' (same coach, newer video wins).",no
BTN OPEN RANGE,BTN,open,,,AQs,raise,100,,0,,0,0,Live Poker PREFLOP BIBLE,2024-04-30,4:44,"SUPERSEDED by 2026 'RFI - BTN - 200BB' (same coach, newer video wins).",no
BTN OPEN RANGE,BTN,open,,,AJs,raise,100,,0,,0,0,Live Poker PREFLOP BIBLE,2024-04-30,4:44,"SUPERSEDED by 2026 'RFI - BTN - 200BB' (same coach, newer video wins).",no
BTN OPEN RANGE,BTN,open,,,ATs,raise,100,,0,,0,0,Live Poker PREFLOP BIBLE,2024-04-30,4:44,"SUPERSEDED by 2026 'RFI - BTN - 200BB' (same coach, newer video wins).",no
BTN OPEN RANGE,BTN,open,,,A9s,raise,100,,0,,0,0,Live Poker PREFLOP BIBLE,2024-04-30,4:44,"SUPERSEDED by 2026 'RFI - BTN - 200BB' (same coach, newer video wins).",no
BTN OPEN RANGE,BTN,open,,,A8s,raise,100,,0,,0,0,Live Poker PREFLOP BIBLE,2024-04-30,4:44,"SUPERSEDED by 2026 'RFI - BTN - 200BB' (same coach, newer video wins).",no
BTN OPEN RANGE,BTN,open,,,A7s,raise,100,,0,,0,0,Live Poker PREFLOP BIBLE,2024-04-30,4:44,"SUPERSEDED by 2026 'RFI - BTN - 200BB' (same coach, newer video wins).",no
BTN OPEN RANGE,BTN,open,,,A6s,raise,100,,0,,0,0,Live Poker PREFLOP BIBLE,2024-04-30,4:44,"SUPERSEDED by 2026 'RFI - BTN - 200BB' (same coach, newer video wins).",no
BTN OPEN RANGE,BTN,open,,,A5s,raise,100,,0,,0,0,Live Poker PREFLOP BIBLE,2024-04-30,4:44,"SUPERSEDED by 2026 'RFI - BTN - 200BB' (same coach, newer video wins).",no
BTN OPEN RANGE,BTN,open,,,A4s,raise,100,,0,,0,0,Live Poker PREFLOP BIBLE,2024-04-30,4:44,"SUPERSEDED by 2026 'RFI - BTN - 200BB' (same coach, newer video wins).",no
BTN OPEN RANGE,BTN,open,,,A3s,raise,100,,0,,0,0,Live Poker PREFLOP BIBLE,2024-04-30,4:44,"SUPERSEDED by 2026 'RFI - BTN - 200BB' (same coach, newer video wins).",no
BTN OPEN RANGE,BTN,open,,,A2s,raise,100,,0,,0,0,Live Poker PREFLOP BIBLE,2024-04-30,4:44,"SUPERSEDED by 2026 'RFI - BTN - 200BB' (same coach, newer video wins).",no
BTN OPEN RANGE,BTN,open,,,AKo,raise,100,,0,,0,0,Live Poker PREFLOP BIBLE,2024-04-30,4:44,"SUPERSEDED by 2026 'RFI - BTN - 200BB' (same coach, newer video wins).",no
BTN OPEN RANGE,BTN,open,,,KK,raise,100,,0,,0,0,Live Poker PREFLOP BIBLE,2024-04-30,4:44,"SUPERSEDED by 2026 'RFI - BTN - 200BB' (same coach, newer video wins).",no
BTN OPEN RANGE,BTN,open,,,KQs,raise,100,,0,,0,0,Live Poker PREFLOP BIBLE,2024-04-30,4:44,"SUPERSEDED by 2026 'RFI - BTN - 200BB' (same coach, newer video wins).",no
BTN OPEN RANGE,BTN,open,,,KJs,raise,100,,0,,0,0,Live Poker PREFLOP BIBLE,2024-04-30,4:44,"SUPERSEDED by 2026 'RFI - BTN - 200BB' (same coach, newer video wins).",no
BTN OPEN RANGE,BTN,open,,,KTs,raise,100,,0,,0,0,Live Poker PREFLOP BIBLE,2024-04-30,4:44,"SUPERSEDED by 2026 'RFI - BTN - 200BB' (same coach, newer video wins).",no
BTN OPEN RANGE,BTN,open,,,K9s,raise,100,,0,,0,0,Live Poker PREFLOP BIBLE,2024-04-30,4:44,"SUPERSEDED by 2026 'RFI - BTN - 200BB' (same coach, newer video wins).",no
BTN OPEN RANGE,BTN,open,,,K8s,raise,100,,0,,0,0,Live Poker PREFLOP BIBLE,2024-04-30,4:44,"SUPERSEDED by 2026 'RFI - BTN - 200BB' (same coach, newer video wins).",no
BTN OPEN RANGE,BTN,open,,,K7s,raise,100,,0,,0,0,Live Poker PREFLOP BIBLE,2024-04-30,4:44,"SUPERSEDED by 2026 'RFI - BTN - 200BB' (same coach, newer video wins).",no
BTN OPEN RANGE,BTN,open,,,K6s,raise,100,,0,,0,0,Live Poker PREFLOP BIBLE,2024-04-30,4:44,"SUPERSEDED by 2026 'RFI - BTN - 200BB' (same coach, newer video wins).",no
BTN OPEN RANGE,BTN,open,,,K5s,raise,100,,0,,0,0,Live Poker PREFLOP BIBLE,2024-04-30,4:44,"SUPERSEDED by 2026 'RFI - BTN - 200BB' (same coach, newer video wins).",no
BTN OPEN RANGE,BTN,open,,,K4s,raise,100,,0,,0,0,Live Poker PREFLOP BIBLE,2024-04-30,4:44,"SUPERSEDED by 2026 'RFI - BTN - 200BB' (same coach, newer video wins).",no
BTN OPEN RANGE,BTN,open,,,K3s,raise,100,,0,,0,0,Live Poker PREFLOP BIBLE,2024-04-30,4:44,"SUPERSEDED by 2026 'RFI - BTN - 200BB' (same coach, newer video wins).",no
BTN OPEN RANGE,BTN,open,,,K2s,raise,100,,0,,0,0,Live Poker PREFLOP BIBLE,2024-04-30,4:44,"SUPERSEDED by 2026 'RFI - BTN - 200BB' (same coach, newer video wins).",no
BTN OPEN RANGE,BTN,open,,,AQo,raise,100,,0,,0,0,Live Poker PREFLOP BIBLE,2024-04-30,4:44,"SUPERSEDED by 2026 'RFI - BTN - 200BB' (same coach, newer video wins).",no
BTN OPEN RANGE,BTN,open,,,KQo,raise,100,,0,,0,0,Live Poker PREFLOP BIBLE,2024-04-30,4:44,"SUPERSEDED by 2026 'RFI - BTN - 200BB' (same coach, newer video wins).",no
BTN OPEN RANGE,BTN,open,,,QQ,raise,100,,0,,0,0,Live Poker PREFLOP BIBLE,2024-04-30,4:44,"SUPERSEDED by 2026 'RFI - BTN - 200BB' (same coach, newer video wins).",no
BTN OPEN RANGE,BTN,open,,,QJs,raise,100,,0,,0,0,Live Poker PREFLOP BIBLE,2024-04-30,4:44,"SUPERSEDED by 2026 'RFI - BTN - 200BB' (same coach, newer video wins).",no
BTN OPEN RANGE,BTN,open,,,QTs,raise,100,,0,,0,0,Live Poker PREFLOP BIBLE,2024-04-30,4:44,"SUPERSEDED by 2026 'RFI - BTN - 200BB' (same coach, newer video wins).",no
BTN OPEN RANGE,BTN,open,,,Q9s,raise,100,,0,,0,0,Live Poker PREFLOP BIBLE,2024-04-30,4:44,"SUPERSEDED by 2026 'RFI - BTN - 200BB' (same coach, newer video wins).",no
BTN OPEN RANGE,BTN,open,,,Q8s,raise,100,,0,,0,0,Live Poker PREFLOP BIBLE,2024-04-30,4:44,"SUPERSEDED by 2026 'RFI - BTN - 200BB' (same coach, newer video wins).",no
BTN OPEN RANGE,BTN,open,,,Q7s,raise,100,,0,,0,0,Live Poker PREFLOP BIBLE,2024-04-30,4:44,"SUPERSEDED by 2026 'RFI - BTN - 200BB' (same coach, newer video wins).",no
BTN OPEN RANGE,BTN,open,,,Q6s,raise,100,,0,,0,0,Live Poker PREFLOP BIBLE,2024-04-30,4:44,"SUPERSEDED by 2026 'RFI - BTN - 200BB' (same coach, newer video wins).",no
BTN OPEN RANGE,BTN,open,,,Q5s,raise,100,,0,,0,0,Live Poker PREFLOP BIBLE,2024-04-30,4:44,"SUPERSEDED by 2026 'RFI - BTN - 200BB' (same coach, newer video wins).",no
BTN OPEN RANGE,BTN,open,,,Q4s,raise,100,,0,,0,0,Live Poker PREFLOP BIBLE,2024-04-30,4:44,"SUPERSEDED by 2026 'RFI - BTN - 200BB' (same coach, newer video wins).",no
BTN OPEN RANGE,BTN,open,,,Q3s,raise,100,,0,,0,0,Live Poker PREFLOP BIBLE,2024-04-30,4:44,"SUPERSEDED by 2026 'RFI - BTN - 200BB' (same coach, newer video wins).",no
BTN OPEN RANGE,BTN,open,,,Q2s,raise,100,,0,,0,0,Live Poker PREFLOP BIBLE,2024-04-30,4:44,"SUPERSEDED by 2026 'RFI - BTN - 200BB' (same coach, newer video wins).",no
BTN OPEN RANGE,BTN,open,,,AJo,raise,100,,0,,0,0,Live Poker PREFLOP BIBLE,2024-04-30,4:44,"SUPERSEDED by 2026 'RFI - BTN - 200BB' (same coach, newer video wins).",no
BTN OPEN RANGE,BTN,open,,,KJo,raise,100,,0,,0,0,Live Poker PREFLOP BIBLE,2024-04-30,4:44,"SUPERSEDED by 2026 'RFI - BTN - 200BB' (same coach, newer video wins).",no
BTN OPEN RANGE,BTN,open,,,QJo,raise,100,,0,,0,0,Live Poker PREFLOP BIBLE,2024-04-30,4:44,"SUPERSEDED by 2026 'RFI - BTN - 200BB' (same coach, newer video wins).",no
BTN OPEN RANGE,BTN,open,,,JJ,raise,100,,0,,0,0,Live Poker PREFLOP BIBLE,2024-04-30,4:44,"SUPERSEDED by 2026 'RFI - BTN - 200BB' (same coach, newer video wins).",no
BTN OPEN RANGE,BTN,open,,,JTs,raise,100,,0,,0,0,Live Poker PREFLOP BIBLE,2024-04-30,4:44,"SUPERSEDED by 2026 'RFI - BTN - 200BB' (same coach, newer video wins).",no
BTN OPEN RANGE,BTN,open,,,J9s,raise,100,,0,,0,0,Live Poker PREFLOP BIBLE,2024-04-30,4:44,"SUPERSEDED by 2026 'RFI - BTN - 200BB' (same coach, newer video wins).",no
BTN OPEN RANGE,BTN,open,,,J8s,raise,100,,0,,0,0,Live Poker PREFLOP BIBLE,2024-04-30,4:44,"SUPERSEDED by 2026 'RFI - BTN - 200BB' (same coach, newer video wins).",no
BTN OPEN RANGE,BTN,open,,,J7s,raise,100,,0,,0,0,Live Poker PREFLOP BIBLE,2024-04-30,4:44,"SUPERSEDED by 2026 'RFI - BTN - 200BB' (same coach, newer video wins).",no
BTN OPEN RANGE,BTN,open,,,J6s,raise,100,,0,,0,0,Live Poker PREFLOP BIBLE,2024-04-30,4:44,"SUPERSEDED by 2026 'RFI - BTN - 200BB' (same coach, newer video wins).",no
BTN OPEN RANGE,BTN,open,,,J5s,raise,100,,0,,0,0,Live Poker PREFLOP BIBLE,2024-04-30,4:44,"SUPERSEDED by 2026 'RFI - BTN - 200BB' (same coach, newer video wins).",no
BTN OPEN RANGE,BTN,open,,,J4s,raise,0,,0,,0,100,Live Poker PREFLOP BIBLE,2024-04-30,4:44,"SUPERSEDED by 2026 'RFI - BTN - 200BB' (same coach, newer video wins).",no
BTN OPEN RANGE,BTN,open,,,J3s,raise,0,,0,,0,100,Live Poker PREFLOP BIBLE,2024-04-30,4:44,"SUPERSEDED by 2026 'RFI - BTN - 200BB' (same coach, newer video wins).",no
BTN OPEN RANGE,BTN,open,,,J2s,raise,0,,0,,0,100,Live Poker PREFLOP BIBLE,2024-04-30,4:44,"SUPERSEDED by 2026 'RFI - BTN - 200BB' (same coach, newer video wins).",no
BTN OPEN RANGE,BTN,open,,,ATo,raise,100,,0,,0,0,Live Poker PREFLOP BIBLE,2024-04-30,4:44,"SUPERSEDED by 2026 'RFI - BTN - 200BB' (same coach, newer video wins).",no
BTN OPEN RANGE,BTN,open,,,KTo,raise,100,,0,,0,0,Live Poker PREFLOP BIBLE,2024-04-30,4:44,"SUPERSEDED by 2026 'RFI - BTN - 200BB' (same coach, newer video wins).",no
BTN OPEN RANGE,BTN,open,,,QTo,raise,100,,0,,0,0,Live Poker PREFLOP BIBLE,2024-04-30,4:44,"SUPERSEDED by 2026 'RFI - BTN - 200BB' (same coach, newer video wins).",no
BTN OPEN RANGE,BTN,open,,,JTo,raise,100,,0,,0,0,Live Poker PREFLOP BIBLE,2024-04-30,4:44,"SUPERSEDED by 2026 'RFI - BTN - 200BB' (same coach, newer video wins).",no
BTN OPEN RANGE,BTN,open,,,TT,raise,100,,0,,0,0,Live Poker PREFLOP BIBLE,2024-04-30,4:44,"SUPERSEDED by 2026 'RFI - BTN - 200BB' (same coach, newer video wins).",no
BTN OPEN RANGE,BTN,open,,,T9s,raise,100,,0,,0,0,Live Poker PREFLOP BIBLE,2024-04-30,4:44,"SUPERSEDED by 2026 'RFI - BTN - 200BB' (same coach, newer video wins).",no
BTN OPEN RANGE,BTN,open,,,T8s,raise,100,,0,,0,0,Live Poker PREFLOP BIBLE,2024-04-30,4:44,"SUPERSEDED by 2026 'RFI - BTN - 200BB' (same coach, newer video wins).",no
BTN OPEN RANGE,BTN,open,,,T7s,raise,100,,0,,0,0,Live Poker PREFLOP BIBLE,2024-04-30,4:44,"SUPERSEDED by 2026 'RFI - BTN - 200BB' (same coach, newer video wins).",no
BTN OPEN RANGE,BTN,open,,,T6s,raise,100,,0,,0,0,Live Poker PREFLOP BIBLE,2024-04-30,4:44,"SUPERSEDED by 2026 'RFI - BTN - 200BB' (same coach, newer video wins).",no
BTN OPEN RANGE,BTN,open,,,T5s,raise,0,,0,,0,100,Live Poker PREFLOP BIBLE,2024-04-30,4:44,"SUPERSEDED by 2026 'RFI - BTN - 200BB' (same coach, newer video wins).",no
BTN OPEN RANGE,BTN,open,,,T4s,raise,0,,0,,0,100,Live Poker PREFLOP BIBLE,2024-04-30,4:44,"SUPERSEDED by 2026 'RFI - BTN - 200BB' (same coach, newer video wins).",no
BTN OPEN RANGE,BTN,open,,,T3s,raise,0,,0,,0,100,Live Poker PREFLOP BIBLE,2024-04-30,4:44,"SUPERSEDED by 2026 'RFI - BTN - 200BB' (same coach, newer video wins).",no
BTN OPEN RANGE,BTN,open,,,T2s,raise,0,,0,,0,100,Live Poker PREFLOP BIBLE,2024-04-30,4:44,"SUPERSEDED by 2026 'RFI - BTN - 200BB' (same coach, newer video wins).",no
BTN OPEN RANGE,BTN,open,,,A9o,raise,100,,0,,0,0,Live Poker PREFLOP BIBLE,2024-04-30,4:44,"SUPERSEDED by 2026 'RFI - BTN - 200BB' (same coach, newer video wins).",no
BTN OPEN RANGE,BTN,open,,,K9o,raise,100,,0,,0,0,Live Poker PREFLOP BIBLE,2024-04-30,4:44,"SUPERSEDED by 2026 'RFI - BTN - 200BB' (same coach, newer video wins).",no
BTN OPEN RANGE,BTN,open,,,Q9o,raise,100,,0,,0,0,Live Poker PREFLOP BIBLE,2024-04-30,4:44,"SUPERSEDED by 2026 'RFI - BTN - 200BB' (same coach, newer video wins).",no
BTN OPEN RANGE,BTN,open,,,J9o,raise,100,,0,,0,0,Live Poker PREFLOP BIBLE,2024-04-30,4:44,"SUPERSEDED by 2026 'RFI - BTN - 200BB' (same coach, newer video wins).",no
BTN OPEN RANGE,BTN,open,,,T9o,raise,100,,0,,0,0,Live Poker PREFLOP BIBLE,2024-04-30,4:44,"SUPERSEDED by 2026 'RFI - BTN - 200BB' (same coach, newer video wins).",no
BTN OPEN RANGE,BTN,open,,,99,raise,100,,0,,0,0,Live Poker PREFLOP BIBLE,2024-04-30,4:44,"SUPERSEDED by 2026 'RFI - BTN - 200BB' (same coach, newer video wins).",no
BTN OPEN RANGE,BTN,open,,,98s,raise,100,,0,,0,0,Live Poker PREFLOP BIBLE,2024-04-30,4:44,"SUPERSEDED by 2026 'RFI - BTN - 200BB' (same coach, newer video wins).",no
BTN OPEN RANGE,BTN,open,,,97s,raise,100,,0,,0,0,Live Poker PREFLOP BIBLE,2024-04-30,4:44,"SUPERSEDED by 2026 'RFI - BTN - 200BB' (same coach, newer video wins).",no
BTN OPEN RANGE,BTN,open,,,96s,raise,100,,0,,0,0,Live Poker PREFLOP BIBLE,2024-04-30,4:44,"SUPERSEDED by 2026 'RFI - BTN - 200BB' (same coach, newer video wins).",no
BTN OPEN RANGE,BTN,open,,,95s,raise,0,,0,,0,100,Live Poker PREFLOP BIBLE,2024-04-30,4:44,"SUPERSEDED by 2026 'RFI - BTN - 200BB' (same coach, newer video wins).",no
BTN OPEN RANGE,BTN,open,,,94s,raise,0,,0,,0,100,Live Poker PREFLOP BIBLE,2024-04-30,4:44,"SUPERSEDED by 2026 'RFI - BTN - 200BB' (same coach, newer video wins).",no
BTN OPEN RANGE,BTN,open,,,93s,raise,0,,0,,0,100,Live Poker PREFLOP BIBLE,2024-04-30,4:44,"SUPERSEDED by 2026 'RFI - BTN - 200BB' (same coach, newer video wins).",no
BTN OPEN RANGE,BTN,open,,,92s,raise,0,,0,,0,100,Live Poker PREFLOP BIBLE,2024-04-30,4:44,"SUPERSEDED by 2026 'RFI - BTN - 200BB' (same coach, newer video wins).",no
BTN OPEN RANGE,BTN,open,,,A8o,raise,100,,0,,0,0,Live Poker PREFLOP BIBLE,2024-04-30,4:44,"SUPERSEDED by 2026 'RFI - BTN - 200BB' (same coach, newer video wins).",no
BTN OPEN RANGE,BTN,open,,,K8o,raise,100,,0,,0,0,Live Poker PREFLOP BIBLE,2024-04-30,4:44,"SUPERSEDED by 2026 'RFI - BTN - 200BB' (same coach, newer video wins).",no
BTN OPEN RANGE,BTN,open,,,Q8o,raise,0,,0,,0,100,Live Poker PREFLOP BIBLE,2024-04-30,4:44,"SUPERSEDED by 2026 'RFI - BTN - 200BB' (same coach, newer video wins).",no
BTN OPEN RANGE,BTN,open,,,J8o,raise,0,,0,,0,100,Live Poker PREFLOP BIBLE,2024-04-30,4:44,"SUPERSEDED by 2026 'RFI - BTN - 200BB' (same coach, newer video wins).",no
BTN OPEN RANGE,BTN,open,,,T8o,raise,100,,0,,0,0,Live Poker PREFLOP BIBLE,2024-04-30,4:44,"SUPERSEDED by 2026 'RFI - BTN - 200BB' (same coach, newer video wins).",no
BTN OPEN RANGE,BTN,open,,,98o,raise,100,,0,,0,0,Live Poker PREFLOP BIBLE,2024-04-30,4:44,"SUPERSEDED by 2026 'RFI - BTN - 200BB' (same coach, newer video wins).",no
BTN OPEN RANGE,BTN,open,,,88,raise,100,,0,,0,0,Live Poker PREFLOP BIBLE,2024-04-30,4:44,"SUPERSEDED by 2026 'RFI - BTN - 200BB' (same coach, newer video wins).",no
BTN OPEN RANGE,BTN,open,,,87s,raise,100,,0,,0,0,Live Poker PREFLOP BIBLE,2024-04-30,4:44,"SUPERSEDED by 2026 'RFI - BTN - 200BB' (same coach, newer video wins).",no
BTN OPEN RANGE,BTN,open,,,86s,raise,100,,0,,0,0,Live Poker PREFLOP BIBLE,2024-04-30,4:44,"SUPERSEDED by 2026 'RFI - BTN - 200BB' (same coach, newer video wins).",no
BTN OPEN RANGE,BTN,open,,,85s,raise,100,,0,,0,0,Live Poker PREFLOP BIBLE,2024-04-30,4:44,"SUPERSEDED by 2026 'RFI - BTN - 200BB' (same coach, newer video wins).",no
BTN OPEN RANGE,BTN,open,,,84s,raise,0,,0,,0,100,Live Poker PREFLOP BIBLE,2024-04-30,4:44,"SUPERSEDED by 2026 'RFI - BTN - 200BB' (same coach, newer video wins).",no
BTN OPEN RANGE,BTN,open,,,83s,raise,0,,0,,0,100,Live Poker PREFLOP BIBLE,2024-04-30,4:44,"SUPERSEDED by 2026 'RFI - BTN - 200BB' (same coach, newer video wins).",no
BTN OPEN RANGE,BTN,open,,,82s,raise,0,,0,,0,100,Live Poker PREFLOP BIBLE,2024-04-30,4:44,"SUPERSEDED by 2026 'RFI - BTN - 200BB' (same coach, newer video wins).",no
BTN OPEN RANGE,BTN,open,,,A7o,raise,100,,0,,0,0,Live Poker PREFLOP BIBLE,2024-04-30,4:44,"SUPERSEDED by 2026 'RFI - BTN - 200BB' (same coach, newer video wins).",no
BTN OPEN RANGE,BTN,open,,,K7o,raise,0,,0,,0,100,Live Poker PREFLOP BIBLE,2024-04-30,4:44,"SUPERSEDED by 2026 'RFI - BTN - 200BB' (same coach, newer video wins).",no
BTN OPEN RANGE,BTN,open,,,Q7o,raise,0,,0,,0,100,Live Poker PREFLOP BIBLE,2024-04-30,4:44,"SUPERSEDED by 2026 'RFI - BTN - 200BB' (same coach, newer video wins).",no
BTN OPEN RANGE,BTN,open,,,J7o,raise,0,,0,,0,100,Live Poker PREFLOP BIBLE,2024-04-30,4:44,"SUPERSEDED by 2026 'RFI - BTN - 200BB' (same coach, newer video wins).",no
BTN OPEN RANGE,BTN,open,,,T7o,raise,0,,0,,0,100,Live Poker PREFLOP BIBLE,2024-04-30,4:44,"SUPERSEDED by 2026 'RFI - BTN - 200BB' (same coach, newer video wins).",no
BTN OPEN RANGE,BTN,open,,,97o,raise,0,,0,,0,100,Live Poker PREFLOP BIBLE,2024-04-30,4:44,"SUPERSEDED by 2026 'RFI - BTN - 200BB' (same coach, newer video wins).",no
BTN OPEN RANGE,BTN,open,,,87o,raise,0,,0,,0,100,Live Poker PREFLOP BIBLE,2024-04-30,4:44,"SUPERSEDED by 2026 'RFI - BTN - 200BB' (same coach, newer video wins).",no
BTN OPEN RANGE,BTN,open,,,77,raise,100,,0,,0,0,Live Poker PREFLOP BIBLE,2024-04-30,4:44,"SUPERSEDED by 2026 'RFI - BTN - 200BB' (same coach, newer video wins).",no
BTN OPEN RANGE,BTN,open,,,76s,raise,100,,0,,0,0,Live Poker PREFLOP BIBLE,2024-04-30,4:44,"SUPERSEDED by 2026 'RFI - BTN - 200BB' (same coach, newer video wins).",no
BTN OPEN RANGE,BTN,open,,,75s,raise,100,,0,,0,0,Live Poker PREFLOP BIBLE,2024-04-30,4:44,"SUPERSEDED by 2026 'RFI - BTN - 200BB' (same coach, newer video wins).",no
BTN OPEN RANGE,BTN,open,,,74s,raise,100,,0,,0,0,Live Poker PREFLOP BIBLE,2024-04-30,4:44,"SUPERSEDED by 2026 'RFI - BTN - 200BB' (same coach, newer video wins).",no
BTN OPEN RANGE,BTN,open,,,73s,raise,0,,0,,0,100,Live Poker PREFLOP BIBLE,2024-04-30,4:44,"SUPERSEDED by 2026 'RFI - BTN - 200BB' (same coach, newer video wins).",no
BTN OPEN RANGE,BTN,open,,,72s,raise,0,,0,,0,100,Live Poker PREFLOP BIBLE,2024-04-30,4:44,"SUPERSEDED by 2026 'RFI - BTN - 200BB' (same coach, newer video wins).",no
BTN OPEN RANGE,BTN,open,,,A6o,raise,100,,0,,0,0,Live Poker PREFLOP BIBLE,2024-04-30,4:44,"SUPERSEDED by 2026 'RFI - BTN - 200BB' (same coach, newer video wins).",no
BTN OPEN RANGE,BTN,open,,,K6o,raise,0,,0,,0,100,Live Poker PREFLOP BIBLE,2024-04-30,4:44,"SUPERSEDED by 2026 'RFI - BTN - 200BB' (same coach, newer video wins).",no
BTN OPEN RANGE,BTN,open,,,Q6o,raise,0,,0,,0,100,Live Poker PREFLOP BIBLE,2024-04-30,4:44,"SUPERSEDED by 2026 'RFI - BTN - 200BB' (same coach, newer video wins).",no
BTN OPEN RANGE,BTN,open,,,J6o,raise,0,,0,,0,100,Live Poker PREFLOP BIBLE,2024-04-30,4:44,"SUPERSEDED by 2026 'RFI - BTN - 200BB' (same coach, newer video wins).",no
BTN OPEN RANGE,BTN,open,,,T6o,raise,0,,0,,0,100,Live Poker PREFLOP BIBLE,2024-04-30,4:44,"SUPERSEDED by 2026 'RFI - BTN - 200BB' (same coach, newer video wins).",no
BTN OPEN RANGE,BTN,open,,,96o,raise,0,,0,,0,100,Live Poker PREFLOP BIBLE,2024-04-30,4:44,"SUPERSEDED by 2026 'RFI - BTN - 200BB' (same coach, newer video wins).",no
BTN OPEN RANGE,BTN,open,,,86o,raise,0,,0,,0,100,Live Poker PREFLOP BIBLE,2024-04-30,4:44,"SUPERSEDED by 2026 'RFI - BTN - 200BB' (same coach, newer video wins).",no
BTN OPEN RANGE,BTN,open,,,76o,raise,0,,0,,0,100,Live Poker PREFLOP BIBLE,2024-04-30,4:44,"SUPERSEDED by 2026 'RFI - BTN - 200BB' (same coach, newer video wins).",no
BTN OPEN RANGE,BTN,open,,,66,raise,100,,0,,0,0,Live Poker PREFLOP BIBLE,2024-04-30,4:44,"SUPERSEDED by 2026 'RFI - BTN - 200BB' (same coach, newer video wins).",no
BTN OPEN RANGE,BTN,open,,,65s,raise,100,,0,,0,0,Live Poker PREFLOP BIBLE,2024-04-30,4:44,"SUPERSEDED by 2026 'RFI - BTN - 200BB' (same coach, newer video wins).",no
BTN OPEN RANGE,BTN,open,,,64s,raise,100,,0,,0,0,Live Poker PREFLOP BIBLE,2024-04-30,4:44,"SUPERSEDED by 2026 'RFI - BTN - 200BB' (same coach, newer video wins).",no
BTN OPEN RANGE,BTN,open,,,63s,raise,0,,0,,0,100,Live Poker PREFLOP BIBLE,2024-04-30,4:44,"SUPERSEDED by 2026 'RFI - BTN - 200BB' (same coach, newer video wins).",no
BTN OPEN RANGE,BTN,open,,,62s,raise,0,,0,,0,100,Live Poker PREFLOP BIBLE,2024-04-30,4:44,"SUPERSEDED by 2026 'RFI - BTN - 200BB' (same coach, newer video wins).",no
BTN OPEN RANGE,BTN,open,,,A5o,raise,100,,0,,0,0,Live Poker PREFLOP BIBLE,2024-04-30,4:44,"SUPERSEDED by 2026 'RFI - BTN - 200BB' (same coach, newer video wins).",no
BTN OPEN RANGE,BTN,open,,,K5o,raise,0,,0,,0,100,Live Poker PREFLOP BIBLE,2024-04-30,4:44,"SUPERSEDED by 2026 'RFI - BTN - 200BB' (same coach, newer video wins).",no
BTN OPEN RANGE,BTN,open,,,Q5o,raise,0,,0,,0,100,Live Poker PREFLOP BIBLE,2024-04-30,4:44,"SUPERSEDED by 2026 'RFI - BTN - 200BB' (same coach, newer video wins).",no
BTN OPEN RANGE,BTN,open,,,J5o,raise,0,,0,,0,100,Live Poker PREFLOP BIBLE,2024-04-30,4:44,"SUPERSEDED by 2026 'RFI - BTN - 200BB' (same coach, newer video wins).",no
BTN OPEN RANGE,BTN,open,,,T5o,raise,0,,0,,0,100,Live Poker PREFLOP BIBLE,2024-04-30,4:44,"SUPERSEDED by 2026 'RFI - BTN - 200BB' (same coach, newer video wins).",no
BTN OPEN RANGE,BTN,open,,,95o,raise,0,,0,,0,100,Live Poker PREFLOP BIBLE,2024-04-30,4:44,"SUPERSEDED by 2026 'RFI - BTN - 200BB' (same coach, newer video wins).",no
BTN OPEN RANGE,BTN,open,,,85o,raise,0,,0,,0,100,Live Poker PREFLOP BIBLE,2024-04-30,4:44,"SUPERSEDED by 2026 'RFI - BTN - 200BB' (same coach, newer video wins).",no
BTN OPEN RANGE,BTN,open,,,75o,raise,0,,0,,0,100,Live Poker PREFLOP BIBLE,2024-04-30,4:44,"SUPERSEDED by 2026 'RFI - BTN - 200BB' (same coach, newer video wins).",no
BTN OPEN RANGE,BTN,open,,,65o,raise,0,,0,,0,100,Live Poker PREFLOP BIBLE,2024-04-30,4:44,"SUPERSEDED by 2026 'RFI - BTN - 200BB' (same coach, newer video wins).",no
BTN OPEN RANGE,BTN,open,,,55,raise,100,,0,,0,0,Live Poker PREFLOP BIBLE,2024-04-30,4:44,"SUPERSEDED by 2026 'RFI - BTN - 200BB' (same coach, newer video wins).",no
BTN OPEN RANGE,BTN,open,,,54s,raise,100,,0,,0,0,Live Poker PREFLOP BIBLE,2024-04-30,4:44,"SUPERSEDED by 2026 'RFI - BTN - 200BB' (same coach, newer video wins).",no
BTN OPEN RANGE,BTN,open,,,53s,raise,100,,0,,0,0,Live Poker PREFLOP BIBLE,2024-04-30,4:44,"SUPERSEDED by 2026 'RFI - BTN - 200BB' (same coach, newer video wins).",no
BTN OPEN RANGE,BTN,open,,,52s,raise,0,,0,,0,100,Live Poker PREFLOP BIBLE,2024-04-30,4:44,"SUPERSEDED by 2026 'RFI - BTN - 200BB' (same coach, newer video wins).",no
BTN OPEN RANGE,BTN,open,,,A4o,raise,100,,0,,0,0,Live Poker PREFLOP BIBLE,2024-04-30,4:44,"SUPERSEDED by 2026 'RFI - BTN - 200BB' (same coach, newer video wins).",no
BTN OPEN RANGE,BTN,open,,,K4o,raise,0,,0,,0,100,Live Poker PREFLOP BIBLE,2024-04-30,4:44,"SUPERSEDED by 2026 'RFI - BTN - 200BB' (same coach, newer video wins).",no
BTN OPEN RANGE,BTN,open,,,Q4o,raise,0,,0,,0,100,Live Poker PREFLOP BIBLE,2024-04-30,4:44,"SUPERSEDED by 2026 'RFI - BTN - 200BB' (same coach, newer video wins).",no
BTN OPEN RANGE,BTN,open,,,J4o,raise,0,,0,,0,100,Live Poker PREFLOP BIBLE,2024-04-30,4:44,"SUPERSEDED by 2026 'RFI - BTN - 200BB' (same coach, newer video wins).",no
BTN OPEN RANGE,BTN,open,,,T4o,raise,0,,0,,0,100,Live Poker PREFLOP BIBLE,2024-04-30,4:44,"SUPERSEDED by 2026 'RFI - BTN - 200BB' (same coach, newer video wins).",no
BTN OPEN RANGE,BTN,open,,,94o,raise,0,,0,,0,100,Live Poker PREFLOP BIBLE,2024-04-30,4:44,"SUPERSEDED by 2026 'RFI - BTN - 200BB' (same coach, newer video wins).",no
BTN OPEN RANGE,BTN,open,,,84o,raise,0,,0,,0,100,Live Poker PREFLOP BIBLE,2024-04-30,4:44,"SUPERSEDED by 2026 'RFI - BTN - 200BB' (same coach, newer video wins).",no
BTN OPEN RANGE,BTN,open,,,74o,raise,0,,0,,0,100,Live Poker PREFLOP BIBLE,2024-04-30,4:44,"SUPERSEDED by 2026 'RFI - BTN - 200BB' (same coach, newer video wins).",no
BTN OPEN RANGE,BTN,open,,,64o,raise,0,,0,,0,100,Live Poker PREFLOP BIBLE,2024-04-30,4:44,"SUPERSEDED by 2026 'RFI - BTN - 200BB' (same coach, newer video wins).",no
BTN OPEN RANGE,BTN,open,,,54o,raise,0,,0,,0,100,Live Poker PREFLOP BIBLE,2024-04-30,4:44,"SUPERSEDED by 2026 'RFI - BTN - 200BB' (same coach, newer video wins).",no
BTN OPEN RANGE,BTN,open,,,44,raise,100,,0,,0,0,Live Poker PREFLOP BIBLE,2024-04-30,4:44,"SUPERSEDED by 2026 'RFI - BTN - 200BB' (same coach, newer video wins).",no
BTN OPEN RANGE,BTN,open,,,43s,raise,100,,0,,0,0,Live Poker PREFLOP BIBLE,2024-04-30,4:44,"SUPERSEDED by 2026 'RFI - BTN - 200BB' (same coach, newer video wins).",no
BTN OPEN RANGE,BTN,open,,,42s,raise,0,,0,,0,100,Live Poker PREFLOP BIBLE,2024-04-30,4:44,"SUPERSEDED by 2026 'RFI - BTN - 200BB' (same coach, newer video wins).",no
BTN OPEN RANGE,BTN,open,,,A3o,raise,0,,0,,0,100,Live Poker PREFLOP BIBLE,2024-04-30,4:44,"SUPERSEDED by 2026 'RFI - BTN - 200BB' (same coach, newer video wins).",no
BTN OPEN RANGE,BTN,open,,,K3o,raise,0,,0,,0,100,Live Poker PREFLOP BIBLE,2024-04-30,4:44,"SUPERSEDED by 2026 'RFI - BTN - 200BB' (same coach, newer video wins).",no
BTN OPEN RANGE,BTN,open,,,Q3o,raise,0,,0,,0,100,Live Poker PREFLOP BIBLE,2024-04-30,4:44,"SUPERSEDED by 2026 'RFI - BTN - 200BB' (same coach, newer video wins).",no
BTN OPEN RANGE,BTN,open,,,J3o,raise,0,,0,,0,100,Live Poker PREFLOP BIBLE,2024-04-30,4:44,"SUPERSEDED by 2026 'RFI - BTN - 200BB' (same coach, newer video wins).",no
BTN OPEN RANGE,BTN,open,,,T3o,raise,0,,0,,0,100,Live Poker PREFLOP BIBLE,2024-04-30,4:44,"SUPERSEDED by 2026 'RFI - BTN - 200BB' (same coach, newer video wins).",no
BTN OPEN RANGE,BTN,open,,,93o,raise,0,,0,,0,100,Live Poker PREFLOP BIBLE,2024-04-30,4:44,"SUPERSEDED by 2026 'RFI - BTN - 200BB' (same coach, newer video wins).",no
BTN OPEN RANGE,BTN,open,,,83o,raise,0,,0,,0,100,Live Poker PREFLOP BIBLE,2024-04-30,4:44,"SUPERSEDED by 2026 'RFI - BTN - 200BB' (same coach, newer video wins).",no
BTN OPEN RANGE,BTN,open,,,73o,raise,0,,0,,0,100,Live Poker PREFLOP BIBLE,2024-04-30,4:44,"SUPERSEDED by 2026 'RFI - BTN - 200BB' (same coach, newer video wins).",no
BTN OPEN RANGE,BTN,open,,,63o,raise,0,,0,,0,100,Live Poker PREFLOP BIBLE,2024-04-30,4:44,"SUPERSEDED by 2026 'RFI - BTN - 200BB' (same coach, newer video wins).",no
BTN OPEN RANGE,BTN,open,,,53o,raise,0,,0,,0,100,Live Poker PREFLOP BIBLE,2024-04-30,4:44,"SUPERSEDED by 2026 'RFI - BTN - 200BB' (same coach, newer video wins).",no
BTN OPEN RANGE,BTN,open,,,43o,raise,0,,0,,0,100,Live Poker PREFLOP BIBLE,2024-04-30,4:44,"SUPERSEDED by 2026 'RFI - BTN - 200BB' (same coach, newer video wins).",no
BTN OPEN RANGE,BTN,open,,,33,raise,100,,0,,0,0,Live Poker PREFLOP BIBLE,2024-04-30,4:44,"SUPERSEDED by 2026 'RFI - BTN - 200BB' (same coach, newer video wins).",no
BTN OPEN RANGE,BTN,open,,,32s,raise,0,,0,,0,100,Live Poker PREFLOP BIBLE,2024-04-30,4:44,"SUPERSEDED by 2026 'RFI - BTN - 200BB' (same coach, newer video wins).",no
BTN OPEN RANGE,BTN,open,,,A2o,raise,0,,0,,0,100,Live Poker PREFLOP BIBLE,2024-04-30,4:44,"SUPERSEDED by 2026 'RFI - BTN - 200BB' (same coach, newer video wins).",no
BTN OPEN RANGE,BTN,open,,,K2o,raise,0,,0,,0,100,Live Poker PREFLOP BIBLE,2024-04-30,4:44,"SUPERSEDED by 2026 'RFI - BTN - 200BB' (same coach, newer video wins).",no
BTN OPEN RANGE,BTN,open,,,Q2o,raise,0,,0,,0,100,Live Poker PREFLOP BIBLE,2024-04-30,4:44,"SUPERSEDED by 2026 'RFI - BTN - 200BB' (same coach, newer video wins).",no
BTN OPEN RANGE,BTN,open,,,J2o,raise,0,,0,,0,100,Live Poker PREFLOP BIBLE,2024-04-30,4:44,"SUPERSEDED by 2026 'RFI - BTN - 200BB' (same coach, newer video wins).",no
BTN OPEN RANGE,BTN,open,,,T2o,raise,0,,0,,0,100,Live Poker PREFLOP BIBLE,2024-04-30,4:44,"SUPERSEDED by 2026 'RFI - BTN - 200BB' (same coach, newer video wins).",no
BTN OPEN RANGE,BTN,open,,,92o,raise,0,,0,,0,100,Live Poker PREFLOP BIBLE,2024-04-30,4:44,"SUPERSEDED by 2026 'RFI - BTN - 200BB' (same coach, newer video wins).",no
BTN OPEN RANGE,BTN,open,,,82o,raise,0,,0,,0,100,Live Poker PREFLOP BIBLE,2024-04-30,4:44,"SUPERSEDED by 2026 'RFI - BTN - 200BB' (same coach, newer video wins).",no
BTN OPEN RANGE,BTN,open,,,72o,raise,0,,0,,0,100,Live Poker PREFLOP BIBLE,2024-04-30,4:44,"SUPERSEDED by 2026 'RFI - BTN - 200BB' (same coach, newer video wins).",no
BTN OPEN RANGE,BTN,open,,,62o,raise,0,,0,,0,100,Live Poker PREFLOP BIBLE,2024-04-30,4:44,"SUPERSEDED by 2026 'RFI - BTN - 200BB' (same coach, newer video wins).",no
BTN OPEN RANGE,BTN,open,,,52o,raise,0,,0,,0,100,Live Poker PREFLOP BIBLE,2024-04-30,4:44,"SUPERSEDED by 2026 'RFI - BTN - 200BB' (same coach, newer video wins).",no
BTN OPEN RANGE,BTN,open,,,42o,raise,0,,0,,0,100,Live Poker PREFLOP BIBLE,2024-04-30,4:44,"SUPERSEDED by 2026 'RFI - BTN - 200BB' (same coach, newer video wins).",no
BTN OPEN RANGE,BTN,open,,,32o,raise,0,,0,,0,100,Live Poker PREFLOP BIBLE,2024-04-30,4:44,"SUPERSEDED by 2026 'RFI - BTN - 200BB' (same coach, newer video wins).",no
BTN OPEN RANGE,BTN,open,,,22,raise,100,,0,,0,0,Live Poker PREFLOP BIBLE,2024-04-30,4:44,"SUPERSEDED by 2026 'RFI - BTN - 200BB' (same coach, newer video wins).",no
BTN OPEN VS 2 FISH,BTN,open,,two fish in the blinds,AA,raise,100,,0,,0,0,Live Poker PREFLOP BIBLE,2024-04-30,5:22,"SUPERSEDED by 2026 'RFI - BTN - 200BB (vs two fish in blinds)' (same coach, newer video wins).",no
BTN OPEN VS 2 FISH,BTN,open,,two fish in the blinds,AKs,raise,100,,0,,0,0,Live Poker PREFLOP BIBLE,2024-04-30,5:22,"SUPERSEDED by 2026 'RFI - BTN - 200BB (vs two fish in blinds)' (same coach, newer video wins).",no
BTN OPEN VS 2 FISH,BTN,open,,two fish in the blinds,AQs,raise,100,,0,,0,0,Live Poker PREFLOP BIBLE,2024-04-30,5:22,"SUPERSEDED by 2026 'RFI - BTN - 200BB (vs two fish in blinds)' (same coach, newer video wins).",no
BTN OPEN VS 2 FISH,BTN,open,,two fish in the blinds,AJs,raise,100,,0,,0,0,Live Poker PREFLOP BIBLE,2024-04-30,5:22,"SUPERSEDED by 2026 'RFI - BTN - 200BB (vs two fish in blinds)' (same coach, newer video wins).",no
BTN OPEN VS 2 FISH,BTN,open,,two fish in the blinds,ATs,raise,100,,0,,0,0,Live Poker PREFLOP BIBLE,2024-04-30,5:22,"SUPERSEDED by 2026 'RFI - BTN - 200BB (vs two fish in blinds)' (same coach, newer video wins).",no
BTN OPEN VS 2 FISH,BTN,open,,two fish in the blinds,A9s,raise,100,,0,,0,0,Live Poker PREFLOP BIBLE,2024-04-30,5:22,"SUPERSEDED by 2026 'RFI - BTN - 200BB (vs two fish in blinds)' (same coach, newer video wins).",no
BTN OPEN VS 2 FISH,BTN,open,,two fish in the blinds,A8s,raise,100,,0,,0,0,Live Poker PREFLOP BIBLE,2024-04-30,5:22,"SUPERSEDED by 2026 'RFI - BTN - 200BB (vs two fish in blinds)' (same coach, newer video wins).",no
BTN OPEN VS 2 FISH,BTN,open,,two fish in the blinds,A7s,raise,100,,0,,0,0,Live Poker PREFLOP BIBLE,2024-04-30,5:22,"SUPERSEDED by 2026 'RFI - BTN - 200BB (vs two fish in blinds)' (same coach, newer video wins).",no
BTN OPEN VS 2 FISH,BTN,open,,two fish in the blinds,A6s,raise,100,,0,,0,0,Live Poker PREFLOP BIBLE,2024-04-30,5:22,"SUPERSEDED by 2026 'RFI - BTN - 200BB (vs two fish in blinds)' (same coach, newer video wins).",no
BTN OPEN VS 2 FISH,BTN,open,,two fish in the blinds,A5s,raise,100,,0,,0,0,Live Poker PREFLOP BIBLE,2024-04-30,5:22,"SUPERSEDED by 2026 'RFI - BTN - 200BB (vs two fish in blinds)' (same coach, newer video wins).",no
BTN OPEN VS 2 FISH,BTN,open,,two fish in the blinds,A4s,raise,100,,0,,0,0,Live Poker PREFLOP BIBLE,2024-04-30,5:22,"SUPERSEDED by 2026 'RFI - BTN - 200BB (vs two fish in blinds)' (same coach, newer video wins).",no
BTN OPEN VS 2 FISH,BTN,open,,two fish in the blinds,A3s,raise,100,,0,,0,0,Live Poker PREFLOP BIBLE,2024-04-30,5:22,"SUPERSEDED by 2026 'RFI - BTN - 200BB (vs two fish in blinds)' (same coach, newer video wins).",no
BTN OPEN VS 2 FISH,BTN,open,,two fish in the blinds,A2s,raise,100,,0,,0,0,Live Poker PREFLOP BIBLE,2024-04-30,5:22,"SUPERSEDED by 2026 'RFI - BTN - 200BB (vs two fish in blinds)' (same coach, newer video wins).",no
BTN OPEN VS 2 FISH,BTN,open,,two fish in the blinds,AKo,raise,100,,0,,0,0,Live Poker PREFLOP BIBLE,2024-04-30,5:22,"SUPERSEDED by 2026 'RFI - BTN - 200BB (vs two fish in blinds)' (same coach, newer video wins).",no
BTN OPEN VS 2 FISH,BTN,open,,two fish in the blinds,KK,raise,100,,0,,0,0,Live Poker PREFLOP BIBLE,2024-04-30,5:22,"SUPERSEDED by 2026 'RFI - BTN - 200BB (vs two fish in blinds)' (same coach, newer video wins).",no
BTN OPEN VS 2 FISH,BTN,open,,two fish in the blinds,KQs,raise,100,,0,,0,0,Live Poker PREFLOP BIBLE,2024-04-30,5:22,"SUPERSEDED by 2026 'RFI - BTN - 200BB (vs two fish in blinds)' (same coach, newer video wins).",no
BTN OPEN VS 2 FISH,BTN,open,,two fish in the blinds,KJs,raise,100,,0,,0,0,Live Poker PREFLOP BIBLE,2024-04-30,5:22,"SUPERSEDED by 2026 'RFI - BTN - 200BB (vs two fish in blinds)' (same coach, newer video wins).",no
BTN OPEN VS 2 FISH,BTN,open,,two fish in the blinds,KTs,raise,100,,0,,0,0,Live Poker PREFLOP BIBLE,2024-04-30,5:22,"SUPERSEDED by 2026 'RFI - BTN - 200BB (vs two fish in blinds)' (same coach, newer video wins).",no
BTN OPEN VS 2 FISH,BTN,open,,two fish in the blinds,K9s,raise,100,,0,,0,0,Live Poker PREFLOP BIBLE,2024-04-30,5:22,"SUPERSEDED by 2026 'RFI - BTN - 200BB (vs two fish in blinds)' (same coach, newer video wins).",no
BTN OPEN VS 2 FISH,BTN,open,,two fish in the blinds,K8s,raise,100,,0,,0,0,Live Poker PREFLOP BIBLE,2024-04-30,5:22,"SUPERSEDED by 2026 'RFI - BTN - 200BB (vs two fish in blinds)' (same coach, newer video wins).",no
BTN OPEN VS 2 FISH,BTN,open,,two fish in the blinds,K7s,raise,100,,0,,0,0,Live Poker PREFLOP BIBLE,2024-04-30,5:22,"SUPERSEDED by 2026 'RFI - BTN - 200BB (vs two fish in blinds)' (same coach, newer video wins).",no
BTN OPEN VS 2 FISH,BTN,open,,two fish in the blinds,K6s,raise,100,,0,,0,0,Live Poker PREFLOP BIBLE,2024-04-30,5:22,"SUPERSEDED by 2026 'RFI - BTN - 200BB (vs two fish in blinds)' (same coach, newer video wins).",no
BTN OPEN VS 2 FISH,BTN,open,,two fish in the blinds,K5s,raise,100,,0,,0,0,Live Poker PREFLOP BIBLE,2024-04-30,5:22,"SUPERSEDED by 2026 'RFI - BTN - 200BB (vs two fish in blinds)' (same coach, newer video wins).",no
BTN OPEN VS 2 FISH,BTN,open,,two fish in the blinds,K4s,raise,100,,0,,0,0,Live Poker PREFLOP BIBLE,2024-04-30,5:22,"SUPERSEDED by 2026 'RFI - BTN - 200BB (vs two fish in blinds)' (same coach, newer video wins).",no
BTN OPEN VS 2 FISH,BTN,open,,two fish in the blinds,K3s,raise,100,,0,,0,0,Live Poker PREFLOP BIBLE,2024-04-30,5:22,"SUPERSEDED by 2026 'RFI - BTN - 200BB (vs two fish in blinds)' (same coach, newer video wins).",no
BTN OPEN VS 2 FISH,BTN,open,,two fish in the blinds,K2s,raise,100,,0,,0,0,Live Poker PREFLOP BIBLE,2024-04-30,5:22,"SUPERSEDED by 2026 'RFI - BTN - 200BB (vs two fish in blinds)' (same coach, newer video wins).",no
BTN OPEN VS 2 FISH,BTN,open,,two fish in the blinds,AQo,raise,100,,0,,0,0,Live Poker PREFLOP BIBLE,2024-04-30,5:22,"SUPERSEDED by 2026 'RFI - BTN - 200BB (vs two fish in blinds)' (same coach, newer video wins).",no
BTN OPEN VS 2 FISH,BTN,open,,two fish in the blinds,KQo,raise,100,,0,,0,0,Live Poker PREFLOP BIBLE,2024-04-30,5:22,"SUPERSEDED by 2026 'RFI - BTN - 200BB (vs two fish in blinds)' (same coach, newer video wins).",no
BTN OPEN VS 2 FISH,BTN,open,,two fish in the blinds,QQ,raise,100,,0,,0,0,Live Poker PREFLOP BIBLE,2024-04-30,5:22,"SUPERSEDED by 2026 'RFI - BTN - 200BB (vs two fish in blinds)' (same coach, newer video wins).",no
BTN OPEN VS 2 FISH,BTN,open,,two fish in the blinds,QJs,raise,100,,0,,0,0,Live Poker PREFLOP BIBLE,2024-04-30,5:22,"SUPERSEDED by 2026 'RFI - BTN - 200BB (vs two fish in blinds)' (same coach, newer video wins).",no
BTN OPEN VS 2 FISH,BTN,open,,two fish in the blinds,QTs,raise,100,,0,,0,0,Live Poker PREFLOP BIBLE,2024-04-30,5:22,"SUPERSEDED by 2026 'RFI - BTN - 200BB (vs two fish in blinds)' (same coach, newer video wins).",no
BTN OPEN VS 2 FISH,BTN,open,,two fish in the blinds,Q9s,raise,100,,0,,0,0,Live Poker PREFLOP BIBLE,2024-04-30,5:22,"SUPERSEDED by 2026 'RFI - BTN - 200BB (vs two fish in blinds)' (same coach, newer video wins).",no
BTN OPEN VS 2 FISH,BTN,open,,two fish in the blinds,Q8s,raise,100,,0,,0,0,Live Poker PREFLOP BIBLE,2024-04-30,5:22,"SUPERSEDED by 2026 'RFI - BTN - 200BB (vs two fish in blinds)' (same coach, newer video wins).",no
BTN OPEN VS 2 FISH,BTN,open,,two fish in the blinds,Q7s,raise,100,,0,,0,0,Live Poker PREFLOP BIBLE,2024-04-30,5:22,"SUPERSEDED by 2026 'RFI - BTN - 200BB (vs two fish in blinds)' (same coach, newer video wins).",no
BTN OPEN VS 2 FISH,BTN,open,,two fish in the blinds,Q6s,raise,100,,0,,0,0,Live Poker PREFLOP BIBLE,2024-04-30,5:22,"SUPERSEDED by 2026 'RFI - BTN - 200BB (vs two fish in blinds)' (same coach, newer video wins).",no
BTN OPEN VS 2 FISH,BTN,open,,two fish in the blinds,Q5s,raise,100,,0,,0,0,Live Poker PREFLOP BIBLE,2024-04-30,5:22,"SUPERSEDED by 2026 'RFI - BTN - 200BB (vs two fish in blinds)' (same coach, newer video wins).",no
BTN OPEN VS 2 FISH,BTN,open,,two fish in the blinds,Q4s,raise,100,,0,,0,0,Live Poker PREFLOP BIBLE,2024-04-30,5:22,"SUPERSEDED by 2026 'RFI - BTN - 200BB (vs two fish in blinds)' (same coach, newer video wins).",no
BTN OPEN VS 2 FISH,BTN,open,,two fish in the blinds,Q3s,raise,100,,0,,0,0,Live Poker PREFLOP BIBLE,2024-04-30,5:22,"SUPERSEDED by 2026 'RFI - BTN - 200BB (vs two fish in blinds)' (same coach, newer video wins).",no
BTN OPEN VS 2 FISH,BTN,open,,two fish in the blinds,Q2s,raise,100,,0,,0,0,Live Poker PREFLOP BIBLE,2024-04-30,5:22,"SUPERSEDED by 2026 'RFI - BTN - 200BB (vs two fish in blinds)' (same coach, newer video wins).",no
BTN OPEN VS 2 FISH,BTN,open,,two fish in the blinds,AJo,raise,100,,0,,0,0,Live Poker PREFLOP BIBLE,2024-04-30,5:22,"SUPERSEDED by 2026 'RFI - BTN - 200BB (vs two fish in blinds)' (same coach, newer video wins).",no
BTN OPEN VS 2 FISH,BTN,open,,two fish in the blinds,KJo,raise,100,,0,,0,0,Live Poker PREFLOP BIBLE,2024-04-30,5:22,"SUPERSEDED by 2026 'RFI - BTN - 200BB (vs two fish in blinds)' (same coach, newer video wins).",no
BTN OPEN VS 2 FISH,BTN,open,,two fish in the blinds,QJo,raise,100,,0,,0,0,Live Poker PREFLOP BIBLE,2024-04-30,5:22,"SUPERSEDED by 2026 'RFI - BTN - 200BB (vs two fish in blinds)' (same coach, newer video wins).",no
BTN OPEN VS 2 FISH,BTN,open,,two fish in the blinds,JJ,raise,100,,0,,0,0,Live Poker PREFLOP BIBLE,2024-04-30,5:22,"SUPERSEDED by 2026 'RFI - BTN - 200BB (vs two fish in blinds)' (same coach, newer video wins).",no
BTN OPEN VS 2 FISH,BTN,open,,two fish in the blinds,JTs,raise,100,,0,,0,0,Live Poker PREFLOP BIBLE,2024-04-30,5:22,"SUPERSEDED by 2026 'RFI - BTN - 200BB (vs two fish in blinds)' (same coach, newer video wins).",no
BTN OPEN VS 2 FISH,BTN,open,,two fish in the blinds,J9s,raise,100,,0,,0,0,Live Poker PREFLOP BIBLE,2024-04-30,5:22,"SUPERSEDED by 2026 'RFI - BTN - 200BB (vs two fish in blinds)' (same coach, newer video wins).",no
BTN OPEN VS 2 FISH,BTN,open,,two fish in the blinds,J8s,raise,100,,0,,0,0,Live Poker PREFLOP BIBLE,2024-04-30,5:22,"SUPERSEDED by 2026 'RFI - BTN - 200BB (vs two fish in blinds)' (same coach, newer video wins).",no
BTN OPEN VS 2 FISH,BTN,open,,two fish in the blinds,J7s,raise,100,,0,,0,0,Live Poker PREFLOP BIBLE,2024-04-30,5:22,"SUPERSEDED by 2026 'RFI - BTN - 200BB (vs two fish in blinds)' (same coach, newer video wins).",no
BTN OPEN VS 2 FISH,BTN,open,,two fish in the blinds,J6s,raise,100,,0,,0,0,Live Poker PREFLOP BIBLE,2024-04-30,5:22,"SUPERSEDED by 2026 'RFI - BTN - 200BB (vs two fish in blinds)' (same coach, newer video wins).",no
BTN OPEN VS 2 FISH,BTN,open,,two fish in the blinds,J5s,raise,100,,0,,0,0,Live Poker PREFLOP BIBLE,2024-04-30,5:22,"SUPERSEDED by 2026 'RFI - BTN - 200BB (vs two fish in blinds)' (same coach, newer video wins).",no
BTN OPEN VS 2 FISH,BTN,open,,two fish in the blinds,J4s,raise,100,,0,,0,0,Live Poker PREFLOP BIBLE,2024-04-30,5:22,"SUPERSEDED by 2026 'RFI - BTN - 200BB (vs two fish in blinds)' (same coach, newer video wins).",no
BTN OPEN VS 2 FISH,BTN,open,,two fish in the blinds,J3s,raise,100,,0,,0,0,Live Poker PREFLOP BIBLE,2024-04-30,5:22,"SUPERSEDED by 2026 'RFI - BTN - 200BB (vs two fish in blinds)' (same coach, newer video wins).",no
BTN OPEN VS 2 FISH,BTN,open,,two fish in the blinds,J2s,raise,100,,0,,0,0,Live Poker PREFLOP BIBLE,2024-04-30,5:22,"SUPERSEDED by 2026 'RFI - BTN - 200BB (vs two fish in blinds)' (same coach, newer video wins).",no
BTN OPEN VS 2 FISH,BTN,open,,two fish in the blinds,ATo,raise,100,,0,,0,0,Live Poker PREFLOP BIBLE,2024-04-30,5:22,"SUPERSEDED by 2026 'RFI - BTN - 200BB (vs two fish in blinds)' (same coach, newer video wins).",no
BTN OPEN VS 2 FISH,BTN,open,,two fish in the blinds,KTo,raise,100,,0,,0,0,Live Poker PREFLOP BIBLE,2024-04-30,5:22,"SUPERSEDED by 2026 'RFI - BTN - 200BB (vs two fish in blinds)' (same coach, newer video wins).",no
BTN OPEN VS 2 FISH,BTN,open,,two fish in the blinds,QTo,raise,100,,0,,0,0,Live Poker PREFLOP BIBLE,2024-04-30,5:22,"SUPERSEDED by 2026 'RFI - BTN - 200BB (vs two fish in blinds)' (same coach, newer video wins).",no
BTN OPEN VS 2 FISH,BTN,open,,two fish in the blinds,JTo,raise,100,,0,,0,0,Live Poker PREFLOP BIBLE,2024-04-30,5:22,"SUPERSEDED by 2026 'RFI - BTN - 200BB (vs two fish in blinds)' (same coach, newer video wins).",no
BTN OPEN VS 2 FISH,BTN,open,,two fish in the blinds,TT,raise,100,,0,,0,0,Live Poker PREFLOP BIBLE,2024-04-30,5:22,"SUPERSEDED by 2026 'RFI - BTN - 200BB (vs two fish in blinds)' (same coach, newer video wins).",no
BTN OPEN VS 2 FISH,BTN,open,,two fish in the blinds,T9s,raise,100,,0,,0,0,Live Poker PREFLOP BIBLE,2024-04-30,5:22,"SUPERSEDED by 2026 'RFI - BTN - 200BB (vs two fish in blinds)' (same coach, newer video wins).",no
BTN OPEN VS 2 FISH,BTN,open,,two fish in the blinds,T8s,raise,100,,0,,0,0,Live Poker PREFLOP BIBLE,2024-04-30,5:22,"SUPERSEDED by 2026 'RFI - BTN - 200BB (vs two fish in blinds)' (same coach, newer video wins).",no
BTN OPEN VS 2 FISH,BTN,open,,two fish in the blinds,T7s,raise,100,,0,,0,0,Live Poker PREFLOP BIBLE,2024-04-30,5:22,"SUPERSEDED by 2026 'RFI - BTN - 200BB (vs two fish in blinds)' (same coach, newer video wins).",no
BTN OPEN VS 2 FISH,BTN,open,,two fish in the blinds,T6s,raise,100,,0,,0,0,Live Poker PREFLOP BIBLE,2024-04-30,5:22,"SUPERSEDED by 2026 'RFI - BTN - 200BB (vs two fish in blinds)' (same coach, newer video wins).",no
BTN OPEN VS 2 FISH,BTN,open,,two fish in the blinds,T5s,raise,100,,0,,0,0,Live Poker PREFLOP BIBLE,2024-04-30,5:22,"SUPERSEDED by 2026 'RFI - BTN - 200BB (vs two fish in blinds)' (same coach, newer video wins).",no
BTN OPEN VS 2 FISH,BTN,open,,two fish in the blinds,T4s,raise,100,,0,,0,0,Live Poker PREFLOP BIBLE,2024-04-30,5:22,"SUPERSEDED by 2026 'RFI - BTN - 200BB (vs two fish in blinds)' (same coach, newer video wins).",no
BTN OPEN VS 2 FISH,BTN,open,,two fish in the blinds,T3s,raise,100,,0,,0,0,Live Poker PREFLOP BIBLE,2024-04-30,5:22,"SUPERSEDED by 2026 'RFI - BTN - 200BB (vs two fish in blinds)' (same coach, newer video wins).",no
BTN OPEN VS 2 FISH,BTN,open,,two fish in the blinds,T2s,raise,100,,0,,0,0,Live Poker PREFLOP BIBLE,2024-04-30,5:22,"SUPERSEDED by 2026 'RFI - BTN - 200BB (vs two fish in blinds)' (same coach, newer video wins).",no
BTN OPEN VS 2 FISH,BTN,open,,two fish in the blinds,A9o,raise,100,,0,,0,0,Live Poker PREFLOP BIBLE,2024-04-30,5:22,"SUPERSEDED by 2026 'RFI - BTN - 200BB (vs two fish in blinds)' (same coach, newer video wins).",no
BTN OPEN VS 2 FISH,BTN,open,,two fish in the blinds,K9o,raise,100,,0,,0,0,Live Poker PREFLOP BIBLE,2024-04-30,5:22,"SUPERSEDED by 2026 'RFI - BTN - 200BB (vs two fish in blinds)' (same coach, newer video wins).",no
BTN OPEN VS 2 FISH,BTN,open,,two fish in the blinds,Q9o,raise,100,,0,,0,0,Live Poker PREFLOP BIBLE,2024-04-30,5:22,"SUPERSEDED by 2026 'RFI - BTN - 200BB (vs two fish in blinds)' (same coach, newer video wins).",no
BTN OPEN VS 2 FISH,BTN,open,,two fish in the blinds,J9o,raise,100,,0,,0,0,Live Poker PREFLOP BIBLE,2024-04-30,5:22,"SUPERSEDED by 2026 'RFI - BTN - 200BB (vs two fish in blinds)' (same coach, newer video wins).",no
BTN OPEN VS 2 FISH,BTN,open,,two fish in the blinds,T9o,raise,100,,0,,0,0,Live Poker PREFLOP BIBLE,2024-04-30,5:22,"SUPERSEDED by 2026 'RFI - BTN - 200BB (vs two fish in blinds)' (same coach, newer video wins).",no
BTN OPEN VS 2 FISH,BTN,open,,two fish in the blinds,99,raise,100,,0,,0,0,Live Poker PREFLOP BIBLE,2024-04-30,5:22,"SUPERSEDED by 2026 'RFI - BTN - 200BB (vs two fish in blinds)' (same coach, newer video wins).",no
BTN OPEN VS 2 FISH,BTN,open,,two fish in the blinds,98s,raise,100,,0,,0,0,Live Poker PREFLOP BIBLE,2024-04-30,5:22,"SUPERSEDED by 2026 'RFI - BTN - 200BB (vs two fish in blinds)' (same coach, newer video wins).",no
BTN OPEN VS 2 FISH,BTN,open,,two fish in the blinds,97s,raise,100,,0,,0,0,Live Poker PREFLOP BIBLE,2024-04-30,5:22,"SUPERSEDED by 2026 'RFI - BTN - 200BB (vs two fish in blinds)' (same coach, newer video wins).",no
BTN OPEN VS 2 FISH,BTN,open,,two fish in the blinds,96s,raise,100,,0,,0,0,Live Poker PREFLOP BIBLE,2024-04-30,5:22,"SUPERSEDED by 2026 'RFI - BTN - 200BB (vs two fish in blinds)' (same coach, newer video wins).",no
BTN OPEN VS 2 FISH,BTN,open,,two fish in the blinds,95s,raise,100,,0,,0,0,Live Poker PREFLOP BIBLE,2024-04-30,5:22,"SUPERSEDED by 2026 'RFI - BTN - 200BB (vs two fish in blinds)' (same coach, newer video wins).",no
BTN OPEN VS 2 FISH,BTN,open,,two fish in the blinds,94s,raise,100,,0,,0,0,Live Poker PREFLOP BIBLE,2024-04-30,5:22,"SUPERSEDED by 2026 'RFI - BTN - 200BB (vs two fish in blinds)' (same coach, newer video wins).",no
BTN OPEN VS 2 FISH,BTN,open,,two fish in the blinds,93s,raise,100,,0,,0,0,Live Poker PREFLOP BIBLE,2024-04-30,5:22,"SUPERSEDED by 2026 'RFI - BTN - 200BB (vs two fish in blinds)' (same coach, newer video wins).",no
BTN OPEN VS 2 FISH,BTN,open,,two fish in the blinds,92s,raise,100,,0,,0,0,Live Poker PREFLOP BIBLE,2024-04-30,5:22,"SUPERSEDED by 2026 'RFI - BTN - 200BB (vs two fish in blinds)' (same coach, newer video wins).",no
BTN OPEN VS 2 FISH,BTN,open,,two fish in the blinds,A8o,raise,100,,0,,0,0,Live Poker PREFLOP BIBLE,2024-04-30,5:22,"SUPERSEDED by 2026 'RFI - BTN - 200BB (vs two fish in blinds)' (same coach, newer video wins).",no
BTN OPEN VS 2 FISH,BTN,open,,two fish in the blinds,K8o,raise,100,,0,,0,0,Live Poker PREFLOP BIBLE,2024-04-30,5:22,"SUPERSEDED by 2026 'RFI - BTN - 200BB (vs two fish in blinds)' (same coach, newer video wins).",no
BTN OPEN VS 2 FISH,BTN,open,,two fish in the blinds,Q8o,raise,100,,0,,0,0,Live Poker PREFLOP BIBLE,2024-04-30,5:22,"SUPERSEDED by 2026 'RFI - BTN - 200BB (vs two fish in blinds)' (same coach, newer video wins).",no
BTN OPEN VS 2 FISH,BTN,open,,two fish in the blinds,J8o,raise,100,,0,,0,0,Live Poker PREFLOP BIBLE,2024-04-30,5:22,"SUPERSEDED by 2026 'RFI - BTN - 200BB (vs two fish in blinds)' (same coach, newer video wins).",no
BTN OPEN VS 2 FISH,BTN,open,,two fish in the blinds,T8o,raise,100,,0,,0,0,Live Poker PREFLOP BIBLE,2024-04-30,5:22,"SUPERSEDED by 2026 'RFI - BTN - 200BB (vs two fish in blinds)' (same coach, newer video wins).",no
BTN OPEN VS 2 FISH,BTN,open,,two fish in the blinds,98o,raise,100,,0,,0,0,Live Poker PREFLOP BIBLE,2024-04-30,5:22,"SUPERSEDED by 2026 'RFI - BTN - 200BB (vs two fish in blinds)' (same coach, newer video wins).",no
BTN OPEN VS 2 FISH,BTN,open,,two fish in the blinds,88,raise,100,,0,,0,0,Live Poker PREFLOP BIBLE,2024-04-30,5:22,"SUPERSEDED by 2026 'RFI - BTN - 200BB (vs two fish in blinds)' (same coach, newer video wins).",no
BTN OPEN VS 2 FISH,BTN,open,,two fish in the blinds,87s,raise,100,,0,,0,0,Live Poker PREFLOP BIBLE,2024-04-30,5:22,"SUPERSEDED by 2026 'RFI - BTN - 200BB (vs two fish in blinds)' (same coach, newer video wins).",no
BTN OPEN VS 2 FISH,BTN,open,,two fish in the blinds,86s,raise,100,,0,,0,0,Live Poker PREFLOP BIBLE,2024-04-30,5:22,"SUPERSEDED by 2026 'RFI - BTN - 200BB (vs two fish in blinds)' (same coach, newer video wins).",no
BTN OPEN VS 2 FISH,BTN,open,,two fish in the blinds,85s,raise,100,,0,,0,0,Live Poker PREFLOP BIBLE,2024-04-30,5:22,"SUPERSEDED by 2026 'RFI - BTN - 200BB (vs two fish in blinds)' (same coach, newer video wins).",no
BTN OPEN VS 2 FISH,BTN,open,,two fish in the blinds,84s,raise,100,,0,,0,0,Live Poker PREFLOP BIBLE,2024-04-30,5:22,"SUPERSEDED by 2026 'RFI - BTN - 200BB (vs two fish in blinds)' (same coach, newer video wins).",no
BTN OPEN VS 2 FISH,BTN,open,,two fish in the blinds,83s,raise,100,,0,,0,0,Live Poker PREFLOP BIBLE,2024-04-30,5:22,"SUPERSEDED by 2026 'RFI - BTN - 200BB (vs two fish in blinds)' (same coach, newer video wins).",no
BTN OPEN VS 2 FISH,BTN,open,,two fish in the blinds,82s,raise,100,,0,,0,0,Live Poker PREFLOP BIBLE,2024-04-30,5:22,"SUPERSEDED by 2026 'RFI - BTN - 200BB (vs two fish in blinds)' (same coach, newer video wins).",no
BTN OPEN VS 2 FISH,BTN,open,,two fish in the blinds,A7o,raise,100,,0,,0,0,Live Poker PREFLOP BIBLE,2024-04-30,5:22,"SUPERSEDED by 2026 'RFI - BTN - 200BB (vs two fish in blinds)' (same coach, newer video wins).",no
BTN OPEN VS 2 FISH,BTN,open,,two fish in the blinds,K7o,raise,100,,0,,0,0,Live Poker PREFLOP BIBLE,2024-04-30,5:22,"SUPERSEDED by 2026 'RFI - BTN - 200BB (vs two fish in blinds)' (same coach, newer video wins).",no
BTN OPEN VS 2 FISH,BTN,open,,two fish in the blinds,Q7o,raise,100,,0,,0,0,Live Poker PREFLOP BIBLE,2024-04-30,5:22,"SUPERSEDED by 2026 'RFI - BTN - 200BB (vs two fish in blinds)' (same coach, newer video wins).",no
BTN OPEN VS 2 FISH,BTN,open,,two fish in the blinds,J7o,raise,100,,0,,0,0,Live Poker PREFLOP BIBLE,2024-04-30,5:22,"SUPERSEDED by 2026 'RFI - BTN - 200BB (vs two fish in blinds)' (same coach, newer video wins).",no
BTN OPEN VS 2 FISH,BTN,open,,two fish in the blinds,T7o,raise,100,,0,,0,0,Live Poker PREFLOP BIBLE,2024-04-30,5:22,"SUPERSEDED by 2026 'RFI - BTN - 200BB (vs two fish in blinds)' (same coach, newer video wins).",no
BTN OPEN VS 2 FISH,BTN,open,,two fish in the blinds,97o,raise,100,,0,,0,0,Live Poker PREFLOP BIBLE,2024-04-30,5:22,"SUPERSEDED by 2026 'RFI - BTN - 200BB (vs two fish in blinds)' (same coach, newer video wins).",no
BTN OPEN VS 2 FISH,BTN,open,,two fish in the blinds,87o,raise,100,,0,,0,0,Live Poker PREFLOP BIBLE,2024-04-30,5:22,"SUPERSEDED by 2026 'RFI - BTN - 200BB (vs two fish in blinds)' (same coach, newer video wins).",no
BTN OPEN VS 2 FISH,BTN,open,,two fish in the blinds,77,raise,100,,0,,0,0,Live Poker PREFLOP BIBLE,2024-04-30,5:22,"SUPERSEDED by 2026 'RFI - BTN - 200BB (vs two fish in blinds)' (same coach, newer video wins).",no
BTN OPEN VS 2 FISH,BTN,open,,two fish in the blinds,76s,raise,100,,0,,0,0,Live Poker PREFLOP BIBLE,2024-04-30,5:22,"SUPERSEDED by 2026 'RFI - BTN - 200BB (vs two fish in blinds)' (same coach, newer video wins).",no
BTN OPEN VS 2 FISH,BTN,open,,two fish in the blinds,75s,raise,100,,0,,0,0,Live Poker PREFLOP BIBLE,2024-04-30,5:22,"SUPERSEDED by 2026 'RFI - BTN - 200BB (vs two fish in blinds)' (same coach, newer video wins).",no
BTN OPEN VS 2 FISH,BTN,open,,two fish in the blinds,74s,raise,100,,0,,0,0,Live Poker PREFLOP BIBLE,2024-04-30,5:22,"SUPERSEDED by 2026 'RFI - BTN - 200BB (vs two fish in blinds)' (same coach, newer video wins).",no
BTN OPEN VS 2 FISH,BTN,open,,two fish in the blinds,73s,raise,100,,0,,0,0,Live Poker PREFLOP BIBLE,2024-04-30,5:22,"SUPERSEDED by 2026 'RFI - BTN - 200BB (vs two fish in blinds)' (same coach, newer video wins).",no
BTN OPEN VS 2 FISH,BTN,open,,two fish in the blinds,72s,raise,100,,0,,0,0,Live Poker PREFLOP BIBLE,2024-04-30,5:22,"SUPERSEDED by 2026 'RFI - BTN - 200BB (vs two fish in blinds)' (same coach, newer video wins).",no
BTN OPEN VS 2 FISH,BTN,open,,two fish in the blinds,A6o,raise,100,,0,,0,0,Live Poker PREFLOP BIBLE,2024-04-30,5:22,"SUPERSEDED by 2026 'RFI - BTN - 200BB (vs two fish in blinds)' (same coach, newer video wins).",no
BTN OPEN VS 2 FISH,BTN,open,,two fish in the blinds,K6o,raise,100,,0,,0,0,Live Poker PREFLOP BIBLE,2024-04-30,5:22,"SUPERSEDED by 2026 'RFI - BTN - 200BB (vs two fish in blinds)' (same coach, newer video wins).",no
BTN OPEN VS 2 FISH,BTN,open,,two fish in the blinds,Q6o,raise,100,,0,,0,0,Live Poker PREFLOP BIBLE,2024-04-30,5:22,"SUPERSEDED by 2026 'RFI - BTN - 200BB (vs two fish in blinds)' (same coach, newer video wins).",no
BTN OPEN VS 2 FISH,BTN,open,,two fish in the blinds,J6o,raise,100,,0,,0,0,Live Poker PREFLOP BIBLE,2024-04-30,5:22,"SUPERSEDED by 2026 'RFI - BTN - 200BB (vs two fish in blinds)' (same coach, newer video wins).",no
BTN OPEN VS 2 FISH,BTN,open,,two fish in the blinds,T6o,raise,100,,0,,0,0,Live Poker PREFLOP BIBLE,2024-04-30,5:22,"SUPERSEDED by 2026 'RFI - BTN - 200BB (vs two fish in blinds)' (same coach, newer video wins).",no
BTN OPEN VS 2 FISH,BTN,open,,two fish in the blinds,96o,raise,100,,0,,0,0,Live Poker PREFLOP BIBLE,2024-04-30,5:22,"SUPERSEDED by 2026 'RFI - BTN - 200BB (vs two fish in blinds)' (same coach, newer video wins).",no
BTN OPEN VS 2 FISH,BTN,open,,two fish in the blinds,86o,raise,100,,0,,0,0,Live Poker PREFLOP BIBLE,2024-04-30,5:22,"SUPERSEDED by 2026 'RFI - BTN - 200BB (vs two fish in blinds)' (same coach, newer video wins).",no
BTN OPEN VS 2 FISH,BTN,open,,two fish in the blinds,76o,raise,100,,0,,0,0,Live Poker PREFLOP BIBLE,2024-04-30,5:22,"SUPERSEDED by 2026 'RFI - BTN - 200BB (vs two fish in blinds)' (same coach, newer video wins).",no
BTN OPEN VS 2 FISH,BTN,open,,two fish in the blinds,66,raise,100,,0,,0,0,Live Poker PREFLOP BIBLE,2024-04-30,5:22,"SUPERSEDED by 2026 'RFI - BTN - 200BB (vs two fish in blinds)' (same coach, newer video wins).",no
BTN OPEN VS 2 FISH,BTN,open,,two fish in the blinds,65s,raise,100,,0,,0,0,Live Poker PREFLOP BIBLE,2024-04-30,5:22,"SUPERSEDED by 2026 'RFI - BTN - 200BB (vs two fish in blinds)' (same coach, newer video wins).",no
BTN OPEN VS 2 FISH,BTN,open,,two fish in the blinds,64s,raise,100,,0,,0,0,Live Poker PREFLOP BIBLE,2024-04-30,5:22,"SUPERSEDED by 2026 'RFI - BTN - 200BB (vs two fish in blinds)' (same coach, newer video wins).",no
BTN OPEN VS 2 FISH,BTN,open,,two fish in the blinds,63s,raise,100,,0,,0,0,Live Poker PREFLOP BIBLE,2024-04-30,5:22,"SUPERSEDED by 2026 'RFI - BTN - 200BB (vs two fish in blinds)' (same coach, newer video wins).",no
BTN OPEN VS 2 FISH,BTN,open,,two fish in the blinds,62s,raise,100,,0,,0,0,Live Poker PREFLOP BIBLE,2024-04-30,5:22,"SUPERSEDED by 2026 'RFI - BTN - 200BB (vs two fish in blinds)' (same coach, newer video wins).",no
BTN OPEN VS 2 FISH,BTN,open,,two fish in the blinds,A5o,raise,100,,0,,0,0,Live Poker PREFLOP BIBLE,2024-04-30,5:22,"SUPERSEDED by 2026 'RFI - BTN - 200BB (vs two fish in blinds)' (same coach, newer video wins).",no
BTN OPEN VS 2 FISH,BTN,open,,two fish in the blinds,K5o,raise,100,,0,,0,0,Live Poker PREFLOP BIBLE,2024-04-30,5:22,"SUPERSEDED by 2026 'RFI - BTN - 200BB (vs two fish in blinds)' (same coach, newer video wins).",no
BTN OPEN VS 2 FISH,BTN,open,,two fish in the blinds,Q5o,raise,100,,0,,0,0,Live Poker PREFLOP BIBLE,2024-04-30,5:22,"SUPERSEDED by 2026 'RFI - BTN - 200BB (vs two fish in blinds)' (same coach, newer video wins).",no
BTN OPEN VS 2 FISH,BTN,open,,two fish in the blinds,J5o,raise,100,,0,,0,0,Live Poker PREFLOP BIBLE,2024-04-30,5:22,"SUPERSEDED by 2026 'RFI - BTN - 200BB (vs two fish in blinds)' (same coach, newer video wins).",no
BTN OPEN VS 2 FISH,BTN,open,,two fish in the blinds,T5o,raise,100,,0,,0,0,Live Poker PREFLOP BIBLE,2024-04-30,5:22,"SUPERSEDED by 2026 'RFI - BTN - 200BB (vs two fish in blinds)' (same coach, newer video wins).",no
BTN OPEN VS 2 FISH,BTN,open,,two fish in the blinds,95o,raise,100,,0,,0,0,Live Poker PREFLOP BIBLE,2024-04-30,5:22,"SUPERSEDED by 2026 'RFI - BTN - 200BB (vs two fish in blinds)' (same coach, newer video wins).",no
BTN OPEN VS 2 FISH,BTN,open,,two fish in the blinds,85o,raise,100,,0,,0,0,Live Poker PREFLOP BIBLE,2024-04-30,5:22,"SUPERSEDED by 2026 'RFI - BTN - 200BB (vs two fish in blinds)' (same coach, newer video wins).",no
BTN OPEN VS 2 FISH,BTN,open,,two fish in the blinds,75o,raise,100,,0,,0,0,Live Poker PREFLOP BIBLE,2024-04-30,5:22,"SUPERSEDED by 2026 'RFI - BTN - 200BB (vs two fish in blinds)' (same coach, newer video wins).",no
BTN OPEN VS 2 FISH,BTN,open,,two fish in the blinds,65o,raise,100,,0,,0,0,Live Poker PREFLOP BIBLE,2024-04-30,5:22,"SUPERSEDED by 2026 'RFI - BTN - 200BB (vs two fish in blinds)' (same coach, newer video wins).",no
BTN OPEN VS 2 FISH,BTN,open,,two fish in the blinds,55,raise,100,,0,,0,0,Live Poker PREFLOP BIBLE,2024-04-30,5:22,"SUPERSEDED by 2026 'RFI - BTN - 200BB (vs two fish in blinds)' (same coach, newer video wins).",no
BTN OPEN VS 2 FISH,BTN,open,,two fish in the blinds,54s,raise,100,,0,,0,0,Live Poker PREFLOP BIBLE,2024-04-30,5:22,"SUPERSEDED by 2026 'RFI - BTN - 200BB (vs two fish in blinds)' (same coach, newer video wins).",no
BTN OPEN VS 2 FISH,BTN,open,,two fish in the blinds,53s,raise,100,,0,,0,0,Live Poker PREFLOP BIBLE,2024-04-30,5:22,"SUPERSEDED by 2026 'RFI - BTN - 200BB (vs two fish in blinds)' (same coach, newer video wins).",no
BTN OPEN VS 2 FISH,BTN,open,,two fish in the blinds,52s,raise,100,,0,,0,0,Live Poker PREFLOP BIBLE,2024-04-30,5:22,"SUPERSEDED by 2026 'RFI - BTN - 200BB (vs two fish in blinds)' (same coach, newer video wins).",no
BTN OPEN VS 2 FISH,BTN,open,,two fish in the blinds,A4o,raise,100,,0,,0,0,Live Poker PREFLOP BIBLE,2024-04-30,5:22,"SUPERSEDED by 2026 'RFI - BTN - 200BB (vs two fish in blinds)' (same coach, newer video wins).",no
BTN OPEN VS 2 FISH,BTN,open,,two fish in the blinds,K4o,raise,100,,0,,0,0,Live Poker PREFLOP BIBLE,2024-04-30,5:22,"SUPERSEDED by 2026 'RFI - BTN - 200BB (vs two fish in blinds)' (same coach, newer video wins).",no
BTN OPEN VS 2 FISH,BTN,open,,two fish in the blinds,Q4o,raise,100,,0,,0,0,Live Poker PREFLOP BIBLE,2024-04-30,5:22,"SUPERSEDED by 2026 'RFI - BTN - 200BB (vs two fish in blinds)' (same coach, newer video wins).",no
BTN OPEN VS 2 FISH,BTN,open,,two fish in the blinds,J4o,raise,100,,0,,0,0,Live Poker PREFLOP BIBLE,2024-04-30,5:22,"SUPERSEDED by 2026 'RFI - BTN - 200BB (vs two fish in blinds)' (same coach, newer video wins).",no
BTN OPEN VS 2 FISH,BTN,open,,two fish in the blinds,T4o,raise,0,,0,,0,100,Live Poker PREFLOP BIBLE,2024-04-30,5:22,"SUPERSEDED by 2026 'RFI - BTN - 200BB (vs two fish in blinds)' (same coach, newer video wins).",no
BTN OPEN VS 2 FISH,BTN,open,,two fish in the blinds,94o,raise,0,,0,,0,100,Live Poker PREFLOP BIBLE,2024-04-30,5:22,"SUPERSEDED by 2026 'RFI - BTN - 200BB (vs two fish in blinds)' (same coach, newer video wins).",no
BTN OPEN VS 2 FISH,BTN,open,,two fish in the blinds,84o,raise,0,,0,,0,100,Live Poker PREFLOP BIBLE,2024-04-30,5:22,"SUPERSEDED by 2026 'RFI - BTN - 200BB (vs two fish in blinds)' (same coach, newer video wins).",no
BTN OPEN VS 2 FISH,BTN,open,,two fish in the blinds,74o,raise,0,,0,,0,100,Live Poker PREFLOP BIBLE,2024-04-30,5:22,"SUPERSEDED by 2026 'RFI - BTN - 200BB (vs two fish in blinds)' (same coach, newer video wins).",no
BTN OPEN VS 2 FISH,BTN,open,,two fish in the blinds,64o,raise,100,,0,,0,0,Live Poker PREFLOP BIBLE,2024-04-30,5:22,"SUPERSEDED by 2026 'RFI - BTN - 200BB (vs two fish in blinds)' (same coach, newer video wins).",no
BTN OPEN VS 2 FISH,BTN,open,,two fish in the blinds,54o,raise,100,,0,,0,0,Live Poker PREFLOP BIBLE,2024-04-30,5:22,"SUPERSEDED by 2026 'RFI - BTN - 200BB (vs two fish in blinds)' (same coach, newer video wins).",no
BTN OPEN VS 2 FISH,BTN,open,,two fish in the blinds,44,raise,100,,0,,0,0,Live Poker PREFLOP BIBLE,2024-04-30,5:22,"SUPERSEDED by 2026 'RFI - BTN - 200BB (vs two fish in blinds)' (same coach, newer video wins).",no
BTN OPEN VS 2 FISH,BTN,open,,two fish in the blinds,43s,raise,100,,0,,0,0,Live Poker PREFLOP BIBLE,2024-04-30,5:22,"SUPERSEDED by 2026 'RFI - BTN - 200BB (vs two fish in blinds)' (same coach, newer video wins).",no
BTN OPEN VS 2 FISH,BTN,open,,two fish in the blinds,42s,raise,100,,0,,0,0,Live Poker PREFLOP BIBLE,2024-04-30,5:22,"SUPERSEDED by 2026 'RFI - BTN - 200BB (vs two fish in blinds)' (same coach, newer video wins).",no
BTN OPEN VS 2 FISH,BTN,open,,two fish in the blinds,A3o,raise,100,,0,,0,0,Live Poker PREFLOP BIBLE,2024-04-30,5:22,"SUPERSEDED by 2026 'RFI - BTN - 200BB (vs two fish in blinds)' (same coach, newer video wins).",no
BTN OPEN VS 2 FISH,BTN,open,,two fish in the blinds,K3o,raise,100,,0,,0,0,Live Poker PREFLOP BIBLE,2024-04-30,5:22,"SUPERSEDED by 2026 'RFI - BTN - 200BB (vs two fish in blinds)' (same coach, newer video wins).",no
BTN OPEN VS 2 FISH,BTN,open,,two fish in the blinds,Q3o,raise,100,,0,,0,0,Live Poker PREFLOP BIBLE,2024-04-30,5:22,"SUPERSEDED by 2026 'RFI - BTN - 200BB (vs two fish in blinds)' (same coach, newer video wins).",no
BTN OPEN VS 2 FISH,BTN,open,,two fish in the blinds,J3o,raise,0,,0,,0,100,Live Poker PREFLOP BIBLE,2024-04-30,5:22,"SUPERSEDED by 2026 'RFI - BTN - 200BB (vs two fish in blinds)' (same coach, newer video wins).",no
BTN OPEN VS 2 FISH,BTN,open,,two fish in the blinds,T3o,raise,0,,0,,0,100,Live Poker PREFLOP BIBLE,2024-04-30,5:22,"SUPERSEDED by 2026 'RFI - BTN - 200BB (vs two fish in blinds)' (same coach, newer video wins).",no
BTN OPEN VS 2 FISH,BTN,open,,two fish in the blinds,93o,raise,0,,0,,0,100,Live Poker PREFLOP BIBLE,2024-04-30,5:22,"SUPERSEDED by 2026 'RFI - BTN - 200BB (vs two fish in blinds)' (same coach, newer video wins).",no
BTN OPEN VS 2 FISH,BTN,open,,two fish in the blinds,83o,raise,0,,0,,0,100,Live Poker PREFLOP BIBLE,2024-04-30,5:22,"SUPERSEDED by 2026 'RFI - BTN - 200BB (vs two fish in blinds)' (same coach, newer video wins).",no
BTN OPEN VS 2 FISH,BTN,open,,two fish in the blinds,73o,raise,0,,0,,0,100,Live Poker PREFLOP BIBLE,2024-04-30,5:22,"SUPERSEDED by 2026 'RFI - BTN - 200BB (vs two fish in blinds)' (same coach, newer video wins).",no
BTN OPEN VS 2 FISH,BTN,open,,two fish in the blinds,63o,raise,0,,0,,0,100,Live Poker PREFLOP BIBLE,2024-04-30,5:22,"SUPERSEDED by 2026 'RFI - BTN - 200BB (vs two fish in blinds)' (same coach, newer video wins).",no
BTN OPEN VS 2 FISH,BTN,open,,two fish in the blinds,53o,raise,100,,0,,0,0,Live Poker PREFLOP BIBLE,2024-04-30,5:22,"SUPERSEDED by 2026 'RFI - BTN - 200BB (vs two fish in blinds)' (same coach, newer video wins).",no
BTN OPEN VS 2 FISH,BTN,open,,two fish in the blinds,43o,raise,100,,0,,0,0,Live Poker PREFLOP BIBLE,2024-04-30,5:22,"SUPERSEDED by 2026 'RFI - BTN - 200BB (vs two fish in blinds)' (same coach, newer video wins).",no
BTN OPEN VS 2 FISH,BTN,open,,two fish in the blinds,33,raise,100,,0,,0,0,Live Poker PREFLOP BIBLE,2024-04-30,5:22,"SUPERSEDED by 2026 'RFI - BTN - 200BB (vs two fish in blinds)' (same coach, newer video wins).",no
BTN OPEN VS 2 FISH,BTN,open,,two fish in the blinds,32s,raise,100,,0,,0,0,Live Poker PREFLOP BIBLE,2024-04-30,5:22,"SUPERSEDED by 2026 'RFI - BTN - 200BB (vs two fish in blinds)' (same coach, newer video wins).",no
BTN OPEN VS 2 FISH,BTN,open,,two fish in the blinds,A2o,raise,100,,0,,0,0,Live Poker PREFLOP BIBLE,2024-04-30,5:22,"SUPERSEDED by 2026 'RFI - BTN - 200BB (vs two fish in blinds)' (same coach, newer video wins).",no
BTN OPEN VS 2 FISH,BTN,open,,two fish in the blinds,K2o,raise,100,,0,,0,0,Live Poker PREFLOP BIBLE,2024-04-30,5:22,"SUPERSEDED by 2026 'RFI - BTN - 200BB (vs two fish in blinds)' (same coach, newer video wins).",no
BTN OPEN VS 2 FISH,BTN,open,,two fish in the blinds,Q2o,raise,0,,0,,0,100,Live Poker PREFLOP BIBLE,2024-04-30,5:22,"SUPERSEDED by 2026 'RFI - BTN - 200BB (vs two fish in blinds)' (same coach, newer video wins).",no
BTN OPEN VS 2 FISH,BTN,open,,two fish in the blinds,J2o,raise,0,,0,,0,100,Live Poker PREFLOP BIBLE,2024-04-30,5:22,"SUPERSEDED by 2026 'RFI - BTN - 200BB (vs two fish in blinds)' (same coach, newer video wins).",no
BTN OPEN VS 2 FISH,BTN,open,,two fish in the blinds,T2o,raise,0,,0,,0,100,Live Poker PREFLOP BIBLE,2024-04-30,5:22,"SUPERSEDED by 2026 'RFI - BTN - 200BB (vs two fish in blinds)' (same coach, newer video wins).",no
BTN OPEN VS 2 FISH,BTN,open,,two fish in the blinds,92o,raise,0,,0,,0,100,Live Poker PREFLOP BIBLE,2024-04-30,5:22,"SUPERSEDED by 2026 'RFI - BTN - 200BB (vs two fish in blinds)' (same coach, newer video wins).",no
BTN OPEN VS 2 FISH,BTN,open,,two fish in the blinds,82o,raise,0,,0,,0,100,Live Poker PREFLOP BIBLE,2024-04-30,5:22,"SUPERSEDED by 2026 'RFI - BTN - 200BB (vs two fish in blinds)' (same coach, newer video wins).",no
BTN OPEN VS 2 FISH,BTN,open,,two fish in the blinds,72o,raise,0,,0,,0,100,Live Poker PREFLOP BIBLE,2024-04-30,5:22,"SUPERSEDED by 2026 'RFI - BTN - 200BB (vs two fish in blinds)' (same coach, newer video wins).",no
BTN OPEN VS 2 FISH,BTN,open,,two fish in the blinds,62o,raise,0,,0,,0,100,Live Poker PREFLOP BIBLE,2024-04-30,5:22,"SUPERSEDED by 2026 'RFI - BTN - 200BB (vs two fish in blinds)' (same coach, newer video wins).",no
BTN OPEN VS 2 FISH,BTN,open,,two fish in the blinds,52o,raise,0,,0,,0,100,Live Poker PREFLOP BIBLE,2024-04-30,5:22,"SUPERSEDED by 2026 'RFI - BTN - 200BB (vs two fish in blinds)' (same coach, newer video wins).",no
BTN OPEN VS 2 FISH,BTN,open,,two fish in the blinds,42o,raise,0,,0,,0,100,Live Poker PREFLOP BIBLE,2024-04-30,5:22,"SUPERSEDED by 2026 'RFI - BTN - 200BB (vs two fish in blinds)' (same coach, newer video wins).",no
BTN OPEN VS 2 FISH,BTN,open,,two fish in the blinds,32o,raise,0,,0,,0,100,Live Poker PREFLOP BIBLE,2024-04-30,5:22,"SUPERSEDED by 2026 'RFI - BTN - 200BB (vs two fish in blinds)' (same coach, newer video wins).",no
BTN OPEN VS 2 FISH,BTN,open,,two fish in the blinds,22,raise,100,,0,,0,0,Live Poker PREFLOP BIBLE,2024-04-30,5:22,"SUPERSEDED by 2026 'RFI - BTN - 200BB (vs two fish in blinds)' (same coach, newer video wins).",no
EP VS LIMP,EP,vs_limp,UTG,limper,AA,iso-raise,100,,0,,0,0,Live Poker PREFLOP BIBLE,2024-04-30,5:59,"SUPERSEDED by 2026 'MP ISO vs EP LIMP' (same coach, newer video wins).",no
EP VS LIMP,EP,vs_limp,UTG,limper,AKs,iso-raise,100,,0,,0,0,Live Poker PREFLOP BIBLE,2024-04-30,5:59,"SUPERSEDED by 2026 'MP ISO vs EP LIMP' (same coach, newer video wins).",no
EP VS LIMP,EP,vs_limp,UTG,limper,AQs,iso-raise,100,,0,,0,0,Live Poker PREFLOP BIBLE,2024-04-30,5:59,"SUPERSEDED by 2026 'MP ISO vs EP LIMP' (same coach, newer video wins).",no
EP VS LIMP,EP,vs_limp,UTG,limper,AJs,iso-raise,100,,0,,0,0,Live Poker PREFLOP BIBLE,2024-04-30,5:59,"SUPERSEDED by 2026 'MP ISO vs EP LIMP' (same coach, newer video wins).",no
EP VS LIMP,EP,vs_limp,UTG,limper,ATs,iso-raise,100,,0,,0,0,Live Poker PREFLOP BIBLE,2024-04-30,5:59,"SUPERSEDED by 2026 'MP ISO vs EP LIMP' (same coach, newer video wins).",no
EP VS LIMP,EP,vs_limp,UTG,limper,A9s,iso-raise,50,,0,,0,50,Live Poker PREFLOP BIBLE,2024-04-30,5:59,"SUPERSEDED by 2026 'MP ISO vs EP LIMP' (same coach, newer video wins). SITUATIONAL (Mark 2024): a 'partial' - don't randomize; lean to the aggressive action with a bigger skill edge, deeper stacks, or a weaker/more predictable opponent.",yes
EP VS LIMP,EP,vs_limp,UTG,limper,A8s,iso-raise,50,,0,,0,50,Live Poker PREFLOP BIBLE,2024-04-30,5:59,"SUPERSEDED by 2026 'MP ISO vs EP LIMP' (same coach, newer video wins). SITUATIONAL (Mark 2024): a 'partial' - don't randomize; lean to the aggressive action with a bigger skill edge, deeper stacks, or a weaker/more predictable opponent.",yes
EP VS LIMP,EP,vs_limp,UTG,limper,A7s,iso-raise,0,,0,,0,100,Live Poker PREFLOP BIBLE,2024-04-30,5:59,"SUPERSEDED by 2026 'MP ISO vs EP LIMP' (same coach, newer video wins).",no
EP VS LIMP,EP,vs_limp,UTG,limper,A6s,iso-raise,0,,0,,0,100,Live Poker PREFLOP BIBLE,2024-04-30,5:59,"SUPERSEDED by 2026 'MP ISO vs EP LIMP' (same coach, newer video wins).",no
EP VS LIMP,EP,vs_limp,UTG,limper,A5s,iso-raise,100,,0,,0,0,Live Poker PREFLOP BIBLE,2024-04-30,5:59,"SUPERSEDED by 2026 'MP ISO vs EP LIMP' (same coach, newer video wins).",no
EP VS LIMP,EP,vs_limp,UTG,limper,A4s,iso-raise,50,,0,,0,50,Live Poker PREFLOP BIBLE,2024-04-30,5:59,"SUPERSEDED by 2026 'MP ISO vs EP LIMP' (same coach, newer video wins). SITUATIONAL (Mark 2024): a 'partial' - don't randomize; lean to the aggressive action with a bigger skill edge, deeper stacks, or a weaker/more predictable opponent.",yes
EP VS LIMP,EP,vs_limp,UTG,limper,A3s,iso-raise,0,,0,,0,100,Live Poker PREFLOP BIBLE,2024-04-30,5:59,"SUPERSEDED by 2026 'MP ISO vs EP LIMP' (same coach, newer video wins).",no
EP VS LIMP,EP,vs_limp,UTG,limper,A2s,iso-raise,0,,0,,0,100,Live Poker PREFLOP BIBLE,2024-04-30,5:59,"SUPERSEDED by 2026 'MP ISO vs EP LIMP' (same coach, newer video wins).",no
EP VS LIMP,EP,vs_limp,UTG,limper,AKo,iso-raise,100,,0,,0,0,Live Poker PREFLOP BIBLE,2024-04-30,5:59,"SUPERSEDED by 2026 'MP ISO vs EP LIMP' (same coach, newer video wins).",no
EP VS LIMP,EP,vs_limp,UTG,limper,KK,iso-raise,100,,0,,0,0,Live Poker PREFLOP BIBLE,2024-04-30,5:59,"SUPERSEDED by 2026 'MP ISO vs EP LIMP' (same coach, newer video wins).",no
EP VS LIMP,EP,vs_limp,UTG,limper,KQs,iso-raise,100,,0,,0,0,Live Poker PREFLOP BIBLE,2024-04-30,5:59,"SUPERSEDED by 2026 'MP ISO vs EP LIMP' (same coach, newer video wins).",no
EP VS LIMP,EP,vs_limp,UTG,limper,KJs,iso-raise,100,,0,,0,0,Live Poker PREFLOP BIBLE,2024-04-30,5:59,"SUPERSEDED by 2026 'MP ISO vs EP LIMP' (same coach, newer video wins).",no
EP VS LIMP,EP,vs_limp,UTG,limper,KTs,iso-raise,100,,0,,0,0,Live Poker PREFLOP BIBLE,2024-04-30,5:59,"SUPERSEDED by 2026 'MP ISO vs EP LIMP' (same coach, newer video wins).",no
EP VS LIMP,EP,vs_limp,UTG,limper,K9s,iso-raise,50,,0,,0,50,Live Poker PREFLOP BIBLE,2024-04-30,5:59,"SUPERSEDED by 2026 'MP ISO vs EP LIMP' (same coach, newer video wins). SITUATIONAL (Mark 2024): a 'partial' - don't randomize; lean to the aggressive action with a bigger skill edge, deeper stacks, or a weaker/more predictable opponent.",yes
EP VS LIMP,EP,vs_limp,UTG,limper,K8s,iso-raise,0,,0,,0,100,Live Poker PREFLOP BIBLE,2024-04-30,5:59,"SUPERSEDED by 2026 'MP ISO vs EP LIMP' (same coach, newer video wins).",no
EP VS LIMP,EP,vs_limp,UTG,limper,K7s,iso-raise,0,,0,,0,100,Live Poker PREFLOP BIBLE,2024-04-30,5:59,"SUPERSEDED by 2026 'MP ISO vs EP LIMP' (same coach, newer video wins).",no
EP VS LIMP,EP,vs_limp,UTG,limper,K6s,iso-raise,0,,0,,0,100,Live Poker PREFLOP BIBLE,2024-04-30,5:59,"SUPERSEDED by 2026 'MP ISO vs EP LIMP' (same coach, newer video wins).",no
EP VS LIMP,EP,vs_limp,UTG,limper,K5s,iso-raise,0,,0,,0,100,Live Poker PREFLOP BIBLE,2024-04-30,5:59,"SUPERSEDED by 2026 'MP ISO vs EP LIMP' (same coach, newer video wins).",no
EP VS LIMP,EP,vs_limp,UTG,limper,K4s,iso-raise,0,,0,,0,100,Live Poker PREFLOP BIBLE,2024-04-30,5:59,"SUPERSEDED by 2026 'MP ISO vs EP LIMP' (same coach, newer video wins).",no
EP VS LIMP,EP,vs_limp,UTG,limper,K3s,iso-raise,0,,0,,0,100,Live Poker PREFLOP BIBLE,2024-04-30,5:59,"SUPERSEDED by 2026 'MP ISO vs EP LIMP' (same coach, newer video wins).",no
EP VS LIMP,EP,vs_limp,UTG,limper,K2s,iso-raise,0,,0,,0,100,Live Poker PREFLOP BIBLE,2024-04-30,5:59,"SUPERSEDED by 2026 'MP ISO vs EP LIMP' (same coach, newer video wins).",no
EP VS LIMP,EP,vs_limp,UTG,limper,AQo,iso-raise,100,,0,,0,0,Live Poker PREFLOP BIBLE,2024-04-30,5:59,"SUPERSEDED by 2026 'MP ISO vs EP LIMP' (same coach, newer video wins).",no
EP VS LIMP,EP,vs_limp,UTG,limper,KQo,iso-raise,0,,0,,0,100,Live Poker PREFLOP BIBLE,2024-04-30,5:59,"SUPERSEDED by 2026 'MP ISO vs EP LIMP' (same coach, newer video wins).",no
EP VS LIMP,EP,vs_limp,UTG,limper,QQ,iso-raise,100,,0,,0,0,Live Poker PREFLOP BIBLE,2024-04-30,5:59,"SUPERSEDED by 2026 'MP ISO vs EP LIMP' (same coach, newer video wins).",no
EP VS LIMP,EP,vs_limp,UTG,limper,QJs,iso-raise,100,,0,,0,0,Live Poker PREFLOP BIBLE,2024-04-30,5:59,"SUPERSEDED by 2026 'MP ISO vs EP LIMP' (same coach, newer video wins).",no
EP VS LIMP,EP,vs_limp,UTG,limper,QTs,iso-raise,100,,0,,0,0,Live Poker PREFLOP BIBLE,2024-04-30,5:59,"SUPERSEDED by 2026 'MP ISO vs EP LIMP' (same coach, newer video wins).",no
EP VS LIMP,EP,vs_limp,UTG,limper,Q9s,iso-raise,0,,0,,0,100,Live Poker PREFLOP BIBLE,2024-04-30,5:59,"SUPERSEDED by 2026 'MP ISO vs EP LIMP' (same coach, newer video wins).",no
EP VS LIMP,EP,vs_limp,UTG,limper,Q8s,iso-raise,0,,0,,0,100,Live Poker PREFLOP BIBLE,2024-04-30,5:59,"SUPERSEDED by 2026 'MP ISO vs EP LIMP' (same coach, newer video wins).",no
EP VS LIMP,EP,vs_limp,UTG,limper,Q7s,iso-raise,0,,0,,0,100,Live Poker PREFLOP BIBLE,2024-04-30,5:59,"SUPERSEDED by 2026 'MP ISO vs EP LIMP' (same coach, newer video wins).",no
EP VS LIMP,EP,vs_limp,UTG,limper,Q6s,iso-raise,0,,0,,0,100,Live Poker PREFLOP BIBLE,2024-04-30,5:59,"SUPERSEDED by 2026 'MP ISO vs EP LIMP' (same coach, newer video wins).",no
EP VS LIMP,EP,vs_limp,UTG,limper,Q5s,iso-raise,0,,0,,0,100,Live Poker PREFLOP BIBLE,2024-04-30,5:59,"SUPERSEDED by 2026 'MP ISO vs EP LIMP' (same coach, newer video wins).",no
EP VS LIMP,EP,vs_limp,UTG,limper,Q4s,iso-raise,0,,0,,0,100,Live Poker PREFLOP BIBLE,2024-04-30,5:59,"SUPERSEDED by 2026 'MP ISO vs EP LIMP' (same coach, newer video wins).",no
EP VS LIMP,EP,vs_limp,UTG,limper,Q3s,iso-raise,0,,0,,0,100,Live Poker PREFLOP BIBLE,2024-04-30,5:59,"SUPERSEDED by 2026 'MP ISO vs EP LIMP' (same coach, newer video wins).",no
EP VS LIMP,EP,vs_limp,UTG,limper,Q2s,iso-raise,0,,0,,0,100,Live Poker PREFLOP BIBLE,2024-04-30,5:59,"SUPERSEDED by 2026 'MP ISO vs EP LIMP' (same coach, newer video wins).",no
EP VS LIMP,EP,vs_limp,UTG,limper,AJo,iso-raise,50,,0,,0,50,Live Poker PREFLOP BIBLE,2024-04-30,5:59,"SUPERSEDED by 2026 'MP ISO vs EP LIMP' (same coach, newer video wins). SITUATIONAL (Mark 2024): a 'partial' - don't randomize; lean to the aggressive action with a bigger skill edge, deeper stacks, or a weaker/more predictable opponent.",yes
EP VS LIMP,EP,vs_limp,UTG,limper,KJo,iso-raise,0,,0,,0,100,Live Poker PREFLOP BIBLE,2024-04-30,5:59,"SUPERSEDED by 2026 'MP ISO vs EP LIMP' (same coach, newer video wins).",no
EP VS LIMP,EP,vs_limp,UTG,limper,QJo,iso-raise,0,,0,,0,100,Live Poker PREFLOP BIBLE,2024-04-30,5:59,"SUPERSEDED by 2026 'MP ISO vs EP LIMP' (same coach, newer video wins).",no
EP VS LIMP,EP,vs_limp,UTG,limper,JJ,iso-raise,100,,0,,0,0,Live Poker PREFLOP BIBLE,2024-04-30,5:59,"SUPERSEDED by 2026 'MP ISO vs EP LIMP' (same coach, newer video wins).",no
EP VS LIMP,EP,vs_limp,UTG,limper,JTs,iso-raise,100,,0,,0,0,Live Poker PREFLOP BIBLE,2024-04-30,5:59,"SUPERSEDED by 2026 'MP ISO vs EP LIMP' (same coach, newer video wins).",no
EP VS LIMP,EP,vs_limp,UTG,limper,J9s,iso-raise,0,,0,,0,100,Live Poker PREFLOP BIBLE,2024-04-30,5:59,"SUPERSEDED by 2026 'MP ISO vs EP LIMP' (same coach, newer video wins).",no
EP VS LIMP,EP,vs_limp,UTG,limper,J8s,iso-raise,0,,0,,0,100,Live Poker PREFLOP BIBLE,2024-04-30,5:59,"SUPERSEDED by 2026 'MP ISO vs EP LIMP' (same coach, newer video wins).",no
EP VS LIMP,EP,vs_limp,UTG,limper,J7s,iso-raise,0,,0,,0,100,Live Poker PREFLOP BIBLE,2024-04-30,5:59,"SUPERSEDED by 2026 'MP ISO vs EP LIMP' (same coach, newer video wins).",no
EP VS LIMP,EP,vs_limp,UTG,limper,J6s,iso-raise,0,,0,,0,100,Live Poker PREFLOP BIBLE,2024-04-30,5:59,"SUPERSEDED by 2026 'MP ISO vs EP LIMP' (same coach, newer video wins).",no
EP VS LIMP,EP,vs_limp,UTG,limper,J5s,iso-raise,0,,0,,0,100,Live Poker PREFLOP BIBLE,2024-04-30,5:59,"SUPERSEDED by 2026 'MP ISO vs EP LIMP' (same coach, newer video wins).",no
EP VS LIMP,EP,vs_limp,UTG,limper,J4s,iso-raise,0,,0,,0,100,Live Poker PREFLOP BIBLE,2024-04-30,5:59,"SUPERSEDED by 2026 'MP ISO vs EP LIMP' (same coach, newer video wins).",no
EP VS LIMP,EP,vs_limp,UTG,limper,J3s,iso-raise,0,,0,,0,100,Live Poker PREFLOP BIBLE,2024-04-30,5:59,"SUPERSEDED by 2026 'MP ISO vs EP LIMP' (same coach, newer video wins).",no
EP VS LIMP,EP,vs_limp,UTG,limper,J2s,iso-raise,0,,0,,0,100,Live Poker PREFLOP BIBLE,2024-04-30,5:59,"SUPERSEDED by 2026 'MP ISO vs EP LIMP' (same coach, newer video wins).",no
EP VS LIMP,EP,vs_limp,UTG,limper,ATo,iso-raise,0,,0,,0,100,Live Poker PREFLOP BIBLE,2024-04-30,5:59,"SUPERSEDED by 2026 'MP ISO vs EP LIMP' (same coach, newer video wins).",no
EP VS LIMP,EP,vs_limp,UTG,limper,KTo,iso-raise,0,,0,,0,100,Live Poker PREFLOP BIBLE,2024-04-30,5:59,"SUPERSEDED by 2026 'MP ISO vs EP LIMP' (same coach, newer video wins).",no
EP VS LIMP,EP,vs_limp,UTG,limper,QTo,iso-raise,0,,0,,0,100,Live Poker PREFLOP BIBLE,2024-04-30,5:59,"SUPERSEDED by 2026 'MP ISO vs EP LIMP' (same coach, newer video wins).",no
EP VS LIMP,EP,vs_limp,UTG,limper,JTo,iso-raise,0,,0,,0,100,Live Poker PREFLOP BIBLE,2024-04-30,5:59,"SUPERSEDED by 2026 'MP ISO vs EP LIMP' (same coach, newer video wins).",no
EP VS LIMP,EP,vs_limp,UTG,limper,TT,iso-raise,100,,0,,0,0,Live Poker PREFLOP BIBLE,2024-04-30,5:59,"SUPERSEDED by 2026 'MP ISO vs EP LIMP' (same coach, newer video wins).",no
EP VS LIMP,EP,vs_limp,UTG,limper,T9s,iso-raise,50,,0,,0,50,Live Poker PREFLOP BIBLE,2024-04-30,5:59,"SUPERSEDED by 2026 'MP ISO vs EP LIMP' (same coach, newer video wins). SITUATIONAL (Mark 2024): a 'partial' - don't randomize; lean to the aggressive action with a bigger skill edge, deeper stacks, or a weaker/more predictable opponent.",yes
EP VS LIMP,EP,vs_limp,UTG,limper,T8s,iso-raise,0,,0,,0,100,Live Poker PREFLOP BIBLE,2024-04-30,5:59,"SUPERSEDED by 2026 'MP ISO vs EP LIMP' (same coach, newer video wins).",no
EP VS LIMP,EP,vs_limp,UTG,limper,T7s,iso-raise,0,,0,,0,100,Live Poker PREFLOP BIBLE,2024-04-30,5:59,"SUPERSEDED by 2026 'MP ISO vs EP LIMP' (same coach, newer video wins).",no
EP VS LIMP,EP,vs_limp,UTG,limper,T6s,iso-raise,0,,0,,0,100,Live Poker PREFLOP BIBLE,2024-04-30,5:59,"SUPERSEDED by 2026 'MP ISO vs EP LIMP' (same coach, newer video wins).",no
EP VS LIMP,EP,vs_limp,UTG,limper,T5s,iso-raise,0,,0,,0,100,Live Poker PREFLOP BIBLE,2024-04-30,5:59,"SUPERSEDED by 2026 'MP ISO vs EP LIMP' (same coach, newer video wins).",no
EP VS LIMP,EP,vs_limp,UTG,limper,T4s,iso-raise,0,,0,,0,100,Live Poker PREFLOP BIBLE,2024-04-30,5:59,"SUPERSEDED by 2026 'MP ISO vs EP LIMP' (same coach, newer video wins).",no
EP VS LIMP,EP,vs_limp,UTG,limper,T3s,iso-raise,0,,0,,0,100,Live Poker PREFLOP BIBLE,2024-04-30,5:59,"SUPERSEDED by 2026 'MP ISO vs EP LIMP' (same coach, newer video wins).",no
EP VS LIMP,EP,vs_limp,UTG,limper,T2s,iso-raise,0,,0,,0,100,Live Poker PREFLOP BIBLE,2024-04-30,5:59,"SUPERSEDED by 2026 'MP ISO vs EP LIMP' (same coach, newer video wins).",no
EP VS LIMP,EP,vs_limp,UTG,limper,A9o,iso-raise,0,,0,,0,100,Live Poker PREFLOP BIBLE,2024-04-30,5:59,"SUPERSEDED by 2026 'MP ISO vs EP LIMP' (same coach, newer video wins).",no
EP VS LIMP,EP,vs_limp,UTG,limper,K9o,iso-raise,0,,0,,0,100,Live Poker PREFLOP BIBLE,2024-04-30,5:59,"SUPERSEDED by 2026 'MP ISO vs EP LIMP' (same coach, newer video wins).",no
EP VS LIMP,EP,vs_limp,UTG,limper,Q9o,iso-raise,0,,0,,0,100,Live Poker PREFLOP BIBLE,2024-04-30,5:59,"SUPERSEDED by 2026 'MP ISO vs EP LIMP' (same coach, newer video wins).",no
EP VS LIMP,EP,vs_limp,UTG,limper,J9o,iso-raise,0,,0,,0,100,Live Poker PREFLOP BIBLE,2024-04-30,5:59,"SUPERSEDED by 2026 'MP ISO vs EP LIMP' (same coach, newer video wins).",no
EP VS LIMP,EP,vs_limp,UTG,limper,T9o,iso-raise,0,,0,,0,100,Live Poker PREFLOP BIBLE,2024-04-30,5:59,"SUPERSEDED by 2026 'MP ISO vs EP LIMP' (same coach, newer video wins).",no
EP VS LIMP,EP,vs_limp,UTG,limper,99,iso-raise,100,,0,,0,0,Live Poker PREFLOP BIBLE,2024-04-30,5:59,"SUPERSEDED by 2026 'MP ISO vs EP LIMP' (same coach, newer video wins).",no
EP VS LIMP,EP,vs_limp,UTG,limper,98s,iso-raise,50,,0,,0,50,Live Poker PREFLOP BIBLE,2024-04-30,5:59,"SUPERSEDED by 2026 'MP ISO vs EP LIMP' (same coach, newer video wins). SITUATIONAL (Mark 2024): a 'partial' - don't randomize; lean to the aggressive action with a bigger skill edge, deeper stacks, or a weaker/more predictable opponent.",yes
EP VS LIMP,EP,vs_limp,UTG,limper,97s,iso-raise,0,,0,,0,100,Live Poker PREFLOP BIBLE,2024-04-30,5:59,"SUPERSEDED by 2026 'MP ISO vs EP LIMP' (same coach, newer video wins).",no
EP VS LIMP,EP,vs_limp,UTG,limper,96s,iso-raise,0,,0,,0,100,Live Poker PREFLOP BIBLE,2024-04-30,5:59,"SUPERSEDED by 2026 'MP ISO vs EP LIMP' (same coach, newer video wins).",no
EP VS LIMP,EP,vs_limp,UTG,limper,95s,iso-raise,0,,0,,0,100,Live Poker PREFLOP BIBLE,2024-04-30,5:59,"SUPERSEDED by 2026 'MP ISO vs EP LIMP' (same coach, newer video wins).",no
EP VS LIMP,EP,vs_limp,UTG,limper,94s,iso-raise,0,,0,,0,100,Live Poker PREFLOP BIBLE,2024-04-30,5:59,"SUPERSEDED by 2026 'MP ISO vs EP LIMP' (same coach, newer video wins).",no
EP VS LIMP,EP,vs_limp,UTG,limper,93s,iso-raise,0,,0,,0,100,Live Poker PREFLOP BIBLE,2024-04-30,5:59,"SUPERSEDED by 2026 'MP ISO vs EP LIMP' (same coach, newer video wins).",no
EP VS LIMP,EP,vs_limp,UTG,limper,92s,iso-raise,0,,0,,0,100,Live Poker PREFLOP BIBLE,2024-04-30,5:59,"SUPERSEDED by 2026 'MP ISO vs EP LIMP' (same coach, newer video wins).",no
EP VS LIMP,EP,vs_limp,UTG,limper,A8o,iso-raise,0,,0,,0,100,Live Poker PREFLOP BIBLE,2024-04-30,5:59,"SUPERSEDED by 2026 'MP ISO vs EP LIMP' (same coach, newer video wins).",no
EP VS LIMP,EP,vs_limp,UTG,limper,K8o,iso-raise,0,,0,,0,100,Live Poker PREFLOP BIBLE,2024-04-30,5:59,"SUPERSEDED by 2026 'MP ISO vs EP LIMP' (same coach, newer video wins).",no
EP VS LIMP,EP,vs_limp,UTG,limper,Q8o,iso-raise,0,,0,,0,100,Live Poker PREFLOP BIBLE,2024-04-30,5:59,"SUPERSEDED by 2026 'MP ISO vs EP LIMP' (same coach, newer video wins).",no
EP VS LIMP,EP,vs_limp,UTG,limper,J8o,iso-raise,0,,0,,0,100,Live Poker PREFLOP BIBLE,2024-04-30,5:59,"SUPERSEDED by 2026 'MP ISO vs EP LIMP' (same coach, newer video wins).",no
EP VS LIMP,EP,vs_limp,UTG,limper,T8o,iso-raise,0,,0,,0,100,Live Poker PREFLOP BIBLE,2024-04-30,5:59,"SUPERSEDED by 2026 'MP ISO vs EP LIMP' (same coach, newer video wins).",no
EP VS LIMP,EP,vs_limp,UTG,limper,98o,iso-raise,0,,0,,0,100,Live Poker PREFLOP BIBLE,2024-04-30,5:59,"SUPERSEDED by 2026 'MP ISO vs EP LIMP' (same coach, newer video wins).",no
EP VS LIMP,EP,vs_limp,UTG,limper,88,iso-raise,100,,0,,0,0,Live Poker PREFLOP BIBLE,2024-04-30,5:59,"SUPERSEDED by 2026 'MP ISO vs EP LIMP' (same coach, newer video wins).",no
EP VS LIMP,EP,vs_limp,UTG,limper,87s,iso-raise,0,,0,,0,100,Live Poker PREFLOP BIBLE,2024-04-30,5:59,"SUPERSEDED by 2026 'MP ISO vs EP LIMP' (same coach, newer video wins).",no
EP VS LIMP,EP,vs_limp,UTG,limper,86s,iso-raise,0,,0,,0,100,Live Poker PREFLOP BIBLE,2024-04-30,5:59,"SUPERSEDED by 2026 'MP ISO vs EP LIMP' (same coach, newer video wins).",no
EP VS LIMP,EP,vs_limp,UTG,limper,85s,iso-raise,0,,0,,0,100,Live Poker PREFLOP BIBLE,2024-04-30,5:59,"SUPERSEDED by 2026 'MP ISO vs EP LIMP' (same coach, newer video wins).",no
EP VS LIMP,EP,vs_limp,UTG,limper,84s,iso-raise,0,,0,,0,100,Live Poker PREFLOP BIBLE,2024-04-30,5:59,"SUPERSEDED by 2026 'MP ISO vs EP LIMP' (same coach, newer video wins).",no
EP VS LIMP,EP,vs_limp,UTG,limper,83s,iso-raise,0,,0,,0,100,Live Poker PREFLOP BIBLE,2024-04-30,5:59,"SUPERSEDED by 2026 'MP ISO vs EP LIMP' (same coach, newer video wins).",no
EP VS LIMP,EP,vs_limp,UTG,limper,82s,iso-raise,0,,0,,0,100,Live Poker PREFLOP BIBLE,2024-04-30,5:59,"SUPERSEDED by 2026 'MP ISO vs EP LIMP' (same coach, newer video wins).",no
EP VS LIMP,EP,vs_limp,UTG,limper,A7o,iso-raise,0,,0,,0,100,Live Poker PREFLOP BIBLE,2024-04-30,5:59,"SUPERSEDED by 2026 'MP ISO vs EP LIMP' (same coach, newer video wins).",no
EP VS LIMP,EP,vs_limp,UTG,limper,K7o,iso-raise,0,,0,,0,100,Live Poker PREFLOP BIBLE,2024-04-30,5:59,"SUPERSEDED by 2026 'MP ISO vs EP LIMP' (same coach, newer video wins).",no
EP VS LIMP,EP,vs_limp,UTG,limper,Q7o,iso-raise,0,,0,,0,100,Live Poker PREFLOP BIBLE,2024-04-30,5:59,"SUPERSEDED by 2026 'MP ISO vs EP LIMP' (same coach, newer video wins).",no
EP VS LIMP,EP,vs_limp,UTG,limper,J7o,iso-raise,0,,0,,0,100,Live Poker PREFLOP BIBLE,2024-04-30,5:59,"SUPERSEDED by 2026 'MP ISO vs EP LIMP' (same coach, newer video wins).",no
EP VS LIMP,EP,vs_limp,UTG,limper,T7o,iso-raise,0,,0,,0,100,Live Poker PREFLOP BIBLE,2024-04-30,5:59,"SUPERSEDED by 2026 'MP ISO vs EP LIMP' (same coach, newer video wins).",no
EP VS LIMP,EP,vs_limp,UTG,limper,97o,iso-raise,0,,0,,0,100,Live Poker PREFLOP BIBLE,2024-04-30,5:59,"SUPERSEDED by 2026 'MP ISO vs EP LIMP' (same coach, newer video wins).",no
EP VS LIMP,EP,vs_limp,UTG,limper,87o,iso-raise,0,,0,,0,100,Live Poker PREFLOP BIBLE,2024-04-30,5:59,"SUPERSEDED by 2026 'MP ISO vs EP LIMP' (same coach, newer video wins).",no
EP VS LIMP,EP,vs_limp,UTG,limper,77,iso-raise,50,,0,,0,50,Live Poker PREFLOP BIBLE,2024-04-30,5:59,"SUPERSEDED by 2026 'MP ISO vs EP LIMP' (same coach, newer video wins). SITUATIONAL (Mark 2024): a 'partial' - don't randomize; lean to the aggressive action with a bigger skill edge, deeper stacks, or a weaker/more predictable opponent.",yes
EP VS LIMP,EP,vs_limp,UTG,limper,76s,iso-raise,0,,0,,0,100,Live Poker PREFLOP BIBLE,2024-04-30,5:59,"SUPERSEDED by 2026 'MP ISO vs EP LIMP' (same coach, newer video wins).",no
EP VS LIMP,EP,vs_limp,UTG,limper,75s,iso-raise,0,,0,,0,100,Live Poker PREFLOP BIBLE,2024-04-30,5:59,"SUPERSEDED by 2026 'MP ISO vs EP LIMP' (same coach, newer video wins).",no
EP VS LIMP,EP,vs_limp,UTG,limper,74s,iso-raise,0,,0,,0,100,Live Poker PREFLOP BIBLE,2024-04-30,5:59,"SUPERSEDED by 2026 'MP ISO vs EP LIMP' (same coach, newer video wins).",no
EP VS LIMP,EP,vs_limp,UTG,limper,73s,iso-raise,0,,0,,0,100,Live Poker PREFLOP BIBLE,2024-04-30,5:59,"SUPERSEDED by 2026 'MP ISO vs EP LIMP' (same coach, newer video wins).",no
EP VS LIMP,EP,vs_limp,UTG,limper,72s,iso-raise,0,,0,,0,100,Live Poker PREFLOP BIBLE,2024-04-30,5:59,"SUPERSEDED by 2026 'MP ISO vs EP LIMP' (same coach, newer video wins).",no
EP VS LIMP,EP,vs_limp,UTG,limper,A6o,iso-raise,0,,0,,0,100,Live Poker PREFLOP BIBLE,2024-04-30,5:59,"SUPERSEDED by 2026 'MP ISO vs EP LIMP' (same coach, newer video wins).",no
EP VS LIMP,EP,vs_limp,UTG,limper,K6o,iso-raise,0,,0,,0,100,Live Poker PREFLOP BIBLE,2024-04-30,5:59,"SUPERSEDED by 2026 'MP ISO vs EP LIMP' (same coach, newer video wins).",no
EP VS LIMP,EP,vs_limp,UTG,limper,Q6o,iso-raise,0,,0,,0,100,Live Poker PREFLOP BIBLE,2024-04-30,5:59,"SUPERSEDED by 2026 'MP ISO vs EP LIMP' (same coach, newer video wins).",no
EP VS LIMP,EP,vs_limp,UTG,limper,J6o,iso-raise,0,,0,,0,100,Live Poker PREFLOP BIBLE,2024-04-30,5:59,"SUPERSEDED by 2026 'MP ISO vs EP LIMP' (same coach, newer video wins).",no
EP VS LIMP,EP,vs_limp,UTG,limper,T6o,iso-raise,0,,0,,0,100,Live Poker PREFLOP BIBLE,2024-04-30,5:59,"SUPERSEDED by 2026 'MP ISO vs EP LIMP' (same coach, newer video wins).",no
EP VS LIMP,EP,vs_limp,UTG,limper,96o,iso-raise,0,,0,,0,100,Live Poker PREFLOP BIBLE,2024-04-30,5:59,"SUPERSEDED by 2026 'MP ISO vs EP LIMP' (same coach, newer video wins).",no
EP VS LIMP,EP,vs_limp,UTG,limper,86o,iso-raise,0,,0,,0,100,Live Poker PREFLOP BIBLE,2024-04-30,5:59,"SUPERSEDED by 2026 'MP ISO vs EP LIMP' (same coach, newer video wins).",no
EP VS LIMP,EP,vs_limp,UTG,limper,76o,iso-raise,0,,0,,0,100,Live Poker PREFLOP BIBLE,2024-04-30,5:59,"SUPERSEDED by 2026 'MP ISO vs EP LIMP' (same coach, newer video wins).",no
EP VS LIMP,EP,vs_limp,UTG,limper,66,iso-raise,50,,0,,0,50,Live Poker PREFLOP BIBLE,2024-04-30,5:59,"SUPERSEDED by 2026 'MP ISO vs EP LIMP' (same coach, newer video wins). SITUATIONAL (Mark 2024): a 'partial' - don't randomize; lean to the aggressive action with a bigger skill edge, deeper stacks, or a weaker/more predictable opponent.",yes
EP VS LIMP,EP,vs_limp,UTG,limper,65s,iso-raise,0,,0,,0,100,Live Poker PREFLOP BIBLE,2024-04-30,5:59,"SUPERSEDED by 2026 'MP ISO vs EP LIMP' (same coach, newer video wins).",no
EP VS LIMP,EP,vs_limp,UTG,limper,64s,iso-raise,0,,0,,0,100,Live Poker PREFLOP BIBLE,2024-04-30,5:59,"SUPERSEDED by 2026 'MP ISO vs EP LIMP' (same coach, newer video wins).",no
EP VS LIMP,EP,vs_limp,UTG,limper,63s,iso-raise,0,,0,,0,100,Live Poker PREFLOP BIBLE,2024-04-30,5:59,"SUPERSEDED by 2026 'MP ISO vs EP LIMP' (same coach, newer video wins).",no
EP VS LIMP,EP,vs_limp,UTG,limper,62s,iso-raise,0,,0,,0,100,Live Poker PREFLOP BIBLE,2024-04-30,5:59,"SUPERSEDED by 2026 'MP ISO vs EP LIMP' (same coach, newer video wins).",no
EP VS LIMP,EP,vs_limp,UTG,limper,A5o,iso-raise,0,,0,,0,100,Live Poker PREFLOP BIBLE,2024-04-30,5:59,"SUPERSEDED by 2026 'MP ISO vs EP LIMP' (same coach, newer video wins).",no
EP VS LIMP,EP,vs_limp,UTG,limper,K5o,iso-raise,0,,0,,0,100,Live Poker PREFLOP BIBLE,2024-04-30,5:59,"SUPERSEDED by 2026 'MP ISO vs EP LIMP' (same coach, newer video wins).",no
EP VS LIMP,EP,vs_limp,UTG,limper,Q5o,iso-raise,0,,0,,0,100,Live Poker PREFLOP BIBLE,2024-04-30,5:59,"SUPERSEDED by 2026 'MP ISO vs EP LIMP' (same coach, newer video wins).",no
EP VS LIMP,EP,vs_limp,UTG,limper,J5o,iso-raise,0,,0,,0,100,Live Poker PREFLOP BIBLE,2024-04-30,5:59,"SUPERSEDED by 2026 'MP ISO vs EP LIMP' (same coach, newer video wins).",no
EP VS LIMP,EP,vs_limp,UTG,limper,T5o,iso-raise,0,,0,,0,100,Live Poker PREFLOP BIBLE,2024-04-30,5:59,"SUPERSEDED by 2026 'MP ISO vs EP LIMP' (same coach, newer video wins).",no
EP VS LIMP,EP,vs_limp,UTG,limper,95o,iso-raise,0,,0,,0,100,Live Poker PREFLOP BIBLE,2024-04-30,5:59,"SUPERSEDED by 2026 'MP ISO vs EP LIMP' (same coach, newer video wins).",no
EP VS LIMP,EP,vs_limp,UTG,limper,85o,iso-raise,0,,0,,0,100,Live Poker PREFLOP BIBLE,2024-04-30,5:59,"SUPERSEDED by 2026 'MP ISO vs EP LIMP' (same coach, newer video wins).",no
EP VS LIMP,EP,vs_limp,UTG,limper,75o,iso-raise,0,,0,,0,100,Live Poker PREFLOP BIBLE,2024-04-30,5:59,"SUPERSEDED by 2026 'MP ISO vs EP LIMP' (same coach, newer video wins).",no
EP VS LIMP,EP,vs_limp,UTG,limper,65o,iso-raise,0,,0,,0,100,Live Poker PREFLOP BIBLE,2024-04-30,5:59,"SUPERSEDED by 2026 'MP ISO vs EP LIMP' (same coach, newer video wins).",no
EP VS LIMP,EP,vs_limp,UTG,limper,55,iso-raise,50,,0,,0,50,Live Poker PREFLOP BIBLE,2024-04-30,5:59,"SUPERSEDED by 2026 'MP ISO vs EP LIMP' (same coach, newer video wins). SITUATIONAL (Mark 2024): a 'partial' - don't randomize; lean to the aggressive action with a bigger skill edge, deeper stacks, or a weaker/more predictable opponent.",yes
EP VS LIMP,EP,vs_limp,UTG,limper,54s,iso-raise,0,,0,,0,100,Live Poker PREFLOP BIBLE,2024-04-30,5:59,"SUPERSEDED by 2026 'MP ISO vs EP LIMP' (same coach, newer video wins).",no
EP VS LIMP,EP,vs_limp,UTG,limper,53s,iso-raise,0,,0,,0,100,Live Poker PREFLOP BIBLE,2024-04-30,5:59,"SUPERSEDED by 2026 'MP ISO vs EP LIMP' (same coach, newer video wins).",no
EP VS LIMP,EP,vs_limp,UTG,limper,52s,iso-raise,0,,0,,0,100,Live Poker PREFLOP BIBLE,2024-04-30,5:59,"SUPERSEDED by 2026 'MP ISO vs EP LIMP' (same coach, newer video wins).",no
EP VS LIMP,EP,vs_limp,UTG,limper,A4o,iso-raise,0,,0,,0,100,Live Poker PREFLOP BIBLE,2024-04-30,5:59,"SUPERSEDED by 2026 'MP ISO vs EP LIMP' (same coach, newer video wins).",no
EP VS LIMP,EP,vs_limp,UTG,limper,K4o,iso-raise,0,,0,,0,100,Live Poker PREFLOP BIBLE,2024-04-30,5:59,"SUPERSEDED by 2026 'MP ISO vs EP LIMP' (same coach, newer video wins).",no
EP VS LIMP,EP,vs_limp,UTG,limper,Q4o,iso-raise,0,,0,,0,100,Live Poker PREFLOP BIBLE,2024-04-30,5:59,"SUPERSEDED by 2026 'MP ISO vs EP LIMP' (same coach, newer video wins).",no
EP VS LIMP,EP,vs_limp,UTG,limper,J4o,iso-raise,0,,0,,0,100,Live Poker PREFLOP BIBLE,2024-04-30,5:59,"SUPERSEDED by 2026 'MP ISO vs EP LIMP' (same coach, newer video wins).",no
EP VS LIMP,EP,vs_limp,UTG,limper,T4o,iso-raise,0,,0,,0,100,Live Poker PREFLOP BIBLE,2024-04-30,5:59,"SUPERSEDED by 2026 'MP ISO vs EP LIMP' (same coach, newer video wins).",no
EP VS LIMP,EP,vs_limp,UTG,limper,94o,iso-raise,0,,0,,0,100,Live Poker PREFLOP BIBLE,2024-04-30,5:59,"SUPERSEDED by 2026 'MP ISO vs EP LIMP' (same coach, newer video wins).",no
EP VS LIMP,EP,vs_limp,UTG,limper,84o,iso-raise,0,,0,,0,100,Live Poker PREFLOP BIBLE,2024-04-30,5:59,"SUPERSEDED by 2026 'MP ISO vs EP LIMP' (same coach, newer video wins).",no
EP VS LIMP,EP,vs_limp,UTG,limper,74o,iso-raise,0,,0,,0,100,Live Poker PREFLOP BIBLE,2024-04-30,5:59,"SUPERSEDED by 2026 'MP ISO vs EP LIMP' (same coach, newer video wins).",no
EP VS LIMP,EP,vs_limp,UTG,limper,64o,iso-raise,0,,0,,0,100,Live Poker PREFLOP BIBLE,2024-04-30,5:59,"SUPERSEDED by 2026 'MP ISO vs EP LIMP' (same coach, newer video wins).",no
EP VS LIMP,EP,vs_limp,UTG,limper,54o,iso-raise,0,,0,,0,100,Live Poker PREFLOP BIBLE,2024-04-30,5:59,"SUPERSEDED by 2026 'MP ISO vs EP LIMP' (same coach, newer video wins).",no
EP VS LIMP,EP,vs_limp,UTG,limper,44,iso-raise,0,,0,,0,100,Live Poker PREFLOP BIBLE,2024-04-30,5:59,"SUPERSEDED by 2026 'MP ISO vs EP LIMP' (same coach, newer video wins).",no
EP VS LIMP,EP,vs_limp,UTG,limper,43s,iso-raise,0,,0,,0,100,Live Poker PREFLOP BIBLE,2024-04-30,5:59,"SUPERSEDED by 2026 'MP ISO vs EP LIMP' (same coach, newer video wins).",no
EP VS LIMP,EP,vs_limp,UTG,limper,42s,iso-raise,0,,0,,0,100,Live Poker PREFLOP BIBLE,2024-04-30,5:59,"SUPERSEDED by 2026 'MP ISO vs EP LIMP' (same coach, newer video wins).",no
EP VS LIMP,EP,vs_limp,UTG,limper,A3o,iso-raise,0,,0,,0,100,Live Poker PREFLOP BIBLE,2024-04-30,5:59,"SUPERSEDED by 2026 'MP ISO vs EP LIMP' (same coach, newer video wins).",no
EP VS LIMP,EP,vs_limp,UTG,limper,K3o,iso-raise,0,,0,,0,100,Live Poker PREFLOP BIBLE,2024-04-30,5:59,"SUPERSEDED by 2026 'MP ISO vs EP LIMP' (same coach, newer video wins).",no
EP VS LIMP,EP,vs_limp,UTG,limper,Q3o,iso-raise,0,,0,,0,100,Live Poker PREFLOP BIBLE,2024-04-30,5:59,"SUPERSEDED by 2026 'MP ISO vs EP LIMP' (same coach, newer video wins).",no
EP VS LIMP,EP,vs_limp,UTG,limper,J3o,iso-raise,0,,0,,0,100,Live Poker PREFLOP BIBLE,2024-04-30,5:59,"SUPERSEDED by 2026 'MP ISO vs EP LIMP' (same coach, newer video wins).",no
EP VS LIMP,EP,vs_limp,UTG,limper,T3o,iso-raise,0,,0,,0,100,Live Poker PREFLOP BIBLE,2024-04-30,5:59,"SUPERSEDED by 2026 'MP ISO vs EP LIMP' (same coach, newer video wins).",no
EP VS LIMP,EP,vs_limp,UTG,limper,93o,iso-raise,0,,0,,0,100,Live Poker PREFLOP BIBLE,2024-04-30,5:59,"SUPERSEDED by 2026 'MP ISO vs EP LIMP' (same coach, newer video wins).",no
EP VS LIMP,EP,vs_limp,UTG,limper,83o,iso-raise,0,,0,,0,100,Live Poker PREFLOP BIBLE,2024-04-30,5:59,"SUPERSEDED by 2026 'MP ISO vs EP LIMP' (same coach, newer video wins).",no
EP VS LIMP,EP,vs_limp,UTG,limper,73o,iso-raise,0,,0,,0,100,Live Poker PREFLOP BIBLE,2024-04-30,5:59,"SUPERSEDED by 2026 'MP ISO vs EP LIMP' (same coach, newer video wins).",no
EP VS LIMP,EP,vs_limp,UTG,limper,63o,iso-raise,0,,0,,0,100,Live Poker PREFLOP BIBLE,2024-04-30,5:59,"SUPERSEDED by 2026 'MP ISO vs EP LIMP' (same coach, newer video wins).",no
EP VS LIMP,EP,vs_limp,UTG,limper,53o,iso-raise,0,,0,,0,100,Live Poker PREFLOP BIBLE,2024-04-30,5:59,"SUPERSEDED by 2026 'MP ISO vs EP LIMP' (same coach, newer video wins).",no
EP VS LIMP,EP,vs_limp,UTG,limper,43o,iso-raise,0,,0,,0,100,Live Poker PREFLOP BIBLE,2024-04-30,5:59,"SUPERSEDED by 2026 'MP ISO vs EP LIMP' (same coach, newer video wins).",no
EP VS LIMP,EP,vs_limp,UTG,limper,33,iso-raise,0,,0,,0,100,Live Poker PREFLOP BIBLE,2024-04-30,5:59,"SUPERSEDED by 2026 'MP ISO vs EP LIMP' (same coach, newer video wins).",no
EP VS LIMP,EP,vs_limp,UTG,limper,32s,iso-raise,0,,0,,0,100,Live Poker PREFLOP BIBLE,2024-04-30,5:59,"SUPERSEDED by 2026 'MP ISO vs EP LIMP' (same coach, newer video wins).",no
EP VS LIMP,EP,vs_limp,UTG,limper,A2o,iso-raise,0,,0,,0,100,Live Poker PREFLOP BIBLE,2024-04-30,5:59,"SUPERSEDED by 2026 'MP ISO vs EP LIMP' (same coach, newer video wins).",no
EP VS LIMP,EP,vs_limp,UTG,limper,K2o,iso-raise,0,,0,,0,100,Live Poker PREFLOP BIBLE,2024-04-30,5:59,"SUPERSEDED by 2026 'MP ISO vs EP LIMP' (same coach, newer video wins).",no
EP VS LIMP,EP,vs_limp,UTG,limper,Q2o,iso-raise,0,,0,,0,100,Live Poker PREFLOP BIBLE,2024-04-30,5:59,"SUPERSEDED by 2026 'MP ISO vs EP LIMP' (same coach, newer video wins).",no
EP VS LIMP,EP,vs_limp,UTG,limper,J2o,iso-raise,0,,0,,0,100,Live Poker PREFLOP BIBLE,2024-04-30,5:59,"SUPERSEDED by 2026 'MP ISO vs EP LIMP' (same coach, newer video wins).",no
EP VS LIMP,EP,vs_limp,UTG,limper,T2o,iso-raise,0,,0,,0,100,Live Poker PREFLOP BIBLE,2024-04-30,5:59,"SUPERSEDED by 2026 'MP ISO vs EP LIMP' (same coach, newer video wins).",no
EP VS LIMP,EP,vs_limp,UTG,limper,92o,iso-raise,0,,0,,0,100,Live Poker PREFLOP BIBLE,2024-04-30,5:59,"SUPERSEDED by 2026 'MP ISO vs EP LIMP' (same coach, newer video wins).",no
EP VS LIMP,EP,vs_limp,UTG,limper,82o,iso-raise,0,,0,,0,100,Live Poker PREFLOP BIBLE,2024-04-30,5:59,"SUPERSEDED by 2026 'MP ISO vs EP LIMP' (same coach, newer video wins).",no
EP VS LIMP,EP,vs_limp,UTG,limper,72o,iso-raise,0,,0,,0,100,Live Poker PREFLOP BIBLE,2024-04-30,5:59,"SUPERSEDED by 2026 'MP ISO vs EP LIMP' (same coach, newer video wins).",no
EP VS LIMP,EP,vs_limp,UTG,limper,62o,iso-raise,0,,0,,0,100,Live Poker PREFLOP BIBLE,2024-04-30,5:59,"SUPERSEDED by 2026 'MP ISO vs EP LIMP' (same coach, newer video wins).",no
EP VS LIMP,EP,vs_limp,UTG,limper,52o,iso-raise,0,,0,,0,100,Live Poker PREFLOP BIBLE,2024-04-30,5:59,"SUPERSEDED by 2026 'MP ISO vs EP LIMP' (same coach, newer video wins).",no
EP VS LIMP,EP,vs_limp,UTG,limper,42o,iso-raise,0,,0,,0,100,Live Poker PREFLOP BIBLE,2024-04-30,5:59,"SUPERSEDED by 2026 'MP ISO vs EP LIMP' (same coach, newer video wins).",no
EP VS LIMP,EP,vs_limp,UTG,limper,32o,iso-raise,0,,0,,0,100,Live Poker PREFLOP BIBLE,2024-04-30,5:59,"SUPERSEDED by 2026 'MP ISO vs EP LIMP' (same coach, newer video wins).",no
EP VS LIMP,EP,vs_limp,UTG,limper,22,iso-raise,0,,0,,0,100,Live Poker PREFLOP BIBLE,2024-04-30,5:59,"SUPERSEDED by 2026 'MP ISO vs EP LIMP' (same coach, newer video wins).",no
BTN VS LIMP,BTN,vs_limp,any,limper,AA,iso-raise,100,,0,,0,0,Live Poker PREFLOP BIBLE,2024-04-30,7:18,"SUPERSEDED by 2026 'BTN ISO vs CO LIMP' (same coach, newer video wins).",no
BTN VS LIMP,BTN,vs_limp,any,limper,AKs,iso-raise,100,,0,,0,0,Live Poker PREFLOP BIBLE,2024-04-30,7:18,"SUPERSEDED by 2026 'BTN ISO vs CO LIMP' (same coach, newer video wins).",no
BTN VS LIMP,BTN,vs_limp,any,limper,AQs,iso-raise,100,,0,,0,0,Live Poker PREFLOP BIBLE,2024-04-30,7:18,"SUPERSEDED by 2026 'BTN ISO vs CO LIMP' (same coach, newer video wins).",no
BTN VS LIMP,BTN,vs_limp,any,limper,AJs,iso-raise,100,,0,,0,0,Live Poker PREFLOP BIBLE,2024-04-30,7:18,"SUPERSEDED by 2026 'BTN ISO vs CO LIMP' (same coach, newer video wins).",no
BTN VS LIMP,BTN,vs_limp,any,limper,ATs,iso-raise,100,,0,,0,0,Live Poker PREFLOP BIBLE,2024-04-30,7:18,"SUPERSEDED by 2026 'BTN ISO vs CO LIMP' (same coach, newer video wins).",no
BTN VS LIMP,BTN,vs_limp,any,limper,A9s,iso-raise,100,,0,,0,0,Live Poker PREFLOP BIBLE,2024-04-30,7:18,"SUPERSEDED by 2026 'BTN ISO vs CO LIMP' (same coach, newer video wins).",no
BTN VS LIMP,BTN,vs_limp,any,limper,A8s,iso-raise,100,,0,,0,0,Live Poker PREFLOP BIBLE,2024-04-30,7:18,"SUPERSEDED by 2026 'BTN ISO vs CO LIMP' (same coach, newer video wins).",no
BTN VS LIMP,BTN,vs_limp,any,limper,A7s,iso-raise,100,,0,,0,0,Live Poker PREFLOP BIBLE,2024-04-30,7:18,"SUPERSEDED by 2026 'BTN ISO vs CO LIMP' (same coach, newer video wins).",no
BTN VS LIMP,BTN,vs_limp,any,limper,A6s,iso-raise,100,,0,,0,0,Live Poker PREFLOP BIBLE,2024-04-30,7:18,"SUPERSEDED by 2026 'BTN ISO vs CO LIMP' (same coach, newer video wins).",no
BTN VS LIMP,BTN,vs_limp,any,limper,A5s,iso-raise,100,,0,,0,0,Live Poker PREFLOP BIBLE,2024-04-30,7:18,"SUPERSEDED by 2026 'BTN ISO vs CO LIMP' (same coach, newer video wins).",no
BTN VS LIMP,BTN,vs_limp,any,limper,A4s,iso-raise,100,,0,,0,0,Live Poker PREFLOP BIBLE,2024-04-30,7:18,"SUPERSEDED by 2026 'BTN ISO vs CO LIMP' (same coach, newer video wins).",no
BTN VS LIMP,BTN,vs_limp,any,limper,A3s,iso-raise,100,,0,,0,0,Live Poker PREFLOP BIBLE,2024-04-30,7:18,"SUPERSEDED by 2026 'BTN ISO vs CO LIMP' (same coach, newer video wins).",no
BTN VS LIMP,BTN,vs_limp,any,limper,A2s,iso-raise,100,,0,,0,0,Live Poker PREFLOP BIBLE,2024-04-30,7:18,"SUPERSEDED by 2026 'BTN ISO vs CO LIMP' (same coach, newer video wins).",no
BTN VS LIMP,BTN,vs_limp,any,limper,AKo,iso-raise,100,,0,,0,0,Live Poker PREFLOP BIBLE,2024-04-30,7:18,"SUPERSEDED by 2026 'BTN ISO vs CO LIMP' (same coach, newer video wins).",no
BTN VS LIMP,BTN,vs_limp,any,limper,KK,iso-raise,100,,0,,0,0,Live Poker PREFLOP BIBLE,2024-04-30,7:18,"SUPERSEDED by 2026 'BTN ISO vs CO LIMP' (same coach, newer video wins).",no
BTN VS LIMP,BTN,vs_limp,any,limper,KQs,iso-raise,100,,0,,0,0,Live Poker PREFLOP BIBLE,2024-04-30,7:18,"SUPERSEDED by 2026 'BTN ISO vs CO LIMP' (same coach, newer video wins).",no
BTN VS LIMP,BTN,vs_limp,any,limper,KJs,iso-raise,100,,0,,0,0,Live Poker PREFLOP BIBLE,2024-04-30,7:18,"SUPERSEDED by 2026 'BTN ISO vs CO LIMP' (same coach, newer video wins).",no
BTN VS LIMP,BTN,vs_limp,any,limper,KTs,iso-raise,100,,0,,0,0,Live Poker PREFLOP BIBLE,2024-04-30,7:18,"SUPERSEDED by 2026 'BTN ISO vs CO LIMP' (same coach, newer video wins).",no
BTN VS LIMP,BTN,vs_limp,any,limper,K9s,iso-raise,100,,0,,0,0,Live Poker PREFLOP BIBLE,2024-04-30,7:18,"SUPERSEDED by 2026 'BTN ISO vs CO LIMP' (same coach, newer video wins).",no
BTN VS LIMP,BTN,vs_limp,any,limper,K8s,iso-raise,50,,0,,0,50,Live Poker PREFLOP BIBLE,2024-04-30,7:18,"SUPERSEDED by 2026 'BTN ISO vs CO LIMP' (same coach, newer video wins). SITUATIONAL (Mark 2024): a 'partial' - don't randomize; lean to the aggressive action with a bigger skill edge, deeper stacks, or a weaker/more predictable opponent.",yes
BTN VS LIMP,BTN,vs_limp,any,limper,K7s,iso-raise,50,,0,,0,50,Live Poker PREFLOP BIBLE,2024-04-30,7:18,"SUPERSEDED by 2026 'BTN ISO vs CO LIMP' (same coach, newer video wins). SITUATIONAL (Mark 2024): a 'partial' - don't randomize; lean to the aggressive action with a bigger skill edge, deeper stacks, or a weaker/more predictable opponent.",yes
BTN VS LIMP,BTN,vs_limp,any,limper,K6s,iso-raise,50,,0,,0,50,Live Poker PREFLOP BIBLE,2024-04-30,7:18,"SUPERSEDED by 2026 'BTN ISO vs CO LIMP' (same coach, newer video wins). SITUATIONAL (Mark 2024): a 'partial' - don't randomize; lean to the aggressive action with a bigger skill edge, deeper stacks, or a weaker/more predictable opponent.",yes
BTN VS LIMP,BTN,vs_limp,any,limper,K5s,iso-raise,50,,0,,0,50,Live Poker PREFLOP BIBLE,2024-04-30,7:18,"SUPERSEDED by 2026 'BTN ISO vs CO LIMP' (same coach, newer video wins). SITUATIONAL (Mark 2024): a 'partial' - don't randomize; lean to the aggressive action with a bigger skill edge, deeper stacks, or a weaker/more predictable opponent.",yes
BTN VS LIMP,BTN,vs_limp,any,limper,K4s,iso-raise,50,,0,,0,50,Live Poker PREFLOP BIBLE,2024-04-30,7:18,"SUPERSEDED by 2026 'BTN ISO vs CO LIMP' (same coach, newer video wins). SITUATIONAL (Mark 2024): a 'partial' - don't randomize; lean to the aggressive action with a bigger skill edge, deeper stacks, or a weaker/more predictable opponent.",yes
BTN VS LIMP,BTN,vs_limp,any,limper,K3s,iso-raise,50,,0,,0,50,Live Poker PREFLOP BIBLE,2024-04-30,7:18,"SUPERSEDED by 2026 'BTN ISO vs CO LIMP' (same coach, newer video wins). SITUATIONAL (Mark 2024): a 'partial' - don't randomize; lean to the aggressive action with a bigger skill edge, deeper stacks, or a weaker/more predictable opponent.",yes
BTN VS LIMP,BTN,vs_limp,any,limper,K2s,iso-raise,50,,0,,0,50,Live Poker PREFLOP BIBLE,2024-04-30,7:18,"SUPERSEDED by 2026 'BTN ISO vs CO LIMP' (same coach, newer video wins). SITUATIONAL (Mark 2024): a 'partial' - don't randomize; lean to the aggressive action with a bigger skill edge, deeper stacks, or a weaker/more predictable opponent.",yes
BTN VS LIMP,BTN,vs_limp,any,limper,AQo,iso-raise,100,,0,,0,0,Live Poker PREFLOP BIBLE,2024-04-30,7:18,"SUPERSEDED by 2026 'BTN ISO vs CO LIMP' (same coach, newer video wins).",no
BTN VS LIMP,BTN,vs_limp,any,limper,KQo,iso-raise,100,,0,,0,0,Live Poker PREFLOP BIBLE,2024-04-30,7:18,"SUPERSEDED by 2026 'BTN ISO vs CO LIMP' (same coach, newer video wins).",no
BTN VS LIMP,BTN,vs_limp,any,limper,QQ,iso-raise,100,,0,,0,0,Live Poker PREFLOP BIBLE,2024-04-30,7:18,"SUPERSEDED by 2026 'BTN ISO vs CO LIMP' (same coach, newer video wins).",no
BTN VS LIMP,BTN,vs_limp,any,limper,QJs,iso-raise,100,,0,,0,0,Live Poker PREFLOP BIBLE,2024-04-30,7:18,"SUPERSEDED by 2026 'BTN ISO vs CO LIMP' (same coach, newer video wins).",no
BTN VS LIMP,BTN,vs_limp,any,limper,QTs,iso-raise,100,,0,,0,0,Live Poker PREFLOP BIBLE,2024-04-30,7:18,"SUPERSEDED by 2026 'BTN ISO vs CO LIMP' (same coach, newer video wins).",no
BTN VS LIMP,BTN,vs_limp,any,limper,Q9s,iso-raise,100,,0,,0,0,Live Poker PREFLOP BIBLE,2024-04-30,7:18,"SUPERSEDED by 2026 'BTN ISO vs CO LIMP' (same coach, newer video wins).",no
BTN VS LIMP,BTN,vs_limp,any,limper,Q8s,iso-raise,50,,0,,0,50,Live Poker PREFLOP BIBLE,2024-04-30,7:18,"SUPERSEDED by 2026 'BTN ISO vs CO LIMP' (same coach, newer video wins). SITUATIONAL (Mark 2024): a 'partial' - don't randomize; lean to the aggressive action with a bigger skill edge, deeper stacks, or a weaker/more predictable opponent.",yes
BTN VS LIMP,BTN,vs_limp,any,limper,Q7s,iso-raise,0,,0,,0,100,Live Poker PREFLOP BIBLE,2024-04-30,7:18,"SUPERSEDED by 2026 'BTN ISO vs CO LIMP' (same coach, newer video wins).",no
BTN VS LIMP,BTN,vs_limp,any,limper,Q6s,iso-raise,0,,0,,0,100,Live Poker PREFLOP BIBLE,2024-04-30,7:18,"SUPERSEDED by 2026 'BTN ISO vs CO LIMP' (same coach, newer video wins).",no
BTN VS LIMP,BTN,vs_limp,any,limper,Q5s,iso-raise,0,,0,,0,100,Live Poker PREFLOP BIBLE,2024-04-30,7:18,"SUPERSEDED by 2026 'BTN ISO vs CO LIMP' (same coach, newer video wins).",no
BTN VS LIMP,BTN,vs_limp,any,limper,Q4s,iso-raise,0,,0,,0,100,Live Poker PREFLOP BIBLE,2024-04-30,7:18,"SUPERSEDED by 2026 'BTN ISO vs CO LIMP' (same coach, newer video wins).",no
BTN VS LIMP,BTN,vs_limp,any,limper,Q3s,iso-raise,0,,0,,0,100,Live Poker PREFLOP BIBLE,2024-04-30,7:18,"SUPERSEDED by 2026 'BTN ISO vs CO LIMP' (same coach, newer video wins).",no
BTN VS LIMP,BTN,vs_limp,any,limper,Q2s,iso-raise,0,,0,,0,100,Live Poker PREFLOP BIBLE,2024-04-30,7:18,"SUPERSEDED by 2026 'BTN ISO vs CO LIMP' (same coach, newer video wins).",no
BTN VS LIMP,BTN,vs_limp,any,limper,AJo,iso-raise,100,,0,,0,0,Live Poker PREFLOP BIBLE,2024-04-30,7:18,"SUPERSEDED by 2026 'BTN ISO vs CO LIMP' (same coach, newer video wins).",no
BTN VS LIMP,BTN,vs_limp,any,limper,KJo,iso-raise,0,,0,,0,100,Live Poker PREFLOP BIBLE,2024-04-30,7:18,"SUPERSEDED by 2026 'BTN ISO vs CO LIMP' (same coach, newer video wins).",no
BTN VS LIMP,BTN,vs_limp,any,limper,QJo,iso-raise,0,,0,,0,100,Live Poker PREFLOP BIBLE,2024-04-30,7:18,"SUPERSEDED by 2026 'BTN ISO vs CO LIMP' (same coach, newer video wins).",no
BTN VS LIMP,BTN,vs_limp,any,limper,JJ,iso-raise,100,,0,,0,0,Live Poker PREFLOP BIBLE,2024-04-30,7:18,"SUPERSEDED by 2026 'BTN ISO vs CO LIMP' (same coach, newer video wins).",no
BTN VS LIMP,BTN,vs_limp,any,limper,JTs,iso-raise,100,,0,,0,0,Live Poker PREFLOP BIBLE,2024-04-30,7:18,"SUPERSEDED by 2026 'BTN ISO vs CO LIMP' (same coach, newer video wins).",no
BTN VS LIMP,BTN,vs_limp,any,limper,J9s,iso-raise,100,,0,,0,0,Live Poker PREFLOP BIBLE,2024-04-30,7:18,"SUPERSEDED by 2026 'BTN ISO vs CO LIMP' (same coach, newer video wins).",no
BTN VS LIMP,BTN,vs_limp,any,limper,J8s,iso-raise,50,,0,,0,50,Live Poker PREFLOP BIBLE,2024-04-30,7:18,"SUPERSEDED by 2026 'BTN ISO vs CO LIMP' (same coach, newer video wins). SITUATIONAL (Mark 2024): a 'partial' - don't randomize; lean to the aggressive action with a bigger skill edge, deeper stacks, or a weaker/more predictable opponent.",yes
BTN VS LIMP,BTN,vs_limp,any,limper,J7s,iso-raise,0,,0,,0,100,Live Poker PREFLOP BIBLE,2024-04-30,7:18,"SUPERSEDED by 2026 'BTN ISO vs CO LIMP' (same coach, newer video wins).",no
BTN VS LIMP,BTN,vs_limp,any,limper,J6s,iso-raise,0,,0,,0,100,Live Poker PREFLOP BIBLE,2024-04-30,7:18,"SUPERSEDED by 2026 'BTN ISO vs CO LIMP' (same coach, newer video wins).",no
BTN VS LIMP,BTN,vs_limp,any,limper,J5s,iso-raise,0,,0,,0,100,Live Poker PREFLOP BIBLE,2024-04-30,7:18,"SUPERSEDED by 2026 'BTN ISO vs CO LIMP' (same coach, newer video wins).",no
BTN VS LIMP,BTN,vs_limp,any,limper,J4s,iso-raise,0,,0,,0,100,Live Poker PREFLOP BIBLE,2024-04-30,7:18,"SUPERSEDED by 2026 'BTN ISO vs CO LIMP' (same coach, newer video wins).",no
BTN VS LIMP,BTN,vs_limp,any,limper,J3s,iso-raise,0,,0,,0,100,Live Poker PREFLOP BIBLE,2024-04-30,7:18,"SUPERSEDED by 2026 'BTN ISO vs CO LIMP' (same coach, newer video wins).",no
BTN VS LIMP,BTN,vs_limp,any,limper,J2s,iso-raise,0,,0,,0,100,Live Poker PREFLOP BIBLE,2024-04-30,7:18,"SUPERSEDED by 2026 'BTN ISO vs CO LIMP' (same coach, newer video wins).",no
BTN VS LIMP,BTN,vs_limp,any,limper,ATo,iso-raise,50,,0,,0,50,Live Poker PREFLOP BIBLE,2024-04-30,7:18,"SUPERSEDED by 2026 'BTN ISO vs CO LIMP' (same coach, newer video wins). SITUATIONAL (Mark 2024): a 'partial' - don't randomize; lean to the aggressive action with a bigger skill edge, deeper stacks, or a weaker/more predictable opponent.",yes
BTN VS LIMP,BTN,vs_limp,any,limper,KTo,iso-raise,0,,0,,0,100,Live Poker PREFLOP BIBLE,2024-04-30,7:18,"SUPERSEDED by 2026 'BTN ISO vs CO LIMP' (same coach, newer video wins).",no
BTN VS LIMP,BTN,vs_limp,any,limper,QTo,iso-raise,0,,0,,0,100,Live Poker PREFLOP BIBLE,2024-04-30,7:18,"SUPERSEDED by 2026 'BTN ISO vs CO LIMP' (same coach, newer video wins).",no
BTN VS LIMP,BTN,vs_limp,any,limper,JTo,iso-raise,0,,0,,0,100,Live Poker PREFLOP BIBLE,2024-04-30,7:18,"SUPERSEDED by 2026 'BTN ISO vs CO LIMP' (same coach, newer video wins).",no
BTN VS LIMP,BTN,vs_limp,any,limper,TT,iso-raise,100,,0,,0,0,Live Poker PREFLOP BIBLE,2024-04-30,7:18,"SUPERSEDED by 2026 'BTN ISO vs CO LIMP' (same coach, newer video wins).",no
BTN VS LIMP,BTN,vs_limp,any,limper,T9s,iso-raise,100,,0,,0,0,Live Poker PREFLOP BIBLE,2024-04-30,7:18,"SUPERSEDED by 2026 'BTN ISO vs CO LIMP' (same coach, newer video wins).",no
BTN VS LIMP,BTN,vs_limp,any,limper,T8s,iso-raise,50,,0,,0,50,Live Poker PREFLOP BIBLE,2024-04-30,7:18,"SUPERSEDED by 2026 'BTN ISO vs CO LIMP' (same coach, newer video wins). SITUATIONAL (Mark 2024): a 'partial' - don't randomize; lean to the aggressive action with a bigger skill edge, deeper stacks, or a weaker/more predictable opponent.",yes
BTN VS LIMP,BTN,vs_limp,any,limper,T7s,iso-raise,0,,0,,0,100,Live Poker PREFLOP BIBLE,2024-04-30,7:18,"SUPERSEDED by 2026 'BTN ISO vs CO LIMP' (same coach, newer video wins).",no
BTN VS LIMP,BTN,vs_limp,any,limper,T6s,iso-raise,0,,0,,0,100,Live Poker PREFLOP BIBLE,2024-04-30,7:18,"SUPERSEDED by 2026 'BTN ISO vs CO LIMP' (same coach, newer video wins).",no
BTN VS LIMP,BTN,vs_limp,any,limper,T5s,iso-raise,0,,0,,0,100,Live Poker PREFLOP BIBLE,2024-04-30,7:18,"SUPERSEDED by 2026 'BTN ISO vs CO LIMP' (same coach, newer video wins).",no
BTN VS LIMP,BTN,vs_limp,any,limper,T4s,iso-raise,0,,0,,0,100,Live Poker PREFLOP BIBLE,2024-04-30,7:18,"SUPERSEDED by 2026 'BTN ISO vs CO LIMP' (same coach, newer video wins).",no
BTN VS LIMP,BTN,vs_limp,any,limper,T3s,iso-raise,0,,0,,0,100,Live Poker PREFLOP BIBLE,2024-04-30,7:18,"SUPERSEDED by 2026 'BTN ISO vs CO LIMP' (same coach, newer video wins).",no
BTN VS LIMP,BTN,vs_limp,any,limper,T2s,iso-raise,0,,0,,0,100,Live Poker PREFLOP BIBLE,2024-04-30,7:18,"SUPERSEDED by 2026 'BTN ISO vs CO LIMP' (same coach, newer video wins).",no
BTN VS LIMP,BTN,vs_limp,any,limper,A9o,iso-raise,0,,0,,0,100,Live Poker PREFLOP BIBLE,2024-04-30,7:18,"SUPERSEDED by 2026 'BTN ISO vs CO LIMP' (same coach, newer video wins).",no
BTN VS LIMP,BTN,vs_limp,any,limper,K9o,iso-raise,0,,0,,0,100,Live Poker PREFLOP BIBLE,2024-04-30,7:18,"SUPERSEDED by 2026 'BTN ISO vs CO LIMP' (same coach, newer video wins).",no
BTN VS LIMP,BTN,vs_limp,any,limper,Q9o,iso-raise,0,,0,,0,100,Live Poker PREFLOP BIBLE,2024-04-30,7:18,"SUPERSEDED by 2026 'BTN ISO vs CO LIMP' (same coach, newer video wins).",no
BTN VS LIMP,BTN,vs_limp,any,limper,J9o,iso-raise,0,,0,,0,100,Live Poker PREFLOP BIBLE,2024-04-30,7:18,"SUPERSEDED by 2026 'BTN ISO vs CO LIMP' (same coach, newer video wins).",no
BTN VS LIMP,BTN,vs_limp,any,limper,T9o,iso-raise,0,,0,,0,100,Live Poker PREFLOP BIBLE,2024-04-30,7:18,"SUPERSEDED by 2026 'BTN ISO vs CO LIMP' (same coach, newer video wins).",no
BTN VS LIMP,BTN,vs_limp,any,limper,99,iso-raise,100,,0,,0,0,Live Poker PREFLOP BIBLE,2024-04-30,7:18,"SUPERSEDED by 2026 'BTN ISO vs CO LIMP' (same coach, newer video wins).",no
BTN VS LIMP,BTN,vs_limp,any,limper,98s,iso-raise,50,,0,,0,50,Live Poker PREFLOP BIBLE,2024-04-30,7:18,"SUPERSEDED by 2026 'BTN ISO vs CO LIMP' (same coach, newer video wins). SITUATIONAL (Mark 2024): a 'partial' - don't randomize; lean to the aggressive action with a bigger skill edge, deeper stacks, or a weaker/more predictable opponent.",yes
BTN VS LIMP,BTN,vs_limp,any,limper,97s,iso-raise,50,,0,,0,50,Live Poker PREFLOP BIBLE,2024-04-30,7:18,"SUPERSEDED by 2026 'BTN ISO vs CO LIMP' (same coach, newer video wins). SITUATIONAL (Mark 2024): a 'partial' - don't randomize; lean to the aggressive action with a bigger skill edge, deeper stacks, or a weaker/more predictable opponent.",yes
BTN VS LIMP,BTN,vs_limp,any,limper,96s,iso-raise,0,,0,,0,100,Live Poker PREFLOP BIBLE,2024-04-30,7:18,"SUPERSEDED by 2026 'BTN ISO vs CO LIMP' (same coach, newer video wins).",no
BTN VS LIMP,BTN,vs_limp,any,limper,95s,iso-raise,0,,0,,0,100,Live Poker PREFLOP BIBLE,2024-04-30,7:18,"SUPERSEDED by 2026 'BTN ISO vs CO LIMP' (same coach, newer video wins).",no
BTN VS LIMP,BTN,vs_limp,any,limper,94s,iso-raise,0,,0,,0,100,Live Poker PREFLOP BIBLE,2024-04-30,7:18,"SUPERSEDED by 2026 'BTN ISO vs CO LIMP' (same coach, newer video wins).",no
BTN VS LIMP,BTN,vs_limp,any,limper,93s,iso-raise,0,,0,,0,100,Live Poker PREFLOP BIBLE,2024-04-30,7:18,"SUPERSEDED by 2026 'BTN ISO vs CO LIMP' (same coach, newer video wins).",no
BTN VS LIMP,BTN,vs_limp,any,limper,92s,iso-raise,0,,0,,0,100,Live Poker PREFLOP BIBLE,2024-04-30,7:18,"SUPERSEDED by 2026 'BTN ISO vs CO LIMP' (same coach, newer video wins).",no
BTN VS LIMP,BTN,vs_limp,any,limper,A8o,iso-raise,0,,0,,0,100,Live Poker PREFLOP BIBLE,2024-04-30,7:18,"SUPERSEDED by 2026 'BTN ISO vs CO LIMP' (same coach, newer video wins).",no
BTN VS LIMP,BTN,vs_limp,any,limper,K8o,iso-raise,0,,0,,0,100,Live Poker PREFLOP BIBLE,2024-04-30,7:18,"SUPERSEDED by 2026 'BTN ISO vs CO LIMP' (same coach, newer video wins).",no
BTN VS LIMP,BTN,vs_limp,any,limper,Q8o,iso-raise,0,,0,,0,100,Live Poker PREFLOP BIBLE,2024-04-30,7:18,"SUPERSEDED by 2026 'BTN ISO vs CO LIMP' (same coach, newer video wins).",no
BTN VS LIMP,BTN,vs_limp,any,limper,J8o,iso-raise,0,,0,,0,100,Live Poker PREFLOP BIBLE,2024-04-30,7:18,"SUPERSEDED by 2026 'BTN ISO vs CO LIMP' (same coach, newer video wins).",no
BTN VS LIMP,BTN,vs_limp,any,limper,T8o,iso-raise,0,,0,,0,100,Live Poker PREFLOP BIBLE,2024-04-30,7:18,"SUPERSEDED by 2026 'BTN ISO vs CO LIMP' (same coach, newer video wins).",no
BTN VS LIMP,BTN,vs_limp,any,limper,98o,iso-raise,0,,0,,0,100,Live Poker PREFLOP BIBLE,2024-04-30,7:18,"SUPERSEDED by 2026 'BTN ISO vs CO LIMP' (same coach, newer video wins).",no
BTN VS LIMP,BTN,vs_limp,any,limper,88,iso-raise,100,,0,,0,0,Live Poker PREFLOP BIBLE,2024-04-30,7:18,"SUPERSEDED by 2026 'BTN ISO vs CO LIMP' (same coach, newer video wins).",no
BTN VS LIMP,BTN,vs_limp,any,limper,87s,iso-raise,50,,0,,0,50,Live Poker PREFLOP BIBLE,2024-04-30,7:18,"SUPERSEDED by 2026 'BTN ISO vs CO LIMP' (same coach, newer video wins). SITUATIONAL (Mark 2024): a 'partial' - don't randomize; lean to the aggressive action with a bigger skill edge, deeper stacks, or a weaker/more predictable opponent.",yes
BTN VS LIMP,BTN,vs_limp,any,limper,86s,iso-raise,50,,0,,0,50,Live Poker PREFLOP BIBLE,2024-04-30,7:18,"SUPERSEDED by 2026 'BTN ISO vs CO LIMP' (same coach, newer video wins). SITUATIONAL (Mark 2024): a 'partial' - don't randomize; lean to the aggressive action with a bigger skill edge, deeper stacks, or a weaker/more predictable opponent.",yes
BTN VS LIMP,BTN,vs_limp,any,limper,85s,iso-raise,0,,0,,0,100,Live Poker PREFLOP BIBLE,2024-04-30,7:18,"SUPERSEDED by 2026 'BTN ISO vs CO LIMP' (same coach, newer video wins).",no
BTN VS LIMP,BTN,vs_limp,any,limper,84s,iso-raise,0,,0,,0,100,Live Poker PREFLOP BIBLE,2024-04-30,7:18,"SUPERSEDED by 2026 'BTN ISO vs CO LIMP' (same coach, newer video wins).",no
BTN VS LIMP,BTN,vs_limp,any,limper,83s,iso-raise,0,,0,,0,100,Live Poker PREFLOP BIBLE,2024-04-30,7:18,"SUPERSEDED by 2026 'BTN ISO vs CO LIMP' (same coach, newer video wins).",no
BTN VS LIMP,BTN,vs_limp,any,limper,82s,iso-raise,0,,0,,0,100,Live Poker PREFLOP BIBLE,2024-04-30,7:18,"SUPERSEDED by 2026 'BTN ISO vs CO LIMP' (same coach, newer video wins).",no
BTN VS LIMP,BTN,vs_limp,any,limper,A7o,iso-raise,0,,0,,0,100,Live Poker PREFLOP BIBLE,2024-04-30,7:18,"SUPERSEDED by 2026 'BTN ISO vs CO LIMP' (same coach, newer video wins).",no
BTN VS LIMP,BTN,vs_limp,any,limper,K7o,iso-raise,0,,0,,0,100,Live Poker PREFLOP BIBLE,2024-04-30,7:18,"SUPERSEDED by 2026 'BTN ISO vs CO LIMP' (same coach, newer video wins).",no
BTN VS LIMP,BTN,vs_limp,any,limper,Q7o,iso-raise,0,,0,,0,100,Live Poker PREFLOP BIBLE,2024-04-30,7:18,"SUPERSEDED by 2026 'BTN ISO vs CO LIMP' (same coach, newer video wins).",no
BTN VS LIMP,BTN,vs_limp,any,limper,J7o,iso-raise,0,,0,,0,100,Live Poker PREFLOP BIBLE,2024-04-30,7:18,"SUPERSEDED by 2026 'BTN ISO vs CO LIMP' (same coach, newer video wins).",no
BTN VS LIMP,BTN,vs_limp,any,limper,T7o,iso-raise,0,,0,,0,100,Live Poker PREFLOP BIBLE,2024-04-30,7:18,"SUPERSEDED by 2026 'BTN ISO vs CO LIMP' (same coach, newer video wins).",no
BTN VS LIMP,BTN,vs_limp,any,limper,97o,iso-raise,0,,0,,0,100,Live Poker PREFLOP BIBLE,2024-04-30,7:18,"SUPERSEDED by 2026 'BTN ISO vs CO LIMP' (same coach, newer video wins).",no
BTN VS LIMP,BTN,vs_limp,any,limper,87o,iso-raise,0,,0,,0,100,Live Poker PREFLOP BIBLE,2024-04-30,7:18,"SUPERSEDED by 2026 'BTN ISO vs CO LIMP' (same coach, newer video wins).",no
BTN VS LIMP,BTN,vs_limp,any,limper,77,iso-raise,100,,0,,0,0,Live Poker PREFLOP BIBLE,2024-04-30,7:18,"SUPERSEDED by 2026 'BTN ISO vs CO LIMP' (same coach, newer video wins).",no
BTN VS LIMP,BTN,vs_limp,any,limper,76s,iso-raise,50,,0,,0,50,Live Poker PREFLOP BIBLE,2024-04-30,7:18,"SUPERSEDED by 2026 'BTN ISO vs CO LIMP' (same coach, newer video wins). SITUATIONAL (Mark 2024): a 'partial' - don't randomize; lean to the aggressive action with a bigger skill edge, deeper stacks, or a weaker/more predictable opponent.",yes
BTN VS LIMP,BTN,vs_limp,any,limper,75s,iso-raise,50,,0,,0,50,Live Poker PREFLOP BIBLE,2024-04-30,7:18,"SUPERSEDED by 2026 'BTN ISO vs CO LIMP' (same coach, newer video wins). SITUATIONAL (Mark 2024): a 'partial' - don't randomize; lean to the aggressive action with a bigger skill edge, deeper stacks, or a weaker/more predictable opponent.",yes
BTN VS LIMP,BTN,vs_limp,any,limper,74s,iso-raise,0,,0,,0,100,Live Poker PREFLOP BIBLE,2024-04-30,7:18,"SUPERSEDED by 2026 'BTN ISO vs CO LIMP' (same coach, newer video wins).",no
BTN VS LIMP,BTN,vs_limp,any,limper,73s,iso-raise,0,,0,,0,100,Live Poker PREFLOP BIBLE,2024-04-30,7:18,"SUPERSEDED by 2026 'BTN ISO vs CO LIMP' (same coach, newer video wins).",no
BTN VS LIMP,BTN,vs_limp,any,limper,72s,iso-raise,0,,0,,0,100,Live Poker PREFLOP BIBLE,2024-04-30,7:18,"SUPERSEDED by 2026 'BTN ISO vs CO LIMP' (same coach, newer video wins).",no
BTN VS LIMP,BTN,vs_limp,any,limper,A6o,iso-raise,0,,0,,0,100,Live Poker PREFLOP BIBLE,2024-04-30,7:18,"SUPERSEDED by 2026 'BTN ISO vs CO LIMP' (same coach, newer video wins).",no
BTN VS LIMP,BTN,vs_limp,any,limper,K6o,iso-raise,0,,0,,0,100,Live Poker PREFLOP BIBLE,2024-04-30,7:18,"SUPERSEDED by 2026 'BTN ISO vs CO LIMP' (same coach, newer video wins).",no
BTN VS LIMP,BTN,vs_limp,any,limper,Q6o,iso-raise,0,,0,,0,100,Live Poker PREFLOP BIBLE,2024-04-30,7:18,"SUPERSEDED by 2026 'BTN ISO vs CO LIMP' (same coach, newer video wins).",no
BTN VS LIMP,BTN,vs_limp,any,limper,J6o,iso-raise,0,,0,,0,100,Live Poker PREFLOP BIBLE,2024-04-30,7:18,"SUPERSEDED by 2026 'BTN ISO vs CO LIMP' (same coach, newer video wins).",no
BTN VS LIMP,BTN,vs_limp,any,limper,T6o,iso-raise,0,,0,,0,100,Live Poker PREFLOP BIBLE,2024-04-30,7:18,"SUPERSEDED by 2026 'BTN ISO vs CO LIMP' (same coach, newer video wins).",no
BTN VS LIMP,BTN,vs_limp,any,limper,96o,iso-raise,0,,0,,0,100,Live Poker PREFLOP BIBLE,2024-04-30,7:18,"SUPERSEDED by 2026 'BTN ISO vs CO LIMP' (same coach, newer video wins).",no
BTN VS LIMP,BTN,vs_limp,any,limper,86o,iso-raise,0,,0,,0,100,Live Poker PREFLOP BIBLE,2024-04-30,7:18,"SUPERSEDED by 2026 'BTN ISO vs CO LIMP' (same coach, newer video wins).",no
BTN VS LIMP,BTN,vs_limp,any,limper,76o,iso-raise,0,,0,,0,100,Live Poker PREFLOP BIBLE,2024-04-30,7:18,"SUPERSEDED by 2026 'BTN ISO vs CO LIMP' (same coach, newer video wins).",no
BTN VS LIMP,BTN,vs_limp,any,limper,66,iso-raise,100,,0,,0,0,Live Poker PREFLOP BIBLE,2024-04-30,7:18,"SUPERSEDED by 2026 'BTN ISO vs CO LIMP' (same coach, newer video wins).",no
BTN VS LIMP,BTN,vs_limp,any,limper,65s,iso-raise,50,,0,,0,50,Live Poker PREFLOP BIBLE,2024-04-30,7:18,"SUPERSEDED by 2026 'BTN ISO vs CO LIMP' (same coach, newer video wins). SITUATIONAL (Mark 2024): a 'partial' - don't randomize; lean to the aggressive action with a bigger skill edge, deeper stacks, or a weaker/more predictable opponent.",yes
BTN VS LIMP,BTN,vs_limp,any,limper,64s,iso-raise,0,,0,,0,100,Live Poker PREFLOP BIBLE,2024-04-30,7:18,"SUPERSEDED by 2026 'BTN ISO vs CO LIMP' (same coach, newer video wins).",no
BTN VS LIMP,BTN,vs_limp,any,limper,63s,iso-raise,0,,0,,0,100,Live Poker PREFLOP BIBLE,2024-04-30,7:18,"SUPERSEDED by 2026 'BTN ISO vs CO LIMP' (same coach, newer video wins).",no
BTN VS LIMP,BTN,vs_limp,any,limper,62s,iso-raise,0,,0,,0,100,Live Poker PREFLOP BIBLE,2024-04-30,7:18,"SUPERSEDED by 2026 'BTN ISO vs CO LIMP' (same coach, newer video wins).",no
BTN VS LIMP,BTN,vs_limp,any,limper,A5o,iso-raise,0,,0,,0,100,Live Poker PREFLOP BIBLE,2024-04-30,7:18,"SUPERSEDED by 2026 'BTN ISO vs CO LIMP' (same coach, newer video wins).",no
BTN VS LIMP,BTN,vs_limp,any,limper,K5o,iso-raise,0,,0,,0,100,Live Poker PREFLOP BIBLE,2024-04-30,7:18,"SUPERSEDED by 2026 'BTN ISO vs CO LIMP' (same coach, newer video wins).",no
BTN VS LIMP,BTN,vs_limp,any,limper,Q5o,iso-raise,0,,0,,0,100,Live Poker PREFLOP BIBLE,2024-04-30,7:18,"SUPERSEDED by 2026 'BTN ISO vs CO LIMP' (same coach, newer video wins).",no
BTN VS LIMP,BTN,vs_limp,any,limper,J5o,iso-raise,0,,0,,0,100,Live Poker PREFLOP BIBLE,2024-04-30,7:18,"SUPERSEDED by 2026 'BTN ISO vs CO LIMP' (same coach, newer video wins).",no
BTN VS LIMP,BTN,vs_limp,any,limper,T5o,iso-raise,0,,0,,0,100,Live Poker PREFLOP BIBLE,2024-04-30,7:18,"SUPERSEDED by 2026 'BTN ISO vs CO LIMP' (same coach, newer video wins).",no
BTN VS LIMP,BTN,vs_limp,any,limper,95o,iso-raise,0,,0,,0,100,Live Poker PREFLOP BIBLE,2024-04-30,7:18,"SUPERSEDED by 2026 'BTN ISO vs CO LIMP' (same coach, newer video wins).",no
BTN VS LIMP,BTN,vs_limp,any,limper,85o,iso-raise,0,,0,,0,100,Live Poker PREFLOP BIBLE,2024-04-30,7:18,"SUPERSEDED by 2026 'BTN ISO vs CO LIMP' (same coach, newer video wins).",no
BTN VS LIMP,BTN,vs_limp,any,limper,75o,iso-raise,0,,0,,0,100,Live Poker PREFLOP BIBLE,2024-04-30,7:18,"SUPERSEDED by 2026 'BTN ISO vs CO LIMP' (same coach, newer video wins).",no
BTN VS LIMP,BTN,vs_limp,any,limper,65o,iso-raise,0,,0,,0,100,Live Poker PREFLOP BIBLE,2024-04-30,7:18,"SUPERSEDED by 2026 'BTN ISO vs CO LIMP' (same coach, newer video wins).",no
BTN VS LIMP,BTN,vs_limp,any,limper,55,iso-raise,50,,0,,0,50,Live Poker PREFLOP BIBLE,2024-04-30,7:18,"SUPERSEDED by 2026 'BTN ISO vs CO LIMP' (same coach, newer video wins). SITUATIONAL (Mark 2024): a 'partial' - don't randomize; lean to the aggressive action with a bigger skill edge, deeper stacks, or a weaker/more predictable opponent.",yes
BTN VS LIMP,BTN,vs_limp,any,limper,54s,iso-raise,50,,0,,0,50,Live Poker PREFLOP BIBLE,2024-04-30,7:18,"SUPERSEDED by 2026 'BTN ISO vs CO LIMP' (same coach, newer video wins). SITUATIONAL (Mark 2024): a 'partial' - don't randomize; lean to the aggressive action with a bigger skill edge, deeper stacks, or a weaker/more predictable opponent.",yes
BTN VS LIMP,BTN,vs_limp,any,limper,53s,iso-raise,0,,0,,0,100,Live Poker PREFLOP BIBLE,2024-04-30,7:18,"SUPERSEDED by 2026 'BTN ISO vs CO LIMP' (same coach, newer video wins).",no
BTN VS LIMP,BTN,vs_limp,any,limper,52s,iso-raise,0,,0,,0,100,Live Poker PREFLOP BIBLE,2024-04-30,7:18,"SUPERSEDED by 2026 'BTN ISO vs CO LIMP' (same coach, newer video wins).",no
BTN VS LIMP,BTN,vs_limp,any,limper,A4o,iso-raise,0,,0,,0,100,Live Poker PREFLOP BIBLE,2024-04-30,7:18,"SUPERSEDED by 2026 'BTN ISO vs CO LIMP' (same coach, newer video wins).",no
BTN VS LIMP,BTN,vs_limp,any,limper,K4o,iso-raise,0,,0,,0,100,Live Poker PREFLOP BIBLE,2024-04-30,7:18,"SUPERSEDED by 2026 'BTN ISO vs CO LIMP' (same coach, newer video wins).",no
BTN VS LIMP,BTN,vs_limp,any,limper,Q4o,iso-raise,0,,0,,0,100,Live Poker PREFLOP BIBLE,2024-04-30,7:18,"SUPERSEDED by 2026 'BTN ISO vs CO LIMP' (same coach, newer video wins).",no
BTN VS LIMP,BTN,vs_limp,any,limper,J4o,iso-raise,0,,0,,0,100,Live Poker PREFLOP BIBLE,2024-04-30,7:18,"SUPERSEDED by 2026 'BTN ISO vs CO LIMP' (same coach, newer video wins).",no
BTN VS LIMP,BTN,vs_limp,any,limper,T4o,iso-raise,0,,0,,0,100,Live Poker PREFLOP BIBLE,2024-04-30,7:18,"SUPERSEDED by 2026 'BTN ISO vs CO LIMP' (same coach, newer video wins).",no
BTN VS LIMP,BTN,vs_limp,any,limper,94o,iso-raise,0,,0,,0,100,Live Poker PREFLOP BIBLE,2024-04-30,7:18,"SUPERSEDED by 2026 'BTN ISO vs CO LIMP' (same coach, newer video wins).",no
BTN VS LIMP,BTN,vs_limp,any,limper,84o,iso-raise,0,,0,,0,100,Live Poker PREFLOP BIBLE,2024-04-30,7:18,"SUPERSEDED by 2026 'BTN ISO vs CO LIMP' (same coach, newer video wins).",no
BTN VS LIMP,BTN,vs_limp,any,limper,74o,iso-raise,0,,0,,0,100,Live Poker PREFLOP BIBLE,2024-04-30,7:18,"SUPERSEDED by 2026 'BTN ISO vs CO LIMP' (same coach, newer video wins).",no
BTN VS LIMP,BTN,vs_limp,any,limper,64o,iso-raise,0,,0,,0,100,Live Poker PREFLOP BIBLE,2024-04-30,7:18,"SUPERSEDED by 2026 'BTN ISO vs CO LIMP' (same coach, newer video wins).",no
BTN VS LIMP,BTN,vs_limp,any,limper,54o,iso-raise,0,,0,,0,100,Live Poker PREFLOP BIBLE,2024-04-30,7:18,"SUPERSEDED by 2026 'BTN ISO vs CO LIMP' (same coach, newer video wins).",no
BTN VS LIMP,BTN,vs_limp,any,limper,44,iso-raise,50,,0,,0,50,Live Poker PREFLOP BIBLE,2024-04-30,7:18,"SUPERSEDED by 2026 'BTN ISO vs CO LIMP' (same coach, newer video wins). SITUATIONAL (Mark 2024): a 'partial' - don't randomize; lean to the aggressive action with a bigger skill edge, deeper stacks, or a weaker/more predictable opponent.",yes
BTN VS LIMP,BTN,vs_limp,any,limper,43s,iso-raise,0,,0,,0,100,Live Poker PREFLOP BIBLE,2024-04-30,7:18,"SUPERSEDED by 2026 'BTN ISO vs CO LIMP' (same coach, newer video wins).",no
BTN VS LIMP,BTN,vs_limp,any,limper,42s,iso-raise,0,,0,,0,100,Live Poker PREFLOP BIBLE,2024-04-30,7:18,"SUPERSEDED by 2026 'BTN ISO vs CO LIMP' (same coach, newer video wins).",no
BTN VS LIMP,BTN,vs_limp,any,limper,A3o,iso-raise,0,,0,,0,100,Live Poker PREFLOP BIBLE,2024-04-30,7:18,"SUPERSEDED by 2026 'BTN ISO vs CO LIMP' (same coach, newer video wins).",no
BTN VS LIMP,BTN,vs_limp,any,limper,K3o,iso-raise,0,,0,,0,100,Live Poker PREFLOP BIBLE,2024-04-30,7:18,"SUPERSEDED by 2026 'BTN ISO vs CO LIMP' (same coach, newer video wins).",no
BTN VS LIMP,BTN,vs_limp,any,limper,Q3o,iso-raise,0,,0,,0,100,Live Poker PREFLOP BIBLE,2024-04-30,7:18,"SUPERSEDED by 2026 'BTN ISO vs CO LIMP' (same coach, newer video wins).",no
BTN VS LIMP,BTN,vs_limp,any,limper,J3o,iso-raise,0,,0,,0,100,Live Poker PREFLOP BIBLE,2024-04-30,7:18,"SUPERSEDED by 2026 'BTN ISO vs CO LIMP' (same coach, newer video wins).",no
BTN VS LIMP,BTN,vs_limp,any,limper,T3o,iso-raise,0,,0,,0,100,Live Poker PREFLOP BIBLE,2024-04-30,7:18,"SUPERSEDED by 2026 'BTN ISO vs CO LIMP' (same coach, newer video wins).",no
BTN VS LIMP,BTN,vs_limp,any,limper,93o,iso-raise,0,,0,,0,100,Live Poker PREFLOP BIBLE,2024-04-30,7:18,"SUPERSEDED by 2026 'BTN ISO vs CO LIMP' (same coach, newer video wins).",no
BTN VS LIMP,BTN,vs_limp,any,limper,83o,iso-raise,0,,0,,0,100,Live Poker PREFLOP BIBLE,2024-04-30,7:18,"SUPERSEDED by 2026 'BTN ISO vs CO LIMP' (same coach, newer video wins).",no
BTN VS LIMP,BTN,vs_limp,any,limper,73o,iso-raise,0,,0,,0,100,Live Poker PREFLOP BIBLE,2024-04-30,7:18,"SUPERSEDED by 2026 'BTN ISO vs CO LIMP' (same coach, newer video wins).",no
BTN VS LIMP,BTN,vs_limp,any,limper,63o,iso-raise,0,,0,,0,100,Live Poker PREFLOP BIBLE,2024-04-30,7:18,"SUPERSEDED by 2026 'BTN ISO vs CO LIMP' (same coach, newer video wins).",no
BTN VS LIMP,BTN,vs_limp,any,limper,53o,iso-raise,0,,0,,0,100,Live Poker PREFLOP BIBLE,2024-04-30,7:18,"SUPERSEDED by 2026 'BTN ISO vs CO LIMP' (same coach, newer video wins).",no
BTN VS LIMP,BTN,vs_limp,any,limper,43o,iso-raise,0,,0,,0,100,Live Poker PREFLOP BIBLE,2024-04-30,7:18,"SUPERSEDED by 2026 'BTN ISO vs CO LIMP' (same coach, newer video wins).",no
BTN VS LIMP,BTN,vs_limp,any,limper,33,iso-raise,50,,0,,0,50,Live Poker PREFLOP BIBLE,2024-04-30,7:18,"SUPERSEDED by 2026 'BTN ISO vs CO LIMP' (same coach, newer video wins). SITUATIONAL (Mark 2024): a 'partial' - don't randomize; lean to the aggressive action with a bigger skill edge, deeper stacks, or a weaker/more predictable opponent.",yes
BTN VS LIMP,BTN,vs_limp,any,limper,32s,iso-raise,0,,0,,0,100,Live Poker PREFLOP BIBLE,2024-04-30,7:18,"SUPERSEDED by 2026 'BTN ISO vs CO LIMP' (same coach, newer video wins).",no
BTN VS LIMP,BTN,vs_limp,any,limper,A2o,iso-raise,0,,0,,0,100,Live Poker PREFLOP BIBLE,2024-04-30,7:18,"SUPERSEDED by 2026 'BTN ISO vs CO LIMP' (same coach, newer video wins).",no
BTN VS LIMP,BTN,vs_limp,any,limper,K2o,iso-raise,0,,0,,0,100,Live Poker PREFLOP BIBLE,2024-04-30,7:18,"SUPERSEDED by 2026 'BTN ISO vs CO LIMP' (same coach, newer video wins).",no
BTN VS LIMP,BTN,vs_limp,any,limper,Q2o,iso-raise,0,,0,,0,100,Live Poker PREFLOP BIBLE,2024-04-30,7:18,"SUPERSEDED by 2026 'BTN ISO vs CO LIMP' (same coach, newer video wins).",no
BTN VS LIMP,BTN,vs_limp,any,limper,J2o,iso-raise,0,,0,,0,100,Live Poker PREFLOP BIBLE,2024-04-30,7:18,"SUPERSEDED by 2026 'BTN ISO vs CO LIMP' (same coach, newer video wins).",no
BTN VS LIMP,BTN,vs_limp,any,limper,T2o,iso-raise,0,,0,,0,100,Live Poker PREFLOP BIBLE,2024-04-30,7:18,"SUPERSEDED by 2026 'BTN ISO vs CO LIMP' (same coach, newer video wins).",no
BTN VS LIMP,BTN,vs_limp,any,limper,92o,iso-raise,0,,0,,0,100,Live Poker PREFLOP BIBLE,2024-04-30,7:18,"SUPERSEDED by 2026 'BTN ISO vs CO LIMP' (same coach, newer video wins).",no
BTN VS LIMP,BTN,vs_limp,any,limper,82o,iso-raise,0,,0,,0,100,Live Poker PREFLOP BIBLE,2024-04-30,7:18,"SUPERSEDED by 2026 'BTN ISO vs CO LIMP' (same coach, newer video wins).",no
BTN VS LIMP,BTN,vs_limp,any,limper,72o,iso-raise,0,,0,,0,100,Live Poker PREFLOP BIBLE,2024-04-30,7:18,"SUPERSEDED by 2026 'BTN ISO vs CO LIMP' (same coach, newer video wins).",no
BTN VS LIMP,BTN,vs_limp,any,limper,62o,iso-raise,0,,0,,0,100,Live Poker PREFLOP BIBLE,2024-04-30,7:18,"SUPERSEDED by 2026 'BTN ISO vs CO LIMP' (same coach, newer video wins).",no
BTN VS LIMP,BTN,vs_limp,any,limper,52o,iso-raise,0,,0,,0,100,Live Poker PREFLOP BIBLE,2024-04-30,7:18,"SUPERSEDED by 2026 'BTN ISO vs CO LIMP' (same coach, newer video wins).",no
BTN VS LIMP,BTN,vs_limp,any,limper,42o,iso-raise,0,,0,,0,100,Live Poker PREFLOP BIBLE,2024-04-30,7:18,"SUPERSEDED by 2026 'BTN ISO vs CO LIMP' (same coach, newer video wins).",no
BTN VS LIMP,BTN,vs_limp,any,limper,32o,iso-raise,0,,0,,0,100,Live Poker PREFLOP BIBLE,2024-04-30,7:18,"SUPERSEDED by 2026 'BTN ISO vs CO LIMP' (same coach, newer video wins).",no
BTN VS LIMP,BTN,vs_limp,any,limper,22,iso-raise,50,,0,,0,50,Live Poker PREFLOP BIBLE,2024-04-30,7:18,"SUPERSEDED by 2026 'BTN ISO vs CO LIMP' (same coach, newer video wins). SITUATIONAL (Mark 2024): a 'partial' - don't randomize; lean to the aggressive action with a bigger skill edge, deeper stacks, or a weaker/more predictable opponent.",yes
HJ VS OPEN,HJ,vs_open,EP,rec opener,AA,3bet,100,,0,,0,0,Live Poker PREFLOP BIBLE,2024-04-30,7:45,"SUPERSEDED by 2026 'HJ vs EP OPEN (ABC PLAYER)' (same coach, newer video wins).",no
HJ VS OPEN,HJ,vs_open,EP,rec opener,AKs,3bet,100,,0,,0,0,Live Poker PREFLOP BIBLE,2024-04-30,7:45,"SUPERSEDED by 2026 'HJ vs EP OPEN (ABC PLAYER)' (same coach, newer video wins).",no
HJ VS OPEN,HJ,vs_open,EP,rec opener,AQs,3bet,100,,0,,0,0,Live Poker PREFLOP BIBLE,2024-04-30,7:45,"SUPERSEDED by 2026 'HJ vs EP OPEN (ABC PLAYER)' (same coach, newer video wins).",no
HJ VS OPEN,HJ,vs_open,EP,rec opener,AJs,3bet,100,,0,,0,0,Live Poker PREFLOP BIBLE,2024-04-30,7:45,"SUPERSEDED by 2026 'HJ vs EP OPEN (ABC PLAYER)' (same coach, newer video wins).",no
HJ VS OPEN,HJ,vs_open,EP,rec opener,ATs,3bet,100,,0,,0,0,Live Poker PREFLOP BIBLE,2024-04-30,7:45,"SUPERSEDED by 2026 'HJ vs EP OPEN (ABC PLAYER)' (same coach, newer video wins).",no
HJ VS OPEN,HJ,vs_open,EP,rec opener,A9s,3bet,50,,0,,0,50,Live Poker PREFLOP BIBLE,2024-04-30,7:45,"SUPERSEDED by 2026 'HJ vs EP OPEN (ABC PLAYER)' (same coach, newer video wins). SITUATIONAL (Mark 2024): a 'partial' - don't randomize; lean to the aggressive action with a bigger skill edge, deeper stacks, or a weaker/more predictable opponent.",yes
HJ VS OPEN,HJ,vs_open,EP,rec opener,A8s,3bet,0,,0,,0,100,Live Poker PREFLOP BIBLE,2024-04-30,7:45,"SUPERSEDED by 2026 'HJ vs EP OPEN (ABC PLAYER)' (same coach, newer video wins).",no
HJ VS OPEN,HJ,vs_open,EP,rec opener,A7s,3bet,0,,0,,0,100,Live Poker PREFLOP BIBLE,2024-04-30,7:45,"SUPERSEDED by 2026 'HJ vs EP OPEN (ABC PLAYER)' (same coach, newer video wins).",no
HJ VS OPEN,HJ,vs_open,EP,rec opener,A6s,3bet,0,,0,,0,100,Live Poker PREFLOP BIBLE,2024-04-30,7:45,"SUPERSEDED by 2026 'HJ vs EP OPEN (ABC PLAYER)' (same coach, newer video wins).",no
HJ VS OPEN,HJ,vs_open,EP,rec opener,A5s,3bet,100,,0,,0,0,Live Poker PREFLOP BIBLE,2024-04-30,7:45,"SUPERSEDED by 2026 'HJ vs EP OPEN (ABC PLAYER)' (same coach, newer video wins).",no
HJ VS OPEN,HJ,vs_open,EP,rec opener,A4s,3bet,50,,0,,0,50,Live Poker PREFLOP BIBLE,2024-04-30,7:45,"SUPERSEDED by 2026 'HJ vs EP OPEN (ABC PLAYER)' (same coach, newer video wins). SITUATIONAL (Mark 2024): a 'partial' - don't randomize; lean to the aggressive action with a bigger skill edge, deeper stacks, or a weaker/more predictable opponent.",yes
HJ VS OPEN,HJ,vs_open,EP,rec opener,A3s,3bet,50,,0,,0,50,Live Poker PREFLOP BIBLE,2024-04-30,7:45,"SUPERSEDED by 2026 'HJ vs EP OPEN (ABC PLAYER)' (same coach, newer video wins). SITUATIONAL (Mark 2024): a 'partial' - don't randomize; lean to the aggressive action with a bigger skill edge, deeper stacks, or a weaker/more predictable opponent.",yes
HJ VS OPEN,HJ,vs_open,EP,rec opener,A2s,3bet,0,,0,,0,100,Live Poker PREFLOP BIBLE,2024-04-30,7:45,"SUPERSEDED by 2026 'HJ vs EP OPEN (ABC PLAYER)' (same coach, newer video wins).",no
HJ VS OPEN,HJ,vs_open,EP,rec opener,AKo,3bet,100,,0,,0,0,Live Poker PREFLOP BIBLE,2024-04-30,7:45,"SUPERSEDED by 2026 'HJ vs EP OPEN (ABC PLAYER)' (same coach, newer video wins).",no
HJ VS OPEN,HJ,vs_open,EP,rec opener,KK,3bet,100,,0,,0,0,Live Poker PREFLOP BIBLE,2024-04-30,7:45,"SUPERSEDED by 2026 'HJ vs EP OPEN (ABC PLAYER)' (same coach, newer video wins).",no
HJ VS OPEN,HJ,vs_open,EP,rec opener,KQs,3bet,100,,0,,0,0,Live Poker PREFLOP BIBLE,2024-04-30,7:45,"SUPERSEDED by 2026 'HJ vs EP OPEN (ABC PLAYER)' (same coach, newer video wins).",no
HJ VS OPEN,HJ,vs_open,EP,rec opener,KJs,3bet,100,,0,,0,0,Live Poker PREFLOP BIBLE,2024-04-30,7:45,"SUPERSEDED by 2026 'HJ vs EP OPEN (ABC PLAYER)' (same coach, newer video wins).",no
HJ VS OPEN,HJ,vs_open,EP,rec opener,KTs,3bet,50,,0,,0,50,Live Poker PREFLOP BIBLE,2024-04-30,7:45,"SUPERSEDED by 2026 'HJ vs EP OPEN (ABC PLAYER)' (same coach, newer video wins). SITUATIONAL (Mark 2024): a 'partial' - don't randomize; lean to the aggressive action with a bigger skill edge, deeper stacks, or a weaker/more predictable opponent.",yes
HJ VS OPEN,HJ,vs_open,EP,rec opener,K9s,3bet,0,,0,,0,100,Live Poker PREFLOP BIBLE,2024-04-30,7:45,"SUPERSEDED by 2026 'HJ vs EP OPEN (ABC PLAYER)' (same coach, newer video wins).",no
HJ VS OPEN,HJ,vs_open,EP,rec opener,K8s,3bet,0,,0,,0,100,Live Poker PREFLOP BIBLE,2024-04-30,7:45,"SUPERSEDED by 2026 'HJ vs EP OPEN (ABC PLAYER)' (same coach, newer video wins).",no
HJ VS OPEN,HJ,vs_open,EP,rec opener,K7s,3bet,0,,0,,0,100,Live Poker PREFLOP BIBLE,2024-04-30,7:45,"SUPERSEDED by 2026 'HJ vs EP OPEN (ABC PLAYER)' (same coach, newer video wins).",no
HJ VS OPEN,HJ,vs_open,EP,rec opener,K6s,3bet,0,,0,,0,100,Live Poker PREFLOP BIBLE,2024-04-30,7:45,"SUPERSEDED by 2026 'HJ vs EP OPEN (ABC PLAYER)' (same coach, newer video wins).",no
HJ VS OPEN,HJ,vs_open,EP,rec opener,K5s,3bet,0,,0,,0,100,Live Poker PREFLOP BIBLE,2024-04-30,7:45,"SUPERSEDED by 2026 'HJ vs EP OPEN (ABC PLAYER)' (same coach, newer video wins).",no
HJ VS OPEN,HJ,vs_open,EP,rec opener,K4s,3bet,0,,0,,0,100,Live Poker PREFLOP BIBLE,2024-04-30,7:45,"SUPERSEDED by 2026 'HJ vs EP OPEN (ABC PLAYER)' (same coach, newer video wins).",no
HJ VS OPEN,HJ,vs_open,EP,rec opener,K3s,3bet,0,,0,,0,100,Live Poker PREFLOP BIBLE,2024-04-30,7:45,"SUPERSEDED by 2026 'HJ vs EP OPEN (ABC PLAYER)' (same coach, newer video wins).",no
HJ VS OPEN,HJ,vs_open,EP,rec opener,K2s,3bet,0,,0,,0,100,Live Poker PREFLOP BIBLE,2024-04-30,7:45,"SUPERSEDED by 2026 'HJ vs EP OPEN (ABC PLAYER)' (same coach, newer video wins).",no
HJ VS OPEN,HJ,vs_open,EP,rec opener,AQo,3bet,100,,0,,0,0,Live Poker PREFLOP BIBLE,2024-04-30,7:45,"SUPERSEDED by 2026 'HJ vs EP OPEN (ABC PLAYER)' (same coach, newer video wins).",no
HJ VS OPEN,HJ,vs_open,EP,rec opener,KQo,3bet,0,,0,,0,100,Live Poker PREFLOP BIBLE,2024-04-30,7:45,"SUPERSEDED by 2026 'HJ vs EP OPEN (ABC PLAYER)' (same coach, newer video wins).",no
HJ VS OPEN,HJ,vs_open,EP,rec opener,QQ,3bet,100,,0,,0,0,Live Poker PREFLOP BIBLE,2024-04-30,7:45,"SUPERSEDED by 2026 'HJ vs EP OPEN (ABC PLAYER)' (same coach, newer video wins).",no
HJ VS OPEN,HJ,vs_open,EP,rec opener,QJs,3bet,50,,0,,0,50,Live Poker PREFLOP BIBLE,2024-04-30,7:45,"SUPERSEDED by 2026 'HJ vs EP OPEN (ABC PLAYER)' (same coach, newer video wins). SITUATIONAL (Mark 2024): a 'partial' - don't randomize; lean to the aggressive action with a bigger skill edge, deeper stacks, or a weaker/more predictable opponent.",yes
HJ VS OPEN,HJ,vs_open,EP,rec opener,QTs,3bet,50,,0,,0,50,Live Poker PREFLOP BIBLE,2024-04-30,7:45,"SUPERSEDED by 2026 'HJ vs EP OPEN (ABC PLAYER)' (same coach, newer video wins). SITUATIONAL (Mark 2024): a 'partial' - don't randomize; lean to the aggressive action with a bigger skill edge, deeper stacks, or a weaker/more predictable opponent.",yes
HJ VS OPEN,HJ,vs_open,EP,rec opener,Q9s,3bet,0,,0,,0,100,Live Poker PREFLOP BIBLE,2024-04-30,7:45,"SUPERSEDED by 2026 'HJ vs EP OPEN (ABC PLAYER)' (same coach, newer video wins).",no
HJ VS OPEN,HJ,vs_open,EP,rec opener,Q8s,3bet,0,,0,,0,100,Live Poker PREFLOP BIBLE,2024-04-30,7:45,"SUPERSEDED by 2026 'HJ vs EP OPEN (ABC PLAYER)' (same coach, newer video wins).",no
HJ VS OPEN,HJ,vs_open,EP,rec opener,Q7s,3bet,0,,0,,0,100,Live Poker PREFLOP BIBLE,2024-04-30,7:45,"SUPERSEDED by 2026 'HJ vs EP OPEN (ABC PLAYER)' (same coach, newer video wins).",no
HJ VS OPEN,HJ,vs_open,EP,rec opener,Q6s,3bet,0,,0,,0,100,Live Poker PREFLOP BIBLE,2024-04-30,7:45,"SUPERSEDED by 2026 'HJ vs EP OPEN (ABC PLAYER)' (same coach, newer video wins).",no
HJ VS OPEN,HJ,vs_open,EP,rec opener,Q5s,3bet,0,,0,,0,100,Live Poker PREFLOP BIBLE,2024-04-30,7:45,"SUPERSEDED by 2026 'HJ vs EP OPEN (ABC PLAYER)' (same coach, newer video wins).",no
HJ VS OPEN,HJ,vs_open,EP,rec opener,Q4s,3bet,0,,0,,0,100,Live Poker PREFLOP BIBLE,2024-04-30,7:45,"SUPERSEDED by 2026 'HJ vs EP OPEN (ABC PLAYER)' (same coach, newer video wins).",no
HJ VS OPEN,HJ,vs_open,EP,rec opener,Q3s,3bet,0,,0,,0,100,Live Poker PREFLOP BIBLE,2024-04-30,7:45,"SUPERSEDED by 2026 'HJ vs EP OPEN (ABC PLAYER)' (same coach, newer video wins).",no
HJ VS OPEN,HJ,vs_open,EP,rec opener,Q2s,3bet,0,,0,,0,100,Live Poker PREFLOP BIBLE,2024-04-30,7:45,"SUPERSEDED by 2026 'HJ vs EP OPEN (ABC PLAYER)' (same coach, newer video wins).",no
HJ VS OPEN,HJ,vs_open,EP,rec opener,AJo,3bet,0,,0,,0,100,Live Poker PREFLOP BIBLE,2024-04-30,7:45,"SUPERSEDED by 2026 'HJ vs EP OPEN (ABC PLAYER)' (same coach, newer video wins).",no
HJ VS OPEN,HJ,vs_open,EP,rec opener,KJo,3bet,0,,0,,0,100,Live Poker PREFLOP BIBLE,2024-04-30,7:45,"SUPERSEDED by 2026 'HJ vs EP OPEN (ABC PLAYER)' (same coach, newer video wins).",no
HJ VS OPEN,HJ,vs_open,EP,rec opener,QJo,3bet,0,,0,,0,100,Live Poker PREFLOP BIBLE,2024-04-30,7:45,"SUPERSEDED by 2026 'HJ vs EP OPEN (ABC PLAYER)' (same coach, newer video wins).",no
HJ VS OPEN,HJ,vs_open,EP,rec opener,JJ,3bet,100,,0,,0,0,Live Poker PREFLOP BIBLE,2024-04-30,7:45,"SUPERSEDED by 2026 'HJ vs EP OPEN (ABC PLAYER)' (same coach, newer video wins).",no
HJ VS OPEN,HJ,vs_open,EP,rec opener,JTs,3bet,50,,0,,0,50,Live Poker PREFLOP BIBLE,2024-04-30,7:45,"SUPERSEDED by 2026 'HJ vs EP OPEN (ABC PLAYER)' (same coach, newer video wins). SITUATIONAL (Mark 2024): a 'partial' - don't randomize; lean to the aggressive action with a bigger skill edge, deeper stacks, or a weaker/more predictable opponent.",yes
HJ VS OPEN,HJ,vs_open,EP,rec opener,J9s,3bet,0,,0,,0,100,Live Poker PREFLOP BIBLE,2024-04-30,7:45,"SUPERSEDED by 2026 'HJ vs EP OPEN (ABC PLAYER)' (same coach, newer video wins).",no
HJ VS OPEN,HJ,vs_open,EP,rec opener,J8s,3bet,0,,0,,0,100,Live Poker PREFLOP BIBLE,2024-04-30,7:45,"SUPERSEDED by 2026 'HJ vs EP OPEN (ABC PLAYER)' (same coach, newer video wins).",no
HJ VS OPEN,HJ,vs_open,EP,rec opener,J7s,3bet,0,,0,,0,100,Live Poker PREFLOP BIBLE,2024-04-30,7:45,"SUPERSEDED by 2026 'HJ vs EP OPEN (ABC PLAYER)' (same coach, newer video wins).",no
HJ VS OPEN,HJ,vs_open,EP,rec opener,J6s,3bet,0,,0,,0,100,Live Poker PREFLOP BIBLE,2024-04-30,7:45,"SUPERSEDED by 2026 'HJ vs EP OPEN (ABC PLAYER)' (same coach, newer video wins).",no
HJ VS OPEN,HJ,vs_open,EP,rec opener,J5s,3bet,0,,0,,0,100,Live Poker PREFLOP BIBLE,2024-04-30,7:45,"SUPERSEDED by 2026 'HJ vs EP OPEN (ABC PLAYER)' (same coach, newer video wins).",no
HJ VS OPEN,HJ,vs_open,EP,rec opener,J4s,3bet,0,,0,,0,100,Live Poker PREFLOP BIBLE,2024-04-30,7:45,"SUPERSEDED by 2026 'HJ vs EP OPEN (ABC PLAYER)' (same coach, newer video wins).",no
HJ VS OPEN,HJ,vs_open,EP,rec opener,J3s,3bet,0,,0,,0,100,Live Poker PREFLOP BIBLE,2024-04-30,7:45,"SUPERSEDED by 2026 'HJ vs EP OPEN (ABC PLAYER)' (same coach, newer video wins).",no
HJ VS OPEN,HJ,vs_open,EP,rec opener,J2s,3bet,0,,0,,0,100,Live Poker PREFLOP BIBLE,2024-04-30,7:45,"SUPERSEDED by 2026 'HJ vs EP OPEN (ABC PLAYER)' (same coach, newer video wins).",no
HJ VS OPEN,HJ,vs_open,EP,rec opener,ATo,3bet,0,,0,,0,100,Live Poker PREFLOP BIBLE,2024-04-30,7:45,"SUPERSEDED by 2026 'HJ vs EP OPEN (ABC PLAYER)' (same coach, newer video wins).",no
HJ VS OPEN,HJ,vs_open,EP,rec opener,KTo,3bet,0,,0,,0,100,Live Poker PREFLOP BIBLE,2024-04-30,7:45,"SUPERSEDED by 2026 'HJ vs EP OPEN (ABC PLAYER)' (same coach, newer video wins).",no
HJ VS OPEN,HJ,vs_open,EP,rec opener,QTo,3bet,0,,0,,0,100,Live Poker PREFLOP BIBLE,2024-04-30,7:45,"SUPERSEDED by 2026 'HJ vs EP OPEN (ABC PLAYER)' (same coach, newer video wins).",no
HJ VS OPEN,HJ,vs_open,EP,rec opener,JTo,3bet,0,,0,,0,100,Live Poker PREFLOP BIBLE,2024-04-30,7:45,"SUPERSEDED by 2026 'HJ vs EP OPEN (ABC PLAYER)' (same coach, newer video wins).",no
HJ VS OPEN,HJ,vs_open,EP,rec opener,TT,3bet,100,,0,,0,0,Live Poker PREFLOP BIBLE,2024-04-30,7:45,"SUPERSEDED by 2026 'HJ vs EP OPEN (ABC PLAYER)' (same coach, newer video wins).",no
HJ VS OPEN,HJ,vs_open,EP,rec opener,T9s,3bet,0,,0,,0,100,Live Poker PREFLOP BIBLE,2024-04-30,7:45,"SUPERSEDED by 2026 'HJ vs EP OPEN (ABC PLAYER)' (same coach, newer video wins).",no
HJ VS OPEN,HJ,vs_open,EP,rec opener,T8s,3bet,0,,0,,0,100,Live Poker PREFLOP BIBLE,2024-04-30,7:45,"SUPERSEDED by 2026 'HJ vs EP OPEN (ABC PLAYER)' (same coach, newer video wins).",no
HJ VS OPEN,HJ,vs_open,EP,rec opener,T7s,3bet,0,,0,,0,100,Live Poker PREFLOP BIBLE,2024-04-30,7:45,"SUPERSEDED by 2026 'HJ vs EP OPEN (ABC PLAYER)' (same coach, newer video wins).",no
HJ VS OPEN,HJ,vs_open,EP,rec opener,T6s,3bet,0,,0,,0,100,Live Poker PREFLOP BIBLE,2024-04-30,7:45,"SUPERSEDED by 2026 'HJ vs EP OPEN (ABC PLAYER)' (same coach, newer video wins).",no
HJ VS OPEN,HJ,vs_open,EP,rec opener,T5s,3bet,0,,0,,0,100,Live Poker PREFLOP BIBLE,2024-04-30,7:45,"SUPERSEDED by 2026 'HJ vs EP OPEN (ABC PLAYER)' (same coach, newer video wins).",no
HJ VS OPEN,HJ,vs_open,EP,rec opener,T4s,3bet,0,,0,,0,100,Live Poker PREFLOP BIBLE,2024-04-30,7:45,"SUPERSEDED by 2026 'HJ vs EP OPEN (ABC PLAYER)' (same coach, newer video wins).",no
HJ VS OPEN,HJ,vs_open,EP,rec opener,T3s,3bet,0,,0,,0,100,Live Poker PREFLOP BIBLE,2024-04-30,7:45,"SUPERSEDED by 2026 'HJ vs EP OPEN (ABC PLAYER)' (same coach, newer video wins).",no
HJ VS OPEN,HJ,vs_open,EP,rec opener,T2s,3bet,0,,0,,0,100,Live Poker PREFLOP BIBLE,2024-04-30,7:45,"SUPERSEDED by 2026 'HJ vs EP OPEN (ABC PLAYER)' (same coach, newer video wins).",no
HJ VS OPEN,HJ,vs_open,EP,rec opener,A9o,3bet,0,,0,,0,100,Live Poker PREFLOP BIBLE,2024-04-30,7:45,"SUPERSEDED by 2026 'HJ vs EP OPEN (ABC PLAYER)' (same coach, newer video wins).",no
HJ VS OPEN,HJ,vs_open,EP,rec opener,K9o,3bet,0,,0,,0,100,Live Poker PREFLOP BIBLE,2024-04-30,7:45,"SUPERSEDED by 2026 'HJ vs EP OPEN (ABC PLAYER)' (same coach, newer video wins).",no
HJ VS OPEN,HJ,vs_open,EP,rec opener,Q9o,3bet,0,,0,,0,100,Live Poker PREFLOP BIBLE,2024-04-30,7:45,"SUPERSEDED by 2026 'HJ vs EP OPEN (ABC PLAYER)' (same coach, newer video wins).",no
HJ VS OPEN,HJ,vs_open,EP,rec opener,J9o,3bet,0,,0,,0,100,Live Poker PREFLOP BIBLE,2024-04-30,7:45,"SUPERSEDED by 2026 'HJ vs EP OPEN (ABC PLAYER)' (same coach, newer video wins).",no
HJ VS OPEN,HJ,vs_open,EP,rec opener,T9o,3bet,0,,0,,0,100,Live Poker PREFLOP BIBLE,2024-04-30,7:45,"SUPERSEDED by 2026 'HJ vs EP OPEN (ABC PLAYER)' (same coach, newer video wins).",no
HJ VS OPEN,HJ,vs_open,EP,rec opener,99,3bet,100,,0,,0,0,Live Poker PREFLOP BIBLE,2024-04-30,7:45,"SUPERSEDED by 2026 'HJ vs EP OPEN (ABC PLAYER)' (same coach, newer video wins).",no
HJ VS OPEN,HJ,vs_open,EP,rec opener,98s,3bet,0,,0,,0,100,Live Poker PREFLOP BIBLE,2024-04-30,7:45,"SUPERSEDED by 2026 'HJ vs EP OPEN (ABC PLAYER)' (same coach, newer video wins).",no
HJ VS OPEN,HJ,vs_open,EP,rec opener,97s,3bet,0,,0,,0,100,Live Poker PREFLOP BIBLE,2024-04-30,7:45,"SUPERSEDED by 2026 'HJ vs EP OPEN (ABC PLAYER)' (same coach, newer video wins).",no
HJ VS OPEN,HJ,vs_open,EP,rec opener,96s,3bet,0,,0,,0,100,Live Poker PREFLOP BIBLE,2024-04-30,7:45,"SUPERSEDED by 2026 'HJ vs EP OPEN (ABC PLAYER)' (same coach, newer video wins).",no
HJ VS OPEN,HJ,vs_open,EP,rec opener,95s,3bet,0,,0,,0,100,Live Poker PREFLOP BIBLE,2024-04-30,7:45,"SUPERSEDED by 2026 'HJ vs EP OPEN (ABC PLAYER)' (same coach, newer video wins).",no
HJ VS OPEN,HJ,vs_open,EP,rec opener,94s,3bet,0,,0,,0,100,Live Poker PREFLOP BIBLE,2024-04-30,7:45,"SUPERSEDED by 2026 'HJ vs EP OPEN (ABC PLAYER)' (same coach, newer video wins).",no
HJ VS OPEN,HJ,vs_open,EP,rec opener,93s,3bet,0,,0,,0,100,Live Poker PREFLOP BIBLE,2024-04-30,7:45,"SUPERSEDED by 2026 'HJ vs EP OPEN (ABC PLAYER)' (same coach, newer video wins).",no
HJ VS OPEN,HJ,vs_open,EP,rec opener,92s,3bet,0,,0,,0,100,Live Poker PREFLOP BIBLE,2024-04-30,7:45,"SUPERSEDED by 2026 'HJ vs EP OPEN (ABC PLAYER)' (same coach, newer video wins).",no
HJ VS OPEN,HJ,vs_open,EP,rec opener,A8o,3bet,0,,0,,0,100,Live Poker PREFLOP BIBLE,2024-04-30,7:45,"SUPERSEDED by 2026 'HJ vs EP OPEN (ABC PLAYER)' (same coach, newer video wins).",no
HJ VS OPEN,HJ,vs_open,EP,rec opener,K8o,3bet,0,,0,,0,100,Live Poker PREFLOP BIBLE,2024-04-30,7:45,"SUPERSEDED by 2026 'HJ vs EP OPEN (ABC PLAYER)' (same coach, newer video wins).",no
HJ VS OPEN,HJ,vs_open,EP,rec opener,Q8o,3bet,0,,0,,0,100,Live Poker PREFLOP BIBLE,2024-04-30,7:45,"SUPERSEDED by 2026 'HJ vs EP OPEN (ABC PLAYER)' (same coach, newer video wins).",no
HJ VS OPEN,HJ,vs_open,EP,rec opener,J8o,3bet,0,,0,,0,100,Live Poker PREFLOP BIBLE,2024-04-30,7:45,"SUPERSEDED by 2026 'HJ vs EP OPEN (ABC PLAYER)' (same coach, newer video wins).",no
HJ VS OPEN,HJ,vs_open,EP,rec opener,T8o,3bet,0,,0,,0,100,Live Poker PREFLOP BIBLE,2024-04-30,7:45,"SUPERSEDED by 2026 'HJ vs EP OPEN (ABC PLAYER)' (same coach, newer video wins).",no
HJ VS OPEN,HJ,vs_open,EP,rec opener,98o,3bet,0,,0,,0,100,Live Poker PREFLOP BIBLE,2024-04-30,7:45,"SUPERSEDED by 2026 'HJ vs EP OPEN (ABC PLAYER)' (same coach, newer video wins).",no
HJ VS OPEN,HJ,vs_open,EP,rec opener,88,3bet,100,,0,,0,0,Live Poker PREFLOP BIBLE,2024-04-30,7:45,"SUPERSEDED by 2026 'HJ vs EP OPEN (ABC PLAYER)' (same coach, newer video wins).",no
HJ VS OPEN,HJ,vs_open,EP,rec opener,87s,3bet,0,,0,,0,100,Live Poker PREFLOP BIBLE,2024-04-30,7:45,"SUPERSEDED by 2026 'HJ vs EP OPEN (ABC PLAYER)' (same coach, newer video wins).",no
HJ VS OPEN,HJ,vs_open,EP,rec opener,86s,3bet,0,,0,,0,100,Live Poker PREFLOP BIBLE,2024-04-30,7:45,"SUPERSEDED by 2026 'HJ vs EP OPEN (ABC PLAYER)' (same coach, newer video wins).",no
HJ VS OPEN,HJ,vs_open,EP,rec opener,85s,3bet,0,,0,,0,100,Live Poker PREFLOP BIBLE,2024-04-30,7:45,"SUPERSEDED by 2026 'HJ vs EP OPEN (ABC PLAYER)' (same coach, newer video wins).",no
HJ VS OPEN,HJ,vs_open,EP,rec opener,84s,3bet,0,,0,,0,100,Live Poker PREFLOP BIBLE,2024-04-30,7:45,"SUPERSEDED by 2026 'HJ vs EP OPEN (ABC PLAYER)' (same coach, newer video wins).",no
HJ VS OPEN,HJ,vs_open,EP,rec opener,83s,3bet,0,,0,,0,100,Live Poker PREFLOP BIBLE,2024-04-30,7:45,"SUPERSEDED by 2026 'HJ vs EP OPEN (ABC PLAYER)' (same coach, newer video wins).",no
HJ VS OPEN,HJ,vs_open,EP,rec opener,82s,3bet,0,,0,,0,100,Live Poker PREFLOP BIBLE,2024-04-30,7:45,"SUPERSEDED by 2026 'HJ vs EP OPEN (ABC PLAYER)' (same coach, newer video wins).",no
HJ VS OPEN,HJ,vs_open,EP,rec opener,A7o,3bet,0,,0,,0,100,Live Poker PREFLOP BIBLE,2024-04-30,7:45,"SUPERSEDED by 2026 'HJ vs EP OPEN (ABC PLAYER)' (same coach, newer video wins).",no
HJ VS OPEN,HJ,vs_open,EP,rec opener,K7o,3bet,0,,0,,0,100,Live Poker PREFLOP BIBLE,2024-04-30,7:45,"SUPERSEDED by 2026 'HJ vs EP OPEN (ABC PLAYER)' (same coach, newer video wins).",no
HJ VS OPEN,HJ,vs_open,EP,rec opener,Q7o,3bet,0,,0,,0,100,Live Poker PREFLOP BIBLE,2024-04-30,7:45,"SUPERSEDED by 2026 'HJ vs EP OPEN (ABC PLAYER)' (same coach, newer video wins).",no
HJ VS OPEN,HJ,vs_open,EP,rec opener,J7o,3bet,0,,0,,0,100,Live Poker PREFLOP BIBLE,2024-04-30,7:45,"SUPERSEDED by 2026 'HJ vs EP OPEN (ABC PLAYER)' (same coach, newer video wins).",no
HJ VS OPEN,HJ,vs_open,EP,rec opener,T7o,3bet,0,,0,,0,100,Live Poker PREFLOP BIBLE,2024-04-30,7:45,"SUPERSEDED by 2026 'HJ vs EP OPEN (ABC PLAYER)' (same coach, newer video wins).",no
HJ VS OPEN,HJ,vs_open,EP,rec opener,97o,3bet,0,,0,,0,100,Live Poker PREFLOP BIBLE,2024-04-30,7:45,"SUPERSEDED by 2026 'HJ vs EP OPEN (ABC PLAYER)' (same coach, newer video wins).",no
HJ VS OPEN,HJ,vs_open,EP,rec opener,87o,3bet,0,,0,,0,100,Live Poker PREFLOP BIBLE,2024-04-30,7:45,"SUPERSEDED by 2026 'HJ vs EP OPEN (ABC PLAYER)' (same coach, newer video wins).",no
HJ VS OPEN,HJ,vs_open,EP,rec opener,77,3bet,0,,0,,0,100,Live Poker PREFLOP BIBLE,2024-04-30,7:45,"SUPERSEDED by 2026 'HJ vs EP OPEN (ABC PLAYER)' (same coach, newer video wins).",no
HJ VS OPEN,HJ,vs_open,EP,rec opener,76s,3bet,0,,0,,0,100,Live Poker PREFLOP BIBLE,2024-04-30,7:45,"SUPERSEDED by 2026 'HJ vs EP OPEN (ABC PLAYER)' (same coach, newer video wins).",no
HJ VS OPEN,HJ,vs_open,EP,rec opener,75s,3bet,0,,0,,0,100,Live Poker PREFLOP BIBLE,2024-04-30,7:45,"SUPERSEDED by 2026 'HJ vs EP OPEN (ABC PLAYER)' (same coach, newer video wins).",no
HJ VS OPEN,HJ,vs_open,EP,rec opener,74s,3bet,0,,0,,0,100,Live Poker PREFLOP BIBLE,2024-04-30,7:45,"SUPERSEDED by 2026 'HJ vs EP OPEN (ABC PLAYER)' (same coach, newer video wins).",no
HJ VS OPEN,HJ,vs_open,EP,rec opener,73s,3bet,0,,0,,0,100,Live Poker PREFLOP BIBLE,2024-04-30,7:45,"SUPERSEDED by 2026 'HJ vs EP OPEN (ABC PLAYER)' (same coach, newer video wins).",no
HJ VS OPEN,HJ,vs_open,EP,rec opener,72s,3bet,0,,0,,0,100,Live Poker PREFLOP BIBLE,2024-04-30,7:45,"SUPERSEDED by 2026 'HJ vs EP OPEN (ABC PLAYER)' (same coach, newer video wins).",no
HJ VS OPEN,HJ,vs_open,EP,rec opener,A6o,3bet,0,,0,,0,100,Live Poker PREFLOP BIBLE,2024-04-30,7:45,"SUPERSEDED by 2026 'HJ vs EP OPEN (ABC PLAYER)' (same coach, newer video wins).",no
HJ VS OPEN,HJ,vs_open,EP,rec opener,K6o,3bet,0,,0,,0,100,Live Poker PREFLOP BIBLE,2024-04-30,7:45,"SUPERSEDED by 2026 'HJ vs EP OPEN (ABC PLAYER)' (same coach, newer video wins).",no
HJ VS OPEN,HJ,vs_open,EP,rec opener,Q6o,3bet,0,,0,,0,100,Live Poker PREFLOP BIBLE,2024-04-30,7:45,"SUPERSEDED by 2026 'HJ vs EP OPEN (ABC PLAYER)' (same coach, newer video wins).",no
HJ VS OPEN,HJ,vs_open,EP,rec opener,J6o,3bet,0,,0,,0,100,Live Poker PREFLOP BIBLE,2024-04-30,7:45,"SUPERSEDED by 2026 'HJ vs EP OPEN (ABC PLAYER)' (same coach, newer video wins).",no
HJ VS OPEN,HJ,vs_open,EP,rec opener,T6o,3bet,0,,0,,0,100,Live Poker PREFLOP BIBLE,2024-04-30,7:45,"SUPERSEDED by 2026 'HJ vs EP OPEN (ABC PLAYER)' (same coach, newer video wins).",no
HJ VS OPEN,HJ,vs_open,EP,rec opener,96o,3bet,0,,0,,0,100,Live Poker PREFLOP BIBLE,2024-04-30,7:45,"SUPERSEDED by 2026 'HJ vs EP OPEN (ABC PLAYER)' (same coach, newer video wins).",no
HJ VS OPEN,HJ,vs_open,EP,rec opener,86o,3bet,0,,0,,0,100,Live Poker PREFLOP BIBLE,2024-04-30,7:45,"SUPERSEDED by 2026 'HJ vs EP OPEN (ABC PLAYER)' (same coach, newer video wins).",no
HJ VS OPEN,HJ,vs_open,EP,rec opener,76o,3bet,0,,0,,0,100,Live Poker PREFLOP BIBLE,2024-04-30,7:45,"SUPERSEDED by 2026 'HJ vs EP OPEN (ABC PLAYER)' (same coach, newer video wins).",no
HJ VS OPEN,HJ,vs_open,EP,rec opener,66,3bet,0,,0,,0,100,Live Poker PREFLOP BIBLE,2024-04-30,7:45,"SUPERSEDED by 2026 'HJ vs EP OPEN (ABC PLAYER)' (same coach, newer video wins).",no
HJ VS OPEN,HJ,vs_open,EP,rec opener,65s,3bet,0,,0,,0,100,Live Poker PREFLOP BIBLE,2024-04-30,7:45,"SUPERSEDED by 2026 'HJ vs EP OPEN (ABC PLAYER)' (same coach, newer video wins).",no
HJ VS OPEN,HJ,vs_open,EP,rec opener,64s,3bet,0,,0,,0,100,Live Poker PREFLOP BIBLE,2024-04-30,7:45,"SUPERSEDED by 2026 'HJ vs EP OPEN (ABC PLAYER)' (same coach, newer video wins).",no
HJ VS OPEN,HJ,vs_open,EP,rec opener,63s,3bet,0,,0,,0,100,Live Poker PREFLOP BIBLE,2024-04-30,7:45,"SUPERSEDED by 2026 'HJ vs EP OPEN (ABC PLAYER)' (same coach, newer video wins).",no
HJ VS OPEN,HJ,vs_open,EP,rec opener,62s,3bet,0,,0,,0,100,Live Poker PREFLOP BIBLE,2024-04-30,7:45,"SUPERSEDED by 2026 'HJ vs EP OPEN (ABC PLAYER)' (same coach, newer video wins).",no
HJ VS OPEN,HJ,vs_open,EP,rec opener,A5o,3bet,0,,0,,0,100,Live Poker PREFLOP BIBLE,2024-04-30,7:45,"SUPERSEDED by 2026 'HJ vs EP OPEN (ABC PLAYER)' (same coach, newer video wins).",no
HJ VS OPEN,HJ,vs_open,EP,rec opener,K5o,3bet,0,,0,,0,100,Live Poker PREFLOP BIBLE,2024-04-30,7:45,"SUPERSEDED by 2026 'HJ vs EP OPEN (ABC PLAYER)' (same coach, newer video wins).",no
HJ VS OPEN,HJ,vs_open,EP,rec opener,Q5o,3bet,0,,0,,0,100,Live Poker PREFLOP BIBLE,2024-04-30,7:45,"SUPERSEDED by 2026 'HJ vs EP OPEN (ABC PLAYER)' (same coach, newer video wins).",no
HJ VS OPEN,HJ,vs_open,EP,rec opener,J5o,3bet,0,,0,,0,100,Live Poker PREFLOP BIBLE,2024-04-30,7:45,"SUPERSEDED by 2026 'HJ vs EP OPEN (ABC PLAYER)' (same coach, newer video wins).",no
HJ VS OPEN,HJ,vs_open,EP,rec opener,T5o,3bet,0,,0,,0,100,Live Poker PREFLOP BIBLE,2024-04-30,7:45,"SUPERSEDED by 2026 'HJ vs EP OPEN (ABC PLAYER)' (same coach, newer video wins).",no
HJ VS OPEN,HJ,vs_open,EP,rec opener,95o,3bet,0,,0,,0,100,Live Poker PREFLOP BIBLE,2024-04-30,7:45,"SUPERSEDED by 2026 'HJ vs EP OPEN (ABC PLAYER)' (same coach, newer video wins).",no
HJ VS OPEN,HJ,vs_open,EP,rec opener,85o,3bet,0,,0,,0,100,Live Poker PREFLOP BIBLE,2024-04-30,7:45,"SUPERSEDED by 2026 'HJ vs EP OPEN (ABC PLAYER)' (same coach, newer video wins).",no
HJ VS OPEN,HJ,vs_open,EP,rec opener,75o,3bet,0,,0,,0,100,Live Poker PREFLOP BIBLE,2024-04-30,7:45,"SUPERSEDED by 2026 'HJ vs EP OPEN (ABC PLAYER)' (same coach, newer video wins).",no
HJ VS OPEN,HJ,vs_open,EP,rec opener,65o,3bet,0,,0,,0,100,Live Poker PREFLOP BIBLE,2024-04-30,7:45,"SUPERSEDED by 2026 'HJ vs EP OPEN (ABC PLAYER)' (same coach, newer video wins).",no
HJ VS OPEN,HJ,vs_open,EP,rec opener,55,3bet,0,,0,,0,100,Live Poker PREFLOP BIBLE,2024-04-30,7:45,"SUPERSEDED by 2026 'HJ vs EP OPEN (ABC PLAYER)' (same coach, newer video wins).",no
HJ VS OPEN,HJ,vs_open,EP,rec opener,54s,3bet,0,,0,,0,100,Live Poker PREFLOP BIBLE,2024-04-30,7:45,"SUPERSEDED by 2026 'HJ vs EP OPEN (ABC PLAYER)' (same coach, newer video wins).",no
HJ VS OPEN,HJ,vs_open,EP,rec opener,53s,3bet,0,,0,,0,100,Live Poker PREFLOP BIBLE,2024-04-30,7:45,"SUPERSEDED by 2026 'HJ vs EP OPEN (ABC PLAYER)' (same coach, newer video wins).",no
HJ VS OPEN,HJ,vs_open,EP,rec opener,52s,3bet,0,,0,,0,100,Live Poker PREFLOP BIBLE,2024-04-30,7:45,"SUPERSEDED by 2026 'HJ vs EP OPEN (ABC PLAYER)' (same coach, newer video wins).",no
HJ VS OPEN,HJ,vs_open,EP,rec opener,A4o,3bet,0,,0,,0,100,Live Poker PREFLOP BIBLE,2024-04-30,7:45,"SUPERSEDED by 2026 'HJ vs EP OPEN (ABC PLAYER)' (same coach, newer video wins).",no
HJ VS OPEN,HJ,vs_open,EP,rec opener,K4o,3bet,0,,0,,0,100,Live Poker PREFLOP BIBLE,2024-04-30,7:45,"SUPERSEDED by 2026 'HJ vs EP OPEN (ABC PLAYER)' (same coach, newer video wins).",no
HJ VS OPEN,HJ,vs_open,EP,rec opener,Q4o,3bet,0,,0,,0,100,Live Poker PREFLOP BIBLE,2024-04-30,7:45,"SUPERSEDED by 2026 'HJ vs EP OPEN (ABC PLAYER)' (same coach, newer video wins).",no
HJ VS OPEN,HJ,vs_open,EP,rec opener,J4o,3bet,0,,0,,0,100,Live Poker PREFLOP BIBLE,2024-04-30,7:45,"SUPERSEDED by 2026 'HJ vs EP OPEN (ABC PLAYER)' (same coach, newer video wins).",no
HJ VS OPEN,HJ,vs_open,EP,rec opener,T4o,3bet,0,,0,,0,100,Live Poker PREFLOP BIBLE,2024-04-30,7:45,"SUPERSEDED by 2026 'HJ vs EP OPEN (ABC PLAYER)' (same coach, newer video wins).",no
HJ VS OPEN,HJ,vs_open,EP,rec opener,94o,3bet,0,,0,,0,100,Live Poker PREFLOP BIBLE,2024-04-30,7:45,"SUPERSEDED by 2026 'HJ vs EP OPEN (ABC PLAYER)' (same coach, newer video wins).",no
HJ VS OPEN,HJ,vs_open,EP,rec opener,84o,3bet,0,,0,,0,100,Live Poker PREFLOP BIBLE,2024-04-30,7:45,"SUPERSEDED by 2026 'HJ vs EP OPEN (ABC PLAYER)' (same coach, newer video wins).",no
HJ VS OPEN,HJ,vs_open,EP,rec opener,74o,3bet,0,,0,,0,100,Live Poker PREFLOP BIBLE,2024-04-30,7:45,"SUPERSEDED by 2026 'HJ vs EP OPEN (ABC PLAYER)' (same coach, newer video wins).",no
HJ VS OPEN,HJ,vs_open,EP,rec opener,64o,3bet,0,,0,,0,100,Live Poker PREFLOP BIBLE,2024-04-30,7:45,"SUPERSEDED by 2026 'HJ vs EP OPEN (ABC PLAYER)' (same coach, newer video wins).",no
HJ VS OPEN,HJ,vs_open,EP,rec opener,54o,3bet,0,,0,,0,100,Live Poker PREFLOP BIBLE,2024-04-30,7:45,"SUPERSEDED by 2026 'HJ vs EP OPEN (ABC PLAYER)' (same coach, newer video wins).",no
HJ VS OPEN,HJ,vs_open,EP,rec opener,44,3bet,0,,0,,0,100,Live Poker PREFLOP BIBLE,2024-04-30,7:45,"SUPERSEDED by 2026 'HJ vs EP OPEN (ABC PLAYER)' (same coach, newer video wins).",no
HJ VS OPEN,HJ,vs_open,EP,rec opener,43s,3bet,0,,0,,0,100,Live Poker PREFLOP BIBLE,2024-04-30,7:45,"SUPERSEDED by 2026 'HJ vs EP OPEN (ABC PLAYER)' (same coach, newer video wins).",no
HJ VS OPEN,HJ,vs_open,EP,rec opener,42s,3bet,0,,0,,0,100,Live Poker PREFLOP BIBLE,2024-04-30,7:45,"SUPERSEDED by 2026 'HJ vs EP OPEN (ABC PLAYER)' (same coach, newer video wins).",no
HJ VS OPEN,HJ,vs_open,EP,rec opener,A3o,3bet,0,,0,,0,100,Live Poker PREFLOP BIBLE,2024-04-30,7:45,"SUPERSEDED by 2026 'HJ vs EP OPEN (ABC PLAYER)' (same coach, newer video wins).",no
HJ VS OPEN,HJ,vs_open,EP,rec opener,K3o,3bet,0,,0,,0,100,Live Poker PREFLOP BIBLE,2024-04-30,7:45,"SUPERSEDED by 2026 'HJ vs EP OPEN (ABC PLAYER)' (same coach, newer video wins).",no
HJ VS OPEN,HJ,vs_open,EP,rec opener,Q3o,3bet,0,,0,,0,100,Live Poker PREFLOP BIBLE,2024-04-30,7:45,"SUPERSEDED by 2026 'HJ vs EP OPEN (ABC PLAYER)' (same coach, newer video wins).",no
HJ VS OPEN,HJ,vs_open,EP,rec opener,J3o,3bet,0,,0,,0,100,Live Poker PREFLOP BIBLE,2024-04-30,7:45,"SUPERSEDED by 2026 'HJ vs EP OPEN (ABC PLAYER)' (same coach, newer video wins).",no
HJ VS OPEN,HJ,vs_open,EP,rec opener,T3o,3bet,0,,0,,0,100,Live Poker PREFLOP BIBLE,2024-04-30,7:45,"SUPERSEDED by 2026 'HJ vs EP OPEN (ABC PLAYER)' (same coach, newer video wins).",no
HJ VS OPEN,HJ,vs_open,EP,rec opener,93o,3bet,0,,0,,0,100,Live Poker PREFLOP BIBLE,2024-04-30,7:45,"SUPERSEDED by 2026 'HJ vs EP OPEN (ABC PLAYER)' (same coach, newer video wins).",no
HJ VS OPEN,HJ,vs_open,EP,rec opener,83o,3bet,0,,0,,0,100,Live Poker PREFLOP BIBLE,2024-04-30,7:45,"SUPERSEDED by 2026 'HJ vs EP OPEN (ABC PLAYER)' (same coach, newer video wins).",no
HJ VS OPEN,HJ,vs_open,EP,rec opener,73o,3bet,0,,0,,0,100,Live Poker PREFLOP BIBLE,2024-04-30,7:45,"SUPERSEDED by 2026 'HJ vs EP OPEN (ABC PLAYER)' (same coach, newer video wins).",no
HJ VS OPEN,HJ,vs_open,EP,rec opener,63o,3bet,0,,0,,0,100,Live Poker PREFLOP BIBLE,2024-04-30,7:45,"SUPERSEDED by 2026 'HJ vs EP OPEN (ABC PLAYER)' (same coach, newer video wins).",no
HJ VS OPEN,HJ,vs_open,EP,rec opener,53o,3bet,0,,0,,0,100,Live Poker PREFLOP BIBLE,2024-04-30,7:45,"SUPERSEDED by 2026 'HJ vs EP OPEN (ABC PLAYER)' (same coach, newer video wins).",no
HJ VS OPEN,HJ,vs_open,EP,rec opener,43o,3bet,0,,0,,0,100,Live Poker PREFLOP BIBLE,2024-04-30,7:45,"SUPERSEDED by 2026 'HJ vs EP OPEN (ABC PLAYER)' (same coach, newer video wins).",no
HJ VS OPEN,HJ,vs_open,EP,rec opener,33,3bet,0,,0,,0,100,Live Poker PREFLOP BIBLE,2024-04-30,7:45,"SUPERSEDED by 2026 'HJ vs EP OPEN (ABC PLAYER)' (same coach, newer video wins).",no
HJ VS OPEN,HJ,vs_open,EP,rec opener,32s,3bet,0,,0,,0,100,Live Poker PREFLOP BIBLE,2024-04-30,7:45,"SUPERSEDED by 2026 'HJ vs EP OPEN (ABC PLAYER)' (same coach, newer video wins).",no
HJ VS OPEN,HJ,vs_open,EP,rec opener,A2o,3bet,0,,0,,0,100,Live Poker PREFLOP BIBLE,2024-04-30,7:45,"SUPERSEDED by 2026 'HJ vs EP OPEN (ABC PLAYER)' (same coach, newer video wins).",no
HJ VS OPEN,HJ,vs_open,EP,rec opener,K2o,3bet,0,,0,,0,100,Live Poker PREFLOP BIBLE,2024-04-30,7:45,"SUPERSEDED by 2026 'HJ vs EP OPEN (ABC PLAYER)' (same coach, newer video wins).",no
HJ VS OPEN,HJ,vs_open,EP,rec opener,Q2o,3bet,0,,0,,0,100,Live Poker PREFLOP BIBLE,2024-04-30,7:45,"SUPERSEDED by 2026 'HJ vs EP OPEN (ABC PLAYER)' (same coach, newer video wins).",no
HJ VS OPEN,HJ,vs_open,EP,rec opener,J2o,3bet,0,,0,,0,100,Live Poker PREFLOP BIBLE,2024-04-30,7:45,"SUPERSEDED by 2026 'HJ vs EP OPEN (ABC PLAYER)' (same coach, newer video wins).",no
HJ VS OPEN,HJ,vs_open,EP,rec opener,T2o,3bet,0,,0,,0,100,Live Poker PREFLOP BIBLE,2024-04-30,7:45,"SUPERSEDED by 2026 'HJ vs EP OPEN (ABC PLAYER)' (same coach, newer video wins).",no
HJ VS OPEN,HJ,vs_open,EP,rec opener,92o,3bet,0,,0,,0,100,Live Poker PREFLOP BIBLE,2024-04-30,7:45,"SUPERSEDED by 2026 'HJ vs EP OPEN (ABC PLAYER)' (same coach, newer video wins).",no
HJ VS OPEN,HJ,vs_open,EP,rec opener,82o,3bet,0,,0,,0,100,Live Poker PREFLOP BIBLE,2024-04-30,7:45,"SUPERSEDED by 2026 'HJ vs EP OPEN (ABC PLAYER)' (same coach, newer video wins).",no
HJ VS OPEN,HJ,vs_open,EP,rec opener,72o,3bet,0,,0,,0,100,Live Poker PREFLOP BIBLE,2024-04-30,7:45,"SUPERSEDED by 2026 'HJ vs EP OPEN (ABC PLAYER)' (same coach, newer video wins).",no
HJ VS OPEN,HJ,vs_open,EP,rec opener,62o,3bet,0,,0,,0,100,Live Poker PREFLOP BIBLE,2024-04-30,7:45,"SUPERSEDED by 2026 'HJ vs EP OPEN (ABC PLAYER)' (same coach, newer video wins).",no
HJ VS OPEN,HJ,vs_open,EP,rec opener,52o,3bet,0,,0,,0,100,Live Poker PREFLOP BIBLE,2024-04-30,7:45,"SUPERSEDED by 2026 'HJ vs EP OPEN (ABC PLAYER)' (same coach, newer video wins).",no
HJ VS OPEN,HJ,vs_open,EP,rec opener,42o,3bet,0,,0,,0,100,Live Poker PREFLOP BIBLE,2024-04-30,7:45,"SUPERSEDED by 2026 'HJ vs EP OPEN (ABC PLAYER)' (same coach, newer video wins).",no
HJ VS OPEN,HJ,vs_open,EP,rec opener,32o,3bet,0,,0,,0,100,Live Poker PREFLOP BIBLE,2024-04-30,7:45,"SUPERSEDED by 2026 'HJ vs EP OPEN (ABC PLAYER)' (same coach, newer video wins).",no
HJ VS OPEN,HJ,vs_open,EP,rec opener,22,3bet,0,,0,,0,100,Live Poker PREFLOP BIBLE,2024-04-30,7:45,"SUPERSEDED by 2026 'HJ vs EP OPEN (ABC PLAYER)' (same coach, newer video wins).",no
BTN VS AGGRO OPEN,BTN,vs_open,HJ/CO,aggressive rec opener,AA,3bet,100,call,0,,0,0,Live Poker PREFLOP BIBLE,2024-04-30,8:44,"SUPERSEDED by 2026 'BTN vs EP OPEN (LOOSE PLAYER)' (same coach, newer video wins).",no
BTN VS AGGRO OPEN,BTN,vs_open,HJ/CO,aggressive rec opener,AKs,3bet,100,call,0,,0,0,Live Poker PREFLOP BIBLE,2024-04-30,8:44,"SUPERSEDED by 2026 'BTN vs EP OPEN (LOOSE PLAYER)' (same coach, newer video wins).",no
BTN VS AGGRO OPEN,BTN,vs_open,HJ/CO,aggressive rec opener,AQs,3bet,100,call,0,,0,0,Live Poker PREFLOP BIBLE,2024-04-30,8:44,"SUPERSEDED by 2026 'BTN vs EP OPEN (LOOSE PLAYER)' (same coach, newer video wins).",no
BTN VS AGGRO OPEN,BTN,vs_open,HJ/CO,aggressive rec opener,AJs,3bet,100,call,0,,0,0,Live Poker PREFLOP BIBLE,2024-04-30,8:44,"SUPERSEDED by 2026 'BTN vs EP OPEN (LOOSE PLAYER)' (same coach, newer video wins).",no
BTN VS AGGRO OPEN,BTN,vs_open,HJ/CO,aggressive rec opener,ATs,3bet,100,call,0,,0,0,Live Poker PREFLOP BIBLE,2024-04-30,8:44,"SUPERSEDED by 2026 'BTN vs EP OPEN (LOOSE PLAYER)' (same coach, newer video wins).",no
BTN VS AGGRO OPEN,BTN,vs_open,HJ/CO,aggressive rec opener,A9s,3bet,100,call,0,,0,0,Live Poker PREFLOP BIBLE,2024-04-30,8:44,"SUPERSEDED by 2026 'BTN vs EP OPEN (LOOSE PLAYER)' (same coach, newer video wins).",no
BTN VS AGGRO OPEN,BTN,vs_open,HJ/CO,aggressive rec opener,A8s,3bet,100,call,0,,0,0,Live Poker PREFLOP BIBLE,2024-04-30,8:44,"SUPERSEDED by 2026 'BTN vs EP OPEN (LOOSE PLAYER)' (same coach, newer video wins).",no
BTN VS AGGRO OPEN,BTN,vs_open,HJ/CO,aggressive rec opener,A7s,3bet,100,call,0,,0,0,Live Poker PREFLOP BIBLE,2024-04-30,8:44,"SUPERSEDED by 2026 'BTN vs EP OPEN (LOOSE PLAYER)' (same coach, newer video wins).",no
BTN VS AGGRO OPEN,BTN,vs_open,HJ/CO,aggressive rec opener,A6s,3bet,100,call,0,,0,0,Live Poker PREFLOP BIBLE,2024-04-30,8:44,"SUPERSEDED by 2026 'BTN vs EP OPEN (LOOSE PLAYER)' (same coach, newer video wins).",no
BTN VS AGGRO OPEN,BTN,vs_open,HJ/CO,aggressive rec opener,A5s,3bet,100,call,0,,0,0,Live Poker PREFLOP BIBLE,2024-04-30,8:44,"SUPERSEDED by 2026 'BTN vs EP OPEN (LOOSE PLAYER)' (same coach, newer video wins).",no
BTN VS AGGRO OPEN,BTN,vs_open,HJ/CO,aggressive rec opener,A4s,3bet,50,call,50,,0,0,Live Poker PREFLOP BIBLE,2024-04-30,8:44,"SUPERSEDED by 2026 'BTN vs EP OPEN (LOOSE PLAYER)' (same coach, newer video wins). SITUATIONAL (Mark 2024): a 'partial' - don't randomize; lean to the aggressive action with a bigger skill edge, deeper stacks, or a weaker/more predictable opponent.",yes
BTN VS AGGRO OPEN,BTN,vs_open,HJ/CO,aggressive rec opener,A3s,3bet,50,call,50,,0,0,Live Poker PREFLOP BIBLE,2024-04-30,8:44,"SUPERSEDED by 2026 'BTN vs EP OPEN (LOOSE PLAYER)' (same coach, newer video wins). SITUATIONAL (Mark 2024): a 'partial' - don't randomize; lean to the aggressive action with a bigger skill edge, deeper stacks, or a weaker/more predictable opponent.",yes
BTN VS AGGRO OPEN,BTN,vs_open,HJ/CO,aggressive rec opener,A2s,3bet,50,call,50,,0,0,Live Poker PREFLOP BIBLE,2024-04-30,8:44,"SUPERSEDED by 2026 'BTN vs EP OPEN (LOOSE PLAYER)' (same coach, newer video wins). SITUATIONAL (Mark 2024): a 'partial' - don't randomize; lean to the aggressive action with a bigger skill edge, deeper stacks, or a weaker/more predictable opponent.",yes
BTN VS AGGRO OPEN,BTN,vs_open,HJ/CO,aggressive rec opener,AKo,3bet,100,call,0,,0,0,Live Poker PREFLOP BIBLE,2024-04-30,8:44,"SUPERSEDED by 2026 'BTN vs EP OPEN (LOOSE PLAYER)' (same coach, newer video wins).",no
BTN VS AGGRO OPEN,BTN,vs_open,HJ/CO,aggressive rec opener,KK,3bet,100,call,0,,0,0,Live Poker PREFLOP BIBLE,2024-04-30,8:44,"SUPERSEDED by 2026 'BTN vs EP OPEN (LOOSE PLAYER)' (same coach, newer video wins).",no
BTN VS AGGRO OPEN,BTN,vs_open,HJ/CO,aggressive rec opener,KQs,3bet,100,call,0,,0,0,Live Poker PREFLOP BIBLE,2024-04-30,8:44,"SUPERSEDED by 2026 'BTN vs EP OPEN (LOOSE PLAYER)' (same coach, newer video wins).",no
BTN VS AGGRO OPEN,BTN,vs_open,HJ/CO,aggressive rec opener,KJs,3bet,100,call,0,,0,0,Live Poker PREFLOP BIBLE,2024-04-30,8:44,"SUPERSEDED by 2026 'BTN vs EP OPEN (LOOSE PLAYER)' (same coach, newer video wins).",no
BTN VS AGGRO OPEN,BTN,vs_open,HJ/CO,aggressive rec opener,KTs,3bet,100,call,0,,0,0,Live Poker PREFLOP BIBLE,2024-04-30,8:44,"SUPERSEDED by 2026 'BTN vs EP OPEN (LOOSE PLAYER)' (same coach, newer video wins).",no
BTN VS AGGRO OPEN,BTN,vs_open,HJ/CO,aggressive rec opener,K9s,3bet,100,call,0,,0,0,Live Poker PREFLOP BIBLE,2024-04-30,8:44,"SUPERSEDED by 2026 'BTN vs EP OPEN (LOOSE PLAYER)' (same coach, newer video wins).",no
BTN VS AGGRO OPEN,BTN,vs_open,HJ/CO,aggressive rec opener,K8s,3bet,50,call,50,,0,0,Live Poker PREFLOP BIBLE,2024-04-30,8:44,"SUPERSEDED by 2026 'BTN vs EP OPEN (LOOSE PLAYER)' (same coach, newer video wins). SITUATIONAL (Mark 2024): a 'partial' - don't randomize; lean to the aggressive action with a bigger skill edge, deeper stacks, or a weaker/more predictable opponent.",yes
BTN VS AGGRO OPEN,BTN,vs_open,HJ/CO,aggressive rec opener,K7s,3bet,0,call,0,,0,100,Live Poker PREFLOP BIBLE,2024-04-30,8:44,"SUPERSEDED by 2026 'BTN vs EP OPEN (LOOSE PLAYER)' (same coach, newer video wins).",no
BTN VS AGGRO OPEN,BTN,vs_open,HJ/CO,aggressive rec opener,K6s,3bet,50,call,50,,0,0,Live Poker PREFLOP BIBLE,2024-04-30,8:44,"SUPERSEDED by 2026 'BTN vs EP OPEN (LOOSE PLAYER)' (same coach, newer video wins). SITUATIONAL (Mark 2024): a 'partial' - don't randomize; lean to the aggressive action with a bigger skill edge, deeper stacks, or a weaker/more predictable opponent.",yes
BTN VS AGGRO OPEN,BTN,vs_open,HJ/CO,aggressive rec opener,K5s,3bet,0,call,0,,0,100,Live Poker PREFLOP BIBLE,2024-04-30,8:44,"SUPERSEDED by 2026 'BTN vs EP OPEN (LOOSE PLAYER)' (same coach, newer video wins).",no
BTN VS AGGRO OPEN,BTN,vs_open,HJ/CO,aggressive rec opener,K4s,3bet,0,call,0,,0,100,Live Poker PREFLOP BIBLE,2024-04-30,8:44,"SUPERSEDED by 2026 'BTN vs EP OPEN (LOOSE PLAYER)' (same coach, newer video wins).",no
BTN VS AGGRO OPEN,BTN,vs_open,HJ/CO,aggressive rec opener,K3s,3bet,0,call,0,,0,100,Live Poker PREFLOP BIBLE,2024-04-30,8:44,"SUPERSEDED by 2026 'BTN vs EP OPEN (LOOSE PLAYER)' (same coach, newer video wins).",no
BTN VS AGGRO OPEN,BTN,vs_open,HJ/CO,aggressive rec opener,K2s,3bet,0,call,0,,0,100,Live Poker PREFLOP BIBLE,2024-04-30,8:44,"SUPERSEDED by 2026 'BTN vs EP OPEN (LOOSE PLAYER)' (same coach, newer video wins).",no
BTN VS AGGRO OPEN,BTN,vs_open,HJ/CO,aggressive rec opener,AQo,3bet,100,call,0,,0,0,Live Poker PREFLOP BIBLE,2024-04-30,8:44,"SUPERSEDED by 2026 'BTN vs EP OPEN (LOOSE PLAYER)' (same coach, newer video wins).",no
BTN VS AGGRO OPEN,BTN,vs_open,HJ/CO,aggressive rec opener,KQo,3bet,100,call,0,,0,0,Live Poker PREFLOP BIBLE,2024-04-30,8:44,"SUPERSEDED by 2026 'BTN vs EP OPEN (LOOSE PLAYER)' (same coach, newer video wins).",no
BTN VS AGGRO OPEN,BTN,vs_open,HJ/CO,aggressive rec opener,QQ,3bet,100,call,0,,0,0,Live Poker PREFLOP BIBLE,2024-04-30,8:44,"SUPERSEDED by 2026 'BTN vs EP OPEN (LOOSE PLAYER)' (same coach, newer video wins).",no
BTN VS AGGRO OPEN,BTN,vs_open,HJ/CO,aggressive rec opener,QJs,3bet,100,call,0,,0,0,Live Poker PREFLOP BIBLE,2024-04-30,8:44,"SUPERSEDED by 2026 'BTN vs EP OPEN (LOOSE PLAYER)' (same coach, newer video wins).",no
BTN VS AGGRO OPEN,BTN,vs_open,HJ/CO,aggressive rec opener,QTs,3bet,100,call,0,,0,0,Live Poker PREFLOP BIBLE,2024-04-30,8:44,"SUPERSEDED by 2026 'BTN vs EP OPEN (LOOSE PLAYER)' (same coach, newer video wins).",no
BTN VS AGGRO OPEN,BTN,vs_open,HJ/CO,aggressive rec opener,Q9s,3bet,50,call,50,,0,0,Live Poker PREFLOP BIBLE,2024-04-30,8:44,"SUPERSEDED by 2026 'BTN vs EP OPEN (LOOSE PLAYER)' (same coach, newer video wins). SITUATIONAL (Mark 2024): a 'partial' - don't randomize; lean to the aggressive action with a bigger skill edge, deeper stacks, or a weaker/more predictable opponent.",yes
BTN VS AGGRO OPEN,BTN,vs_open,HJ/CO,aggressive rec opener,Q8s,3bet,0,call,0,,0,100,Live Poker PREFLOP BIBLE,2024-04-30,8:44,"SUPERSEDED by 2026 'BTN vs EP OPEN (LOOSE PLAYER)' (same coach, newer video wins).",no
BTN VS AGGRO OPEN,BTN,vs_open,HJ/CO,aggressive rec opener,Q7s,3bet,0,call,0,,0,100,Live Poker PREFLOP BIBLE,2024-04-30,8:44,"SUPERSEDED by 2026 'BTN vs EP OPEN (LOOSE PLAYER)' (same coach, newer video wins).",no
BTN VS AGGRO OPEN,BTN,vs_open,HJ/CO,aggressive rec opener,Q6s,3bet,0,call,0,,0,100,Live Poker PREFLOP BIBLE,2024-04-30,8:44,"SUPERSEDED by 2026 'BTN vs EP OPEN (LOOSE PLAYER)' (same coach, newer video wins).",no
BTN VS AGGRO OPEN,BTN,vs_open,HJ/CO,aggressive rec opener,Q5s,3bet,0,call,0,,0,100,Live Poker PREFLOP BIBLE,2024-04-30,8:44,"SUPERSEDED by 2026 'BTN vs EP OPEN (LOOSE PLAYER)' (same coach, newer video wins).",no
BTN VS AGGRO OPEN,BTN,vs_open,HJ/CO,aggressive rec opener,Q4s,3bet,0,call,0,,0,100,Live Poker PREFLOP BIBLE,2024-04-30,8:44,"SUPERSEDED by 2026 'BTN vs EP OPEN (LOOSE PLAYER)' (same coach, newer video wins).",no
BTN VS AGGRO OPEN,BTN,vs_open,HJ/CO,aggressive rec opener,Q3s,3bet,0,call,0,,0,100,Live Poker PREFLOP BIBLE,2024-04-30,8:44,"SUPERSEDED by 2026 'BTN vs EP OPEN (LOOSE PLAYER)' (same coach, newer video wins).",no
BTN VS AGGRO OPEN,BTN,vs_open,HJ/CO,aggressive rec opener,Q2s,3bet,0,call,0,,0,100,Live Poker PREFLOP BIBLE,2024-04-30,8:44,"SUPERSEDED by 2026 'BTN vs EP OPEN (LOOSE PLAYER)' (same coach, newer video wins).",no
BTN VS AGGRO OPEN,BTN,vs_open,HJ/CO,aggressive rec opener,AJo,3bet,100,call,0,,0,0,Live Poker PREFLOP BIBLE,2024-04-30,8:44,"SUPERSEDED by 2026 'BTN vs EP OPEN (LOOSE PLAYER)' (same coach, newer video wins).",no
BTN VS AGGRO OPEN,BTN,vs_open,HJ/CO,aggressive rec opener,KJo,3bet,50,call,50,,0,0,Live Poker PREFLOP BIBLE,2024-04-30,8:44,"SUPERSEDED by 2026 'BTN vs EP OPEN (LOOSE PLAYER)' (same coach, newer video wins). SITUATIONAL (Mark 2024): a 'partial' - don't randomize; lean to the aggressive action with a bigger skill edge, deeper stacks, or a weaker/more predictable opponent.",yes
BTN VS AGGRO OPEN,BTN,vs_open,HJ/CO,aggressive rec opener,QJo,3bet,0,call,0,,0,100,Live Poker PREFLOP BIBLE,2024-04-30,8:44,"SUPERSEDED by 2026 'BTN vs EP OPEN (LOOSE PLAYER)' (same coach, newer video wins).",no
BTN VS AGGRO OPEN,BTN,vs_open,HJ/CO,aggressive rec opener,JJ,3bet,100,call,0,,0,0,Live Poker PREFLOP BIBLE,2024-04-30,8:44,"SUPERSEDED by 2026 'BTN vs EP OPEN (LOOSE PLAYER)' (same coach, newer video wins).",no
BTN VS AGGRO OPEN,BTN,vs_open,HJ/CO,aggressive rec opener,JTs,3bet,100,call,0,,0,0,Live Poker PREFLOP BIBLE,2024-04-30,8:44,"SUPERSEDED by 2026 'BTN vs EP OPEN (LOOSE PLAYER)' (same coach, newer video wins).",no
BTN VS AGGRO OPEN,BTN,vs_open,HJ/CO,aggressive rec opener,J9s,3bet,100,call,0,,0,0,Live Poker PREFLOP BIBLE,2024-04-30,8:44,"SUPERSEDED by 2026 'BTN vs EP OPEN (LOOSE PLAYER)' (same coach, newer video wins).",no
BTN VS AGGRO OPEN,BTN,vs_open,HJ/CO,aggressive rec opener,J8s,3bet,50,call,50,,0,0,Live Poker PREFLOP BIBLE,2024-04-30,8:44,"SUPERSEDED by 2026 'BTN vs EP OPEN (LOOSE PLAYER)' (same coach, newer video wins). SITUATIONAL (Mark 2024): a 'partial' - don't randomize; lean to the aggressive action with a bigger skill edge, deeper stacks, or a weaker/more predictable opponent.",yes
BTN VS AGGRO OPEN,BTN,vs_open,HJ/CO,aggressive rec opener,J7s,3bet,0,call,0,,0,100,Live Poker PREFLOP BIBLE,2024-04-30,8:44,"SUPERSEDED by 2026 'BTN vs EP OPEN (LOOSE PLAYER)' (same coach, newer video wins).",no
BTN VS AGGRO OPEN,BTN,vs_open,HJ/CO,aggressive rec opener,J6s,3bet,0,call,0,,0,100,Live Poker PREFLOP BIBLE,2024-04-30,8:44,"SUPERSEDED by 2026 'BTN vs EP OPEN (LOOSE PLAYER)' (same coach, newer video wins).",no
BTN VS AGGRO OPEN,BTN,vs_open,HJ/CO,aggressive rec opener,J5s,3bet,0,call,0,,0,100,Live Poker PREFLOP BIBLE,2024-04-30,8:44,"SUPERSEDED by 2026 'BTN vs EP OPEN (LOOSE PLAYER)' (same coach, newer video wins).",no
BTN VS AGGRO OPEN,BTN,vs_open,HJ/CO,aggressive rec opener,J4s,3bet,0,call,0,,0,100,Live Poker PREFLOP BIBLE,2024-04-30,8:44,"SUPERSEDED by 2026 'BTN vs EP OPEN (LOOSE PLAYER)' (same coach, newer video wins).",no
BTN VS AGGRO OPEN,BTN,vs_open,HJ/CO,aggressive rec opener,J3s,3bet,0,call,0,,0,100,Live Poker PREFLOP BIBLE,2024-04-30,8:44,"SUPERSEDED by 2026 'BTN vs EP OPEN (LOOSE PLAYER)' (same coach, newer video wins).",no
BTN VS AGGRO OPEN,BTN,vs_open,HJ/CO,aggressive rec opener,J2s,3bet,0,call,0,,0,100,Live Poker PREFLOP BIBLE,2024-04-30,8:44,"SUPERSEDED by 2026 'BTN vs EP OPEN (LOOSE PLAYER)' (same coach, newer video wins).",no
BTN VS AGGRO OPEN,BTN,vs_open,HJ/CO,aggressive rec opener,ATo,3bet,100,call,0,,0,0,Live Poker PREFLOP BIBLE,2024-04-30,8:44,"SUPERSEDED by 2026 'BTN vs EP OPEN (LOOSE PLAYER)' (same coach, newer video wins).",no
BTN VS AGGRO OPEN,BTN,vs_open,HJ/CO,aggressive rec opener,KTo,3bet,50,call,50,,0,0,Live Poker PREFLOP BIBLE,2024-04-30,8:44,"SUPERSEDED by 2026 'BTN vs EP OPEN (LOOSE PLAYER)' (same coach, newer video wins). SITUATIONAL (Mark 2024): a 'partial' - don't randomize; lean to the aggressive action with a bigger skill edge, deeper stacks, or a weaker/more predictable opponent.",yes
BTN VS AGGRO OPEN,BTN,vs_open,HJ/CO,aggressive rec opener,QTo,3bet,0,call,0,,0,100,Live Poker PREFLOP BIBLE,2024-04-30,8:44,"SUPERSEDED by 2026 'BTN vs EP OPEN (LOOSE PLAYER)' (same coach, newer video wins).",no
BTN VS AGGRO OPEN,BTN,vs_open,HJ/CO,aggressive rec opener,JTo,3bet,0,call,0,,0,100,Live Poker PREFLOP BIBLE,2024-04-30,8:44,"SUPERSEDED by 2026 'BTN vs EP OPEN (LOOSE PLAYER)' (same coach, newer video wins).",no
BTN VS AGGRO OPEN,BTN,vs_open,HJ/CO,aggressive rec opener,TT,3bet,100,call,0,,0,0,Live Poker PREFLOP BIBLE,2024-04-30,8:44,"SUPERSEDED by 2026 'BTN vs EP OPEN (LOOSE PLAYER)' (same coach, newer video wins).",no
BTN VS AGGRO OPEN,BTN,vs_open,HJ/CO,aggressive rec opener,T9s,3bet,100,call,0,,0,0,Live Poker PREFLOP BIBLE,2024-04-30,8:44,"SUPERSEDED by 2026 'BTN vs EP OPEN (LOOSE PLAYER)' (same coach, newer video wins).",no
BTN VS AGGRO OPEN,BTN,vs_open,HJ/CO,aggressive rec opener,T8s,3bet,50,call,50,,0,0,Live Poker PREFLOP BIBLE,2024-04-30,8:44,"SUPERSEDED by 2026 'BTN vs EP OPEN (LOOSE PLAYER)' (same coach, newer video wins). SITUATIONAL (Mark 2024): a 'partial' - don't randomize; lean to the aggressive action with a bigger skill edge, deeper stacks, or a weaker/more predictable opponent.",yes
BTN VS AGGRO OPEN,BTN,vs_open,HJ/CO,aggressive rec opener,T7s,3bet,0,call,0,,0,100,Live Poker PREFLOP BIBLE,2024-04-30,8:44,"SUPERSEDED by 2026 'BTN vs EP OPEN (LOOSE PLAYER)' (same coach, newer video wins).",no
BTN VS AGGRO OPEN,BTN,vs_open,HJ/CO,aggressive rec opener,T6s,3bet,0,call,0,,0,100,Live Poker PREFLOP BIBLE,2024-04-30,8:44,"SUPERSEDED by 2026 'BTN vs EP OPEN (LOOSE PLAYER)' (same coach, newer video wins).",no
BTN VS AGGRO OPEN,BTN,vs_open,HJ/CO,aggressive rec opener,T5s,3bet,0,call,0,,0,100,Live Poker PREFLOP BIBLE,2024-04-30,8:44,"SUPERSEDED by 2026 'BTN vs EP OPEN (LOOSE PLAYER)' (same coach, newer video wins).",no
BTN VS AGGRO OPEN,BTN,vs_open,HJ/CO,aggressive rec opener,T4s,3bet,0,call,0,,0,100,Live Poker PREFLOP BIBLE,2024-04-30,8:44,"SUPERSEDED by 2026 'BTN vs EP OPEN (LOOSE PLAYER)' (same coach, newer video wins).",no
BTN VS AGGRO OPEN,BTN,vs_open,HJ/CO,aggressive rec opener,T3s,3bet,0,call,0,,0,100,Live Poker PREFLOP BIBLE,2024-04-30,8:44,"SUPERSEDED by 2026 'BTN vs EP OPEN (LOOSE PLAYER)' (same coach, newer video wins).",no
BTN VS AGGRO OPEN,BTN,vs_open,HJ/CO,aggressive rec opener,T2s,3bet,0,call,0,,0,100,Live Poker PREFLOP BIBLE,2024-04-30,8:44,"SUPERSEDED by 2026 'BTN vs EP OPEN (LOOSE PLAYER)' (same coach, newer video wins).",no
BTN VS AGGRO OPEN,BTN,vs_open,HJ/CO,aggressive rec opener,A9o,3bet,0,call,0,,0,100,Live Poker PREFLOP BIBLE,2024-04-30,8:44,"SUPERSEDED by 2026 'BTN vs EP OPEN (LOOSE PLAYER)' (same coach, newer video wins).",no
BTN VS AGGRO OPEN,BTN,vs_open,HJ/CO,aggressive rec opener,K9o,3bet,0,call,0,,0,100,Live Poker PREFLOP BIBLE,2024-04-30,8:44,"SUPERSEDED by 2026 'BTN vs EP OPEN (LOOSE PLAYER)' (same coach, newer video wins).",no
BTN VS AGGRO OPEN,BTN,vs_open,HJ/CO,aggressive rec opener,Q9o,3bet,0,call,0,,0,100,Live Poker PREFLOP BIBLE,2024-04-30,8:44,"SUPERSEDED by 2026 'BTN vs EP OPEN (LOOSE PLAYER)' (same coach, newer video wins).",no
BTN VS AGGRO OPEN,BTN,vs_open,HJ/CO,aggressive rec opener,J9o,3bet,0,call,0,,0,100,Live Poker PREFLOP BIBLE,2024-04-30,8:44,"SUPERSEDED by 2026 'BTN vs EP OPEN (LOOSE PLAYER)' (same coach, newer video wins).",no
BTN VS AGGRO OPEN,BTN,vs_open,HJ/CO,aggressive rec opener,T9o,3bet,0,call,0,,0,100,Live Poker PREFLOP BIBLE,2024-04-30,8:44,"SUPERSEDED by 2026 'BTN vs EP OPEN (LOOSE PLAYER)' (same coach, newer video wins).",no
BTN VS AGGRO OPEN,BTN,vs_open,HJ/CO,aggressive rec opener,99,3bet,100,call,0,,0,0,Live Poker PREFLOP BIBLE,2024-04-30,8:44,"SUPERSEDED by 2026 'BTN vs EP OPEN (LOOSE PLAYER)' (same coach, newer video wins).",no
BTN VS AGGRO OPEN,BTN,vs_open,HJ/CO,aggressive rec opener,98s,3bet,50,call,50,,0,0,Live Poker PREFLOP BIBLE,2024-04-30,8:44,"SUPERSEDED by 2026 'BTN vs EP OPEN (LOOSE PLAYER)' (same coach, newer video wins). SITUATIONAL (Mark 2024): a 'partial' - don't randomize; lean to the aggressive action with a bigger skill edge, deeper stacks, or a weaker/more predictable opponent.",yes
BTN VS AGGRO OPEN,BTN,vs_open,HJ/CO,aggressive rec opener,97s,3bet,0,call,0,,0,100,Live Poker PREFLOP BIBLE,2024-04-30,8:44,"SUPERSEDED by 2026 'BTN vs EP OPEN (LOOSE PLAYER)' (same coach, newer video wins).",no
BTN VS AGGRO OPEN,BTN,vs_open,HJ/CO,aggressive rec opener,96s,3bet,0,call,0,,0,100,Live Poker PREFLOP BIBLE,2024-04-30,8:44,"SUPERSEDED by 2026 'BTN vs EP OPEN (LOOSE PLAYER)' (same coach, newer video wins).",no
BTN VS AGGRO OPEN,BTN,vs_open,HJ/CO,aggressive rec opener,95s,3bet,0,call,0,,0,100,Live Poker PREFLOP BIBLE,2024-04-30,8:44,"SUPERSEDED by 2026 'BTN vs EP OPEN (LOOSE PLAYER)' (same coach, newer video wins).",no
BTN VS AGGRO OPEN,BTN,vs_open,HJ/CO,aggressive rec opener,94s,3bet,0,call,0,,0,100,Live Poker PREFLOP BIBLE,2024-04-30,8:44,"SUPERSEDED by 2026 'BTN vs EP OPEN (LOOSE PLAYER)' (same coach, newer video wins).",no
BTN VS AGGRO OPEN,BTN,vs_open,HJ/CO,aggressive rec opener,93s,3bet,0,call,0,,0,100,Live Poker PREFLOP BIBLE,2024-04-30,8:44,"SUPERSEDED by 2026 'BTN vs EP OPEN (LOOSE PLAYER)' (same coach, newer video wins).",no
BTN VS AGGRO OPEN,BTN,vs_open,HJ/CO,aggressive rec opener,92s,3bet,0,call,0,,0,100,Live Poker PREFLOP BIBLE,2024-04-30,8:44,"SUPERSEDED by 2026 'BTN vs EP OPEN (LOOSE PLAYER)' (same coach, newer video wins).",no
BTN VS AGGRO OPEN,BTN,vs_open,HJ/CO,aggressive rec opener,A8o,3bet,0,call,0,,0,100,Live Poker PREFLOP BIBLE,2024-04-30,8:44,"SUPERSEDED by 2026 'BTN vs EP OPEN (LOOSE PLAYER)' (same coach, newer video wins).",no
BTN VS AGGRO OPEN,BTN,vs_open,HJ/CO,aggressive rec opener,K8o,3bet,0,call,0,,0,100,Live Poker PREFLOP BIBLE,2024-04-30,8:44,"SUPERSEDED by 2026 'BTN vs EP OPEN (LOOSE PLAYER)' (same coach, newer video wins).",no
BTN VS AGGRO OPEN,BTN,vs_open,HJ/CO,aggressive rec opener,Q8o,3bet,0,call,0,,0,100,Live Poker PREFLOP BIBLE,2024-04-30,8:44,"SUPERSEDED by 2026 'BTN vs EP OPEN (LOOSE PLAYER)' (same coach, newer video wins).",no
BTN VS AGGRO OPEN,BTN,vs_open,HJ/CO,aggressive rec opener,J8o,3bet,0,call,0,,0,100,Live Poker PREFLOP BIBLE,2024-04-30,8:44,"SUPERSEDED by 2026 'BTN vs EP OPEN (LOOSE PLAYER)' (same coach, newer video wins).",no
BTN VS AGGRO OPEN,BTN,vs_open,HJ/CO,aggressive rec opener,T8o,3bet,0,call,0,,0,100,Live Poker PREFLOP BIBLE,2024-04-30,8:44,"SUPERSEDED by 2026 'BTN vs EP OPEN (LOOSE PLAYER)' (same coach, newer video wins).",no
BTN VS AGGRO OPEN,BTN,vs_open,HJ/CO,aggressive rec opener,98o,3bet,0,call,0,,0,100,Live Poker PREFLOP BIBLE,2024-04-30,8:44,"SUPERSEDED by 2026 'BTN vs EP OPEN (LOOSE PLAYER)' (same coach, newer video wins).",no
BTN VS AGGRO OPEN,BTN,vs_open,HJ/CO,aggressive rec opener,88,3bet,100,call,0,,0,0,Live Poker PREFLOP BIBLE,2024-04-30,8:44,"SUPERSEDED by 2026 'BTN vs EP OPEN (LOOSE PLAYER)' (same coach, newer video wins).",no
BTN VS AGGRO OPEN,BTN,vs_open,HJ/CO,aggressive rec opener,87s,3bet,50,call,50,,0,0,Live Poker PREFLOP BIBLE,2024-04-30,8:44,"SUPERSEDED by 2026 'BTN vs EP OPEN (LOOSE PLAYER)' (same coach, newer video wins). SITUATIONAL (Mark 2024): a 'partial' - don't randomize; lean to the aggressive action with a bigger skill edge, deeper stacks, or a weaker/more predictable opponent.",yes
BTN VS AGGRO OPEN,BTN,vs_open,HJ/CO,aggressive rec opener,86s,3bet,0,call,0,,0,100,Live Poker PREFLOP BIBLE,2024-04-30,8:44,"SUPERSEDED by 2026 'BTN vs EP OPEN (LOOSE PLAYER)' (same coach, newer video wins).",no
BTN VS AGGRO OPEN,BTN,vs_open,HJ/CO,aggressive rec opener,85s,3bet,0,call,0,,0,100,Live Poker PREFLOP BIBLE,2024-04-30,8:44,"SUPERSEDED by 2026 'BTN vs EP OPEN (LOOSE PLAYER)' (same coach, newer video wins).",no
BTN VS AGGRO OPEN,BTN,vs_open,HJ/CO,aggressive rec opener,84s,3bet,0,call,0,,0,100,Live Poker PREFLOP BIBLE,2024-04-30,8:44,"SUPERSEDED by 2026 'BTN vs EP OPEN (LOOSE PLAYER)' (same coach, newer video wins).",no
BTN VS AGGRO OPEN,BTN,vs_open,HJ/CO,aggressive rec opener,83s,3bet,0,call,0,,0,100,Live Poker PREFLOP BIBLE,2024-04-30,8:44,"SUPERSEDED by 2026 'BTN vs EP OPEN (LOOSE PLAYER)' (same coach, newer video wins).",no
BTN VS AGGRO OPEN,BTN,vs_open,HJ/CO,aggressive rec opener,82s,3bet,0,call,0,,0,100,Live Poker PREFLOP BIBLE,2024-04-30,8:44,"SUPERSEDED by 2026 'BTN vs EP OPEN (LOOSE PLAYER)' (same coach, newer video wins).",no
BTN VS AGGRO OPEN,BTN,vs_open,HJ/CO,aggressive rec opener,A7o,3bet,0,call,0,,0,100,Live Poker PREFLOP BIBLE,2024-04-30,8:44,"SUPERSEDED by 2026 'BTN vs EP OPEN (LOOSE PLAYER)' (same coach, newer video wins).",no
BTN VS AGGRO OPEN,BTN,vs_open,HJ/CO,aggressive rec opener,K7o,3bet,0,call,0,,0,100,Live Poker PREFLOP BIBLE,2024-04-30,8:44,"SUPERSEDED by 2026 'BTN vs EP OPEN (LOOSE PLAYER)' (same coach, newer video wins).",no
BTN VS AGGRO OPEN,BTN,vs_open,HJ/CO,aggressive rec opener,Q7o,3bet,0,call,0,,0,100,Live Poker PREFLOP BIBLE,2024-04-30,8:44,"SUPERSEDED by 2026 'BTN vs EP OPEN (LOOSE PLAYER)' (same coach, newer video wins).",no
BTN VS AGGRO OPEN,BTN,vs_open,HJ/CO,aggressive rec opener,J7o,3bet,0,call,0,,0,100,Live Poker PREFLOP BIBLE,2024-04-30,8:44,"SUPERSEDED by 2026 'BTN vs EP OPEN (LOOSE PLAYER)' (same coach, newer video wins).",no
BTN VS AGGRO OPEN,BTN,vs_open,HJ/CO,aggressive rec opener,T7o,3bet,0,call,0,,0,100,Live Poker PREFLOP BIBLE,2024-04-30,8:44,"SUPERSEDED by 2026 'BTN vs EP OPEN (LOOSE PLAYER)' (same coach, newer video wins).",no
BTN VS AGGRO OPEN,BTN,vs_open,HJ/CO,aggressive rec opener,97o,3bet,0,call,0,,0,100,Live Poker PREFLOP BIBLE,2024-04-30,8:44,"SUPERSEDED by 2026 'BTN vs EP OPEN (LOOSE PLAYER)' (same coach, newer video wins).",no
BTN VS AGGRO OPEN,BTN,vs_open,HJ/CO,aggressive rec opener,87o,3bet,0,call,0,,0,100,Live Poker PREFLOP BIBLE,2024-04-30,8:44,"SUPERSEDED by 2026 'BTN vs EP OPEN (LOOSE PLAYER)' (same coach, newer video wins).",no
BTN VS AGGRO OPEN,BTN,vs_open,HJ/CO,aggressive rec opener,77,3bet,100,call,0,,0,0,Live Poker PREFLOP BIBLE,2024-04-30,8:44,"SUPERSEDED by 2026 'BTN vs EP OPEN (LOOSE PLAYER)' (same coach, newer video wins).",no
BTN VS AGGRO OPEN,BTN,vs_open,HJ/CO,aggressive rec opener,76s,3bet,50,call,50,,0,0,Live Poker PREFLOP BIBLE,2024-04-30,8:44,"SUPERSEDED by 2026 'BTN vs EP OPEN (LOOSE PLAYER)' (same coach, newer video wins). SITUATIONAL (Mark 2024): a 'partial' - don't randomize; lean to the aggressive action with a bigger skill edge, deeper stacks, or a weaker/more predictable opponent.",yes
BTN VS AGGRO OPEN,BTN,vs_open,HJ/CO,aggressive rec opener,75s,3bet,0,call,0,,0,100,Live Poker PREFLOP BIBLE,2024-04-30,8:44,"SUPERSEDED by 2026 'BTN vs EP OPEN (LOOSE PLAYER)' (same coach, newer video wins).",no
BTN VS AGGRO OPEN,BTN,vs_open,HJ/CO,aggressive rec opener,74s,3bet,0,call,0,,0,100,Live Poker PREFLOP BIBLE,2024-04-30,8:44,"SUPERSEDED by 2026 'BTN vs EP OPEN (LOOSE PLAYER)' (same coach, newer video wins).",no
BTN VS AGGRO OPEN,BTN,vs_open,HJ/CO,aggressive rec opener,73s,3bet,0,call,0,,0,100,Live Poker PREFLOP BIBLE,2024-04-30,8:44,"SUPERSEDED by 2026 'BTN vs EP OPEN (LOOSE PLAYER)' (same coach, newer video wins).",no
BTN VS AGGRO OPEN,BTN,vs_open,HJ/CO,aggressive rec opener,72s,3bet,0,call,0,,0,100,Live Poker PREFLOP BIBLE,2024-04-30,8:44,"SUPERSEDED by 2026 'BTN vs EP OPEN (LOOSE PLAYER)' (same coach, newer video wins).",no
BTN VS AGGRO OPEN,BTN,vs_open,HJ/CO,aggressive rec opener,A6o,3bet,0,call,0,,0,100,Live Poker PREFLOP BIBLE,2024-04-30,8:44,"SUPERSEDED by 2026 'BTN vs EP OPEN (LOOSE PLAYER)' (same coach, newer video wins).",no
BTN VS AGGRO OPEN,BTN,vs_open,HJ/CO,aggressive rec opener,K6o,3bet,0,call,0,,0,100,Live Poker PREFLOP BIBLE,2024-04-30,8:44,"SUPERSEDED by 2026 'BTN vs EP OPEN (LOOSE PLAYER)' (same coach, newer video wins).",no
BTN VS AGGRO OPEN,BTN,vs_open,HJ/CO,aggressive rec opener,Q6o,3bet,0,call,0,,0,100,Live Poker PREFLOP BIBLE,2024-04-30,8:44,"SUPERSEDED by 2026 'BTN vs EP OPEN (LOOSE PLAYER)' (same coach, newer video wins).",no
BTN VS AGGRO OPEN,BTN,vs_open,HJ/CO,aggressive rec opener,J6o,3bet,0,call,0,,0,100,Live Poker PREFLOP BIBLE,2024-04-30,8:44,"SUPERSEDED by 2026 'BTN vs EP OPEN (LOOSE PLAYER)' (same coach, newer video wins).",no
BTN VS AGGRO OPEN,BTN,vs_open,HJ/CO,aggressive rec opener,T6o,3bet,0,call,0,,0,100,Live Poker PREFLOP BIBLE,2024-04-30,8:44,"SUPERSEDED by 2026 'BTN vs EP OPEN (LOOSE PLAYER)' (same coach, newer video wins).",no
BTN VS AGGRO OPEN,BTN,vs_open,HJ/CO,aggressive rec opener,96o,3bet,0,call,0,,0,100,Live Poker PREFLOP BIBLE,2024-04-30,8:44,"SUPERSEDED by 2026 'BTN vs EP OPEN (LOOSE PLAYER)' (same coach, newer video wins).",no
BTN VS AGGRO OPEN,BTN,vs_open,HJ/CO,aggressive rec opener,86o,3bet,0,call,0,,0,100,Live Poker PREFLOP BIBLE,2024-04-30,8:44,"SUPERSEDED by 2026 'BTN vs EP OPEN (LOOSE PLAYER)' (same coach, newer video wins).",no
BTN VS AGGRO OPEN,BTN,vs_open,HJ/CO,aggressive rec opener,76o,3bet,0,call,0,,0,100,Live Poker PREFLOP BIBLE,2024-04-30,8:44,"SUPERSEDED by 2026 'BTN vs EP OPEN (LOOSE PLAYER)' (same coach, newer video wins).",no
BTN VS AGGRO OPEN,BTN,vs_open,HJ/CO,aggressive rec opener,66,3bet,50,call,50,,0,0,Live Poker PREFLOP BIBLE,2024-04-30,8:44,"SUPERSEDED by 2026 'BTN vs EP OPEN (LOOSE PLAYER)' (same coach, newer video wins). SITUATIONAL (Mark 2024): a 'partial' - don't randomize; lean to the aggressive action with a bigger skill edge, deeper stacks, or a weaker/more predictable opponent.",yes
BTN VS AGGRO OPEN,BTN,vs_open,HJ/CO,aggressive rec opener,65s,3bet,50,call,50,,0,0,Live Poker PREFLOP BIBLE,2024-04-30,8:44,"SUPERSEDED by 2026 'BTN vs EP OPEN (LOOSE PLAYER)' (same coach, newer video wins). SITUATIONAL (Mark 2024): a 'partial' - don't randomize; lean to the aggressive action with a bigger skill edge, deeper stacks, or a weaker/more predictable opponent.",yes
BTN VS AGGRO OPEN,BTN,vs_open,HJ/CO,aggressive rec opener,64s,3bet,0,call,0,,0,100,Live Poker PREFLOP BIBLE,2024-04-30,8:44,"SUPERSEDED by 2026 'BTN vs EP OPEN (LOOSE PLAYER)' (same coach, newer video wins).",no
BTN VS AGGRO OPEN,BTN,vs_open,HJ/CO,aggressive rec opener,63s,3bet,0,call,0,,0,100,Live Poker PREFLOP BIBLE,2024-04-30,8:44,"SUPERSEDED by 2026 'BTN vs EP OPEN (LOOSE PLAYER)' (same coach, newer video wins).",no
BTN VS AGGRO OPEN,BTN,vs_open,HJ/CO,aggressive rec opener,62s,3bet,0,call,0,,0,100,Live Poker PREFLOP BIBLE,2024-04-30,8:44,"SUPERSEDED by 2026 'BTN vs EP OPEN (LOOSE PLAYER)' (same coach, newer video wins).",no
BTN VS AGGRO OPEN,BTN,vs_open,HJ/CO,aggressive rec opener,A5o,3bet,0,call,0,,0,100,Live Poker PREFLOP BIBLE,2024-04-30,8:44,"SUPERSEDED by 2026 'BTN vs EP OPEN (LOOSE PLAYER)' (same coach, newer video wins).",no
BTN VS AGGRO OPEN,BTN,vs_open,HJ/CO,aggressive rec opener,K5o,3bet,0,call,0,,0,100,Live Poker PREFLOP BIBLE,2024-04-30,8:44,"SUPERSEDED by 2026 'BTN vs EP OPEN (LOOSE PLAYER)' (same coach, newer video wins).",no
BTN VS AGGRO OPEN,BTN,vs_open,HJ/CO,aggressive rec opener,Q5o,3bet,0,call,0,,0,100,Live Poker PREFLOP BIBLE,2024-04-30,8:44,"SUPERSEDED by 2026 'BTN vs EP OPEN (LOOSE PLAYER)' (same coach, newer video wins).",no
BTN VS AGGRO OPEN,BTN,vs_open,HJ/CO,aggressive rec opener,J5o,3bet,0,call,0,,0,100,Live Poker PREFLOP BIBLE,2024-04-30,8:44,"SUPERSEDED by 2026 'BTN vs EP OPEN (LOOSE PLAYER)' (same coach, newer video wins).",no
BTN VS AGGRO OPEN,BTN,vs_open,HJ/CO,aggressive rec opener,T5o,3bet,0,call,0,,0,100,Live Poker PREFLOP BIBLE,2024-04-30,8:44,"SUPERSEDED by 2026 'BTN vs EP OPEN (LOOSE PLAYER)' (same coach, newer video wins).",no
BTN VS AGGRO OPEN,BTN,vs_open,HJ/CO,aggressive rec opener,95o,3bet,0,call,0,,0,100,Live Poker PREFLOP BIBLE,2024-04-30,8:44,"SUPERSEDED by 2026 'BTN vs EP OPEN (LOOSE PLAYER)' (same coach, newer video wins).",no
BTN VS AGGRO OPEN,BTN,vs_open,HJ/CO,aggressive rec opener,85o,3bet,0,call,0,,0,100,Live Poker PREFLOP BIBLE,2024-04-30,8:44,"SUPERSEDED by 2026 'BTN vs EP OPEN (LOOSE PLAYER)' (same coach, newer video wins).",no
BTN VS AGGRO OPEN,BTN,vs_open,HJ/CO,aggressive rec opener,75o,3bet,0,call,0,,0,100,Live Poker PREFLOP BIBLE,2024-04-30,8:44,"SUPERSEDED by 2026 'BTN vs EP OPEN (LOOSE PLAYER)' (same coach, newer video wins).",no
BTN VS AGGRO OPEN,BTN,vs_open,HJ/CO,aggressive rec opener,65o,3bet,0,call,0,,0,100,Live Poker PREFLOP BIBLE,2024-04-30,8:44,"SUPERSEDED by 2026 'BTN vs EP OPEN (LOOSE PLAYER)' (same coach, newer video wins).",no
BTN VS AGGRO OPEN,BTN,vs_open,HJ/CO,aggressive rec opener,55,3bet,50,call,50,,0,0,Live Poker PREFLOP BIBLE,2024-04-30,8:44,"SUPERSEDED by 2026 'BTN vs EP OPEN (LOOSE PLAYER)' (same coach, newer video wins). SITUATIONAL (Mark 2024): a 'partial' - don't randomize; lean to the aggressive action with a bigger skill edge, deeper stacks, or a weaker/more predictable opponent.",yes
BTN VS AGGRO OPEN,BTN,vs_open,HJ/CO,aggressive rec opener,54s,3bet,50,call,50,,0,0,Live Poker PREFLOP BIBLE,2024-04-30,8:44,"SUPERSEDED by 2026 'BTN vs EP OPEN (LOOSE PLAYER)' (same coach, newer video wins). SITUATIONAL (Mark 2024): a 'partial' - don't randomize; lean to the aggressive action with a bigger skill edge, deeper stacks, or a weaker/more predictable opponent.",yes
BTN VS AGGRO OPEN,BTN,vs_open,HJ/CO,aggressive rec opener,53s,3bet,0,call,0,,0,100,Live Poker PREFLOP BIBLE,2024-04-30,8:44,"SUPERSEDED by 2026 'BTN vs EP OPEN (LOOSE PLAYER)' (same coach, newer video wins).",no
BTN VS AGGRO OPEN,BTN,vs_open,HJ/CO,aggressive rec opener,52s,3bet,0,call,0,,0,100,Live Poker PREFLOP BIBLE,2024-04-30,8:44,"SUPERSEDED by 2026 'BTN vs EP OPEN (LOOSE PLAYER)' (same coach, newer video wins).",no
BTN VS AGGRO OPEN,BTN,vs_open,HJ/CO,aggressive rec opener,A4o,3bet,0,call,0,,0,100,Live Poker PREFLOP BIBLE,2024-04-30,8:44,"SUPERSEDED by 2026 'BTN vs EP OPEN (LOOSE PLAYER)' (same coach, newer video wins).",no
BTN VS AGGRO OPEN,BTN,vs_open,HJ/CO,aggressive rec opener,K4o,3bet,0,call,0,,0,100,Live Poker PREFLOP BIBLE,2024-04-30,8:44,"SUPERSEDED by 2026 'BTN vs EP OPEN (LOOSE PLAYER)' (same coach, newer video wins).",no
BTN VS AGGRO OPEN,BTN,vs_open,HJ/CO,aggressive rec opener,Q4o,3bet,0,call,0,,0,100,Live Poker PREFLOP BIBLE,2024-04-30,8:44,"SUPERSEDED by 2026 'BTN vs EP OPEN (LOOSE PLAYER)' (same coach, newer video wins).",no
BTN VS AGGRO OPEN,BTN,vs_open,HJ/CO,aggressive rec opener,J4o,3bet,0,call,0,,0,100,Live Poker PREFLOP BIBLE,2024-04-30,8:44,"SUPERSEDED by 2026 'BTN vs EP OPEN (LOOSE PLAYER)' (same coach, newer video wins).",no
BTN VS AGGRO OPEN,BTN,vs_open,HJ/CO,aggressive rec opener,T4o,3bet,0,call,0,,0,100,Live Poker PREFLOP BIBLE,2024-04-30,8:44,"SUPERSEDED by 2026 'BTN vs EP OPEN (LOOSE PLAYER)' (same coach, newer video wins).",no
BTN VS AGGRO OPEN,BTN,vs_open,HJ/CO,aggressive rec opener,94o,3bet,0,call,0,,0,100,Live Poker PREFLOP BIBLE,2024-04-30,8:44,"SUPERSEDED by 2026 'BTN vs EP OPEN (LOOSE PLAYER)' (same coach, newer video wins).",no
BTN VS AGGRO OPEN,BTN,vs_open,HJ/CO,aggressive rec opener,84o,3bet,0,call,0,,0,100,Live Poker PREFLOP BIBLE,2024-04-30,8:44,"SUPERSEDED by 2026 'BTN vs EP OPEN (LOOSE PLAYER)' (same coach, newer video wins).",no
BTN VS AGGRO OPEN,BTN,vs_open,HJ/CO,aggressive rec opener,74o,3bet,0,call,0,,0,100,Live Poker PREFLOP BIBLE,2024-04-30,8:44,"SUPERSEDED by 2026 'BTN vs EP OPEN (LOOSE PLAYER)' (same coach, newer video wins).",no
BTN VS AGGRO OPEN,BTN,vs_open,HJ/CO,aggressive rec opener,64o,3bet,0,call,0,,0,100,Live Poker PREFLOP BIBLE,2024-04-30,8:44,"SUPERSEDED by 2026 'BTN vs EP OPEN (LOOSE PLAYER)' (same coach, newer video wins).",no
BTN VS AGGRO OPEN,BTN,vs_open,HJ/CO,aggressive rec opener,54o,3bet,0,call,0,,0,100,Live Poker PREFLOP BIBLE,2024-04-30,8:44,"SUPERSEDED by 2026 'BTN vs EP OPEN (LOOSE PLAYER)' (same coach, newer video wins).",no
BTN VS AGGRO OPEN,BTN,vs_open,HJ/CO,aggressive rec opener,44,3bet,50,call,50,,0,0,Live Poker PREFLOP BIBLE,2024-04-30,8:44,"SUPERSEDED by 2026 'BTN vs EP OPEN (LOOSE PLAYER)' (same coach, newer video wins). SITUATIONAL (Mark 2024): a 'partial' - don't randomize; lean to the aggressive action with a bigger skill edge, deeper stacks, or a weaker/more predictable opponent.",yes
BTN VS AGGRO OPEN,BTN,vs_open,HJ/CO,aggressive rec opener,43s,3bet,0,call,0,,0,100,Live Poker PREFLOP BIBLE,2024-04-30,8:44,"SUPERSEDED by 2026 'BTN vs EP OPEN (LOOSE PLAYER)' (same coach, newer video wins).",no
BTN VS AGGRO OPEN,BTN,vs_open,HJ/CO,aggressive rec opener,42s,3bet,0,call,0,,0,100,Live Poker PREFLOP BIBLE,2024-04-30,8:44,"SUPERSEDED by 2026 'BTN vs EP OPEN (LOOSE PLAYER)' (same coach, newer video wins).",no
BTN VS AGGRO OPEN,BTN,vs_open,HJ/CO,aggressive rec opener,A3o,3bet,0,call,0,,0,100,Live Poker PREFLOP BIBLE,2024-04-30,8:44,"SUPERSEDED by 2026 'BTN vs EP OPEN (LOOSE PLAYER)' (same coach, newer video wins).",no
BTN VS AGGRO OPEN,BTN,vs_open,HJ/CO,aggressive rec opener,K3o,3bet,0,call,0,,0,100,Live Poker PREFLOP BIBLE,2024-04-30,8:44,"SUPERSEDED by 2026 'BTN vs EP OPEN (LOOSE PLAYER)' (same coach, newer video wins).",no
BTN VS AGGRO OPEN,BTN,vs_open,HJ/CO,aggressive rec opener,Q3o,3bet,0,call,0,,0,100,Live Poker PREFLOP BIBLE,2024-04-30,8:44,"SUPERSEDED by 2026 'BTN vs EP OPEN (LOOSE PLAYER)' (same coach, newer video wins).",no
BTN VS AGGRO OPEN,BTN,vs_open,HJ/CO,aggressive rec opener,J3o,3bet,0,call,0,,0,100,Live Poker PREFLOP BIBLE,2024-04-30,8:44,"SUPERSEDED by 2026 'BTN vs EP OPEN (LOOSE PLAYER)' (same coach, newer video wins).",no
BTN VS AGGRO OPEN,BTN,vs_open,HJ/CO,aggressive rec opener,T3o,3bet,0,call,0,,0,100,Live Poker PREFLOP BIBLE,2024-04-30,8:44,"SUPERSEDED by 2026 'BTN vs EP OPEN (LOOSE PLAYER)' (same coach, newer video wins).",no
BTN VS AGGRO OPEN,BTN,vs_open,HJ/CO,aggressive rec opener,93o,3bet,0,call,0,,0,100,Live Poker PREFLOP BIBLE,2024-04-30,8:44,"SUPERSEDED by 2026 'BTN vs EP OPEN (LOOSE PLAYER)' (same coach, newer video wins).",no
BTN VS AGGRO OPEN,BTN,vs_open,HJ/CO,aggressive rec opener,83o,3bet,0,call,0,,0,100,Live Poker PREFLOP BIBLE,2024-04-30,8:44,"SUPERSEDED by 2026 'BTN vs EP OPEN (LOOSE PLAYER)' (same coach, newer video wins).",no
BTN VS AGGRO OPEN,BTN,vs_open,HJ/CO,aggressive rec opener,73o,3bet,0,call,0,,0,100,Live Poker PREFLOP BIBLE,2024-04-30,8:44,"SUPERSEDED by 2026 'BTN vs EP OPEN (LOOSE PLAYER)' (same coach, newer video wins).",no
BTN VS AGGRO OPEN,BTN,vs_open,HJ/CO,aggressive rec opener,63o,3bet,0,call,0,,0,100,Live Poker PREFLOP BIBLE,2024-04-30,8:44,"SUPERSEDED by 2026 'BTN vs EP OPEN (LOOSE PLAYER)' (same coach, newer video wins).",no
BTN VS AGGRO OPEN,BTN,vs_open,HJ/CO,aggressive rec opener,53o,3bet,0,call,0,,0,100,Live Poker PREFLOP BIBLE,2024-04-30,8:44,"SUPERSEDED by 2026 'BTN vs EP OPEN (LOOSE PLAYER)' (same coach, newer video wins).",no
BTN VS AGGRO OPEN,BTN,vs_open,HJ/CO,aggressive rec opener,43o,3bet,0,call,0,,0,100,Live Poker PREFLOP BIBLE,2024-04-30,8:44,"SUPERSEDED by 2026 'BTN vs EP OPEN (LOOSE PLAYER)' (same coach, newer video wins).",no
BTN VS AGGRO OPEN,BTN,vs_open,HJ/CO,aggressive rec opener,33,3bet,50,call,50,,0,0,Live Poker PREFLOP BIBLE,2024-04-30,8:44,"SUPERSEDED by 2026 'BTN vs EP OPEN (LOOSE PLAYER)' (same coach, newer video wins). SITUATIONAL (Mark 2024): a 'partial' - don't randomize; lean to the aggressive action with a bigger skill edge, deeper stacks, or a weaker/more predictable opponent.",yes
BTN VS AGGRO OPEN,BTN,vs_open,HJ/CO,aggressive rec opener,32s,3bet,0,call,0,,0,100,Live Poker PREFLOP BIBLE,2024-04-30,8:44,"SUPERSEDED by 2026 'BTN vs EP OPEN (LOOSE PLAYER)' (same coach, newer video wins).",no
BTN VS AGGRO OPEN,BTN,vs_open,HJ/CO,aggressive rec opener,A2o,3bet,0,call,0,,0,100,Live Poker PREFLOP BIBLE,2024-04-30,8:44,"SUPERSEDED by 2026 'BTN vs EP OPEN (LOOSE PLAYER)' (same coach, newer video wins).",no
BTN VS AGGRO OPEN,BTN,vs_open,HJ/CO,aggressive rec opener,K2o,3bet,0,call,0,,0,100,Live Poker PREFLOP BIBLE,2024-04-30,8:44,"SUPERSEDED by 2026 'BTN vs EP OPEN (LOOSE PLAYER)' (same coach, newer video wins).",no
BTN VS AGGRO OPEN,BTN,vs_open,HJ/CO,aggressive rec opener,Q2o,3bet,0,call,0,,0,100,Live Poker PREFLOP BIBLE,2024-04-30,8:44,"SUPERSEDED by 2026 'BTN vs EP OPEN (LOOSE PLAYER)' (same coach, newer video wins).",no
BTN VS AGGRO OPEN,BTN,vs_open,HJ/CO,aggressive rec opener,J2o,3bet,0,call,0,,0,100,Live Poker PREFLOP BIBLE,2024-04-30,8:44,"SUPERSEDED by 2026 'BTN vs EP OPEN (LOOSE PLAYER)' (same coach, newer video wins).",no
BTN VS AGGRO OPEN,BTN,vs_open,HJ/CO,aggressive rec opener,T2o,3bet,0,call,0,,0,100,Live Poker PREFLOP BIBLE,2024-04-30,8:44,"SUPERSEDED by 2026 'BTN vs EP OPEN (LOOSE PLAYER)' (same coach, newer video wins).",no
BTN VS AGGRO OPEN,BTN,vs_open,HJ/CO,aggressive rec opener,92o,3bet,0,call,0,,0,100,Live Poker PREFLOP BIBLE,2024-04-30,8:44,"SUPERSEDED by 2026 'BTN vs EP OPEN (LOOSE PLAYER)' (same coach, newer video wins).",no
BTN VS AGGRO OPEN,BTN,vs_open,HJ/CO,aggressive rec opener,82o,3bet,0,call,0,,0,100,Live Poker PREFLOP BIBLE,2024-04-30,8:44,"SUPERSEDED by 2026 'BTN vs EP OPEN (LOOSE PLAYER)' (same coach, newer video wins).",no
BTN VS AGGRO OPEN,BTN,vs_open,HJ/CO,aggressive rec opener,72o,3bet,0,call,0,,0,100,Live Poker PREFLOP BIBLE,2024-04-30,8:44,"SUPERSEDED by 2026 'BTN vs EP OPEN (LOOSE PLAYER)' (same coach, newer video wins).",no
BTN VS AGGRO OPEN,BTN,vs_open,HJ/CO,aggressive rec opener,62o,3bet,0,call,0,,0,100,Live Poker PREFLOP BIBLE,2024-04-30,8:44,"SUPERSEDED by 2026 'BTN vs EP OPEN (LOOSE PLAYER)' (same coach, newer video wins).",no
BTN VS AGGRO OPEN,BTN,vs_open,HJ/CO,aggressive rec opener,52o,3bet,0,call,0,,0,100,Live Poker PREFLOP BIBLE,2024-04-30,8:44,"SUPERSEDED by 2026 'BTN vs EP OPEN (LOOSE PLAYER)' (same coach, newer video wins).",no
BTN VS AGGRO OPEN,BTN,vs_open,HJ/CO,aggressive rec opener,42o,3bet,0,call,0,,0,100,Live Poker PREFLOP BIBLE,2024-04-30,8:44,"SUPERSEDED by 2026 'BTN vs EP OPEN (LOOSE PLAYER)' (same coach, newer video wins).",no
BTN VS AGGRO OPEN,BTN,vs_open,HJ/CO,aggressive rec opener,32o,3bet,0,call,0,,0,100,Live Poker PREFLOP BIBLE,2024-04-30,8:44,"SUPERSEDED by 2026 'BTN vs EP OPEN (LOOSE PLAYER)' (same coach, newer video wins).",no
BTN VS AGGRO OPEN,BTN,vs_open,HJ/CO,aggressive rec opener,22,3bet,50,call,50,,0,0,Live Poker PREFLOP BIBLE,2024-04-30,8:44,"SUPERSEDED by 2026 'BTN vs EP OPEN (LOOSE PLAYER)' (same coach, newer video wins). SITUATIONAL (Mark 2024): a 'partial' - don't randomize; lean to the aggressive action with a bigger skill edge, deeper stacks, or a weaker/more predictable opponent.",yes
BTN VS PASSIVE OPEN,BTN,vs_open,any,very tight rec opener (~7.5%),AA,3bet,100,call,0,,0,0,Live Poker PREFLOP BIBLE,2024-04-30,9:20,"SUPERSEDED by 2026 'BTN vs EP OPEN (TIGHT PLAYER)' (same coach, newer video wins).",no
BTN VS PASSIVE OPEN,BTN,vs_open,any,very tight rec opener (~7.5%),AKs,3bet,100,call,0,,0,0,Live Poker PREFLOP BIBLE,2024-04-30,9:20,"SUPERSEDED by 2026 'BTN vs EP OPEN (TIGHT PLAYER)' (same coach, newer video wins).",no
BTN VS PASSIVE OPEN,BTN,vs_open,any,very tight rec opener (~7.5%),AQs,3bet,50,call,50,,0,0,Live Poker PREFLOP BIBLE,2024-04-30,9:20,"SUPERSEDED by 2026 'BTN vs EP OPEN (TIGHT PLAYER)' (same coach, newer video wins). SITUATIONAL (Mark 2024): a 'partial' - don't randomize; lean to the aggressive action with a bigger skill edge, deeper stacks, or a weaker/more predictable opponent.",yes
BTN VS PASSIVE OPEN,BTN,vs_open,any,very tight rec opener (~7.5%),AJs,3bet,0,call,100,,0,0,Live Poker PREFLOP BIBLE,2024-04-30,9:20,"SUPERSEDED by 2026 'BTN vs EP OPEN (TIGHT PLAYER)' (same coach, newer video wins).",no
BTN VS PASSIVE OPEN,BTN,vs_open,any,very tight rec opener (~7.5%),ATs,3bet,0,call,100,,0,0,Live Poker PREFLOP BIBLE,2024-04-30,9:20,"SUPERSEDED by 2026 'BTN vs EP OPEN (TIGHT PLAYER)' (same coach, newer video wins).",no
BTN VS PASSIVE OPEN,BTN,vs_open,any,very tight rec opener (~7.5%),A9s,3bet,0,call,0,,0,100,Live Poker PREFLOP BIBLE,2024-04-30,9:20,"SUPERSEDED by 2026 'BTN vs EP OPEN (TIGHT PLAYER)' (same coach, newer video wins).",no
BTN VS PASSIVE OPEN,BTN,vs_open,any,very tight rec opener (~7.5%),A8s,3bet,0,call,0,,0,100,Live Poker PREFLOP BIBLE,2024-04-30,9:20,"SUPERSEDED by 2026 'BTN vs EP OPEN (TIGHT PLAYER)' (same coach, newer video wins).",no
BTN VS PASSIVE OPEN,BTN,vs_open,any,very tight rec opener (~7.5%),A7s,3bet,0,call,0,,0,100,Live Poker PREFLOP BIBLE,2024-04-30,9:20,"SUPERSEDED by 2026 'BTN vs EP OPEN (TIGHT PLAYER)' (same coach, newer video wins).",no
BTN VS PASSIVE OPEN,BTN,vs_open,any,very tight rec opener (~7.5%),A6s,3bet,0,call,0,,0,100,Live Poker PREFLOP BIBLE,2024-04-30,9:20,"SUPERSEDED by 2026 'BTN vs EP OPEN (TIGHT PLAYER)' (same coach, newer video wins).",no
BTN VS PASSIVE OPEN,BTN,vs_open,any,very tight rec opener (~7.5%),A5s,3bet,0,call,100,,0,0,Live Poker PREFLOP BIBLE,2024-04-30,9:20,"SUPERSEDED by 2026 'BTN vs EP OPEN (TIGHT PLAYER)' (same coach, newer video wins).",no
BTN VS PASSIVE OPEN,BTN,vs_open,any,very tight rec opener (~7.5%),A4s,3bet,0,call,100,,0,0,Live Poker PREFLOP BIBLE,2024-04-30,9:20,"SUPERSEDED by 2026 'BTN vs EP OPEN (TIGHT PLAYER)' (same coach, newer video wins).",no
BTN VS PASSIVE OPEN,BTN,vs_open,any,very tight rec opener (~7.5%),A3s,3bet,0,call,0,,0,100,Live Poker PREFLOP BIBLE,2024-04-30,9:20,"SUPERSEDED by 2026 'BTN vs EP OPEN (TIGHT PLAYER)' (same coach, newer video wins).",no
BTN VS PASSIVE OPEN,BTN,vs_open,any,very tight rec opener (~7.5%),A2s,3bet,0,call,0,,0,100,Live Poker PREFLOP BIBLE,2024-04-30,9:20,"SUPERSEDED by 2026 'BTN vs EP OPEN (TIGHT PLAYER)' (same coach, newer video wins).",no
BTN VS PASSIVE OPEN,BTN,vs_open,any,very tight rec opener (~7.5%),AKo,3bet,50,call,50,,0,0,Live Poker PREFLOP BIBLE,2024-04-30,9:20,"SUPERSEDED by 2026 'BTN vs EP OPEN (TIGHT PLAYER)' (same coach, newer video wins). SITUATIONAL (Mark 2024): a 'partial' - don't randomize; lean to the aggressive action with a bigger skill edge, deeper stacks, or a weaker/more predictable opponent.",yes
BTN VS PASSIVE OPEN,BTN,vs_open,any,very tight rec opener (~7.5%),KK,3bet,100,call,0,,0,0,Live Poker PREFLOP BIBLE,2024-04-30,9:20,"SUPERSEDED by 2026 'BTN vs EP OPEN (TIGHT PLAYER)' (same coach, newer video wins).",no
BTN VS PASSIVE OPEN,BTN,vs_open,any,very tight rec opener (~7.5%),KQs,3bet,50,call,50,,0,0,Live Poker PREFLOP BIBLE,2024-04-30,9:20,"SUPERSEDED by 2026 'BTN vs EP OPEN (TIGHT PLAYER)' (same coach, newer video wins). SITUATIONAL (Mark 2024): a 'partial' - don't randomize; lean to the aggressive action with a bigger skill edge, deeper stacks, or a weaker/more predictable opponent.",yes
BTN VS PASSIVE OPEN,BTN,vs_open,any,very tight rec opener (~7.5%),KJs,3bet,0,call,100,,0,0,Live Poker PREFLOP BIBLE,2024-04-30,9:20,"SUPERSEDED by 2026 'BTN vs EP OPEN (TIGHT PLAYER)' (same coach, newer video wins).",no
BTN VS PASSIVE OPEN,BTN,vs_open,any,very tight rec opener (~7.5%),KTs,3bet,0,call,100,,0,0,Live Poker PREFLOP BIBLE,2024-04-30,9:20,"SUPERSEDED by 2026 'BTN vs EP OPEN (TIGHT PLAYER)' (same coach, newer video wins).",no
BTN VS PASSIVE OPEN,BTN,vs_open,any,very tight rec opener (~7.5%),K9s,3bet,0,call,0,,0,100,Live Poker PREFLOP BIBLE,2024-04-30,9:20,"SUPERSEDED by 2026 'BTN vs EP OPEN (TIGHT PLAYER)' (same coach, newer video wins).",no
BTN VS PASSIVE OPEN,BTN,vs_open,any,very tight rec opener (~7.5%),K8s,3bet,0,call,0,,0,100,Live Poker PREFLOP BIBLE,2024-04-30,9:20,"SUPERSEDED by 2026 'BTN vs EP OPEN (TIGHT PLAYER)' (same coach, newer video wins).",no
BTN VS PASSIVE OPEN,BTN,vs_open,any,very tight rec opener (~7.5%),K7s,3bet,0,call,0,,0,100,Live Poker PREFLOP BIBLE,2024-04-30,9:20,"SUPERSEDED by 2026 'BTN vs EP OPEN (TIGHT PLAYER)' (same coach, newer video wins).",no
BTN VS PASSIVE OPEN,BTN,vs_open,any,very tight rec opener (~7.5%),K6s,3bet,0,call,0,,0,100,Live Poker PREFLOP BIBLE,2024-04-30,9:20,"SUPERSEDED by 2026 'BTN vs EP OPEN (TIGHT PLAYER)' (same coach, newer video wins).",no
BTN VS PASSIVE OPEN,BTN,vs_open,any,very tight rec opener (~7.5%),K5s,3bet,0,call,0,,0,100,Live Poker PREFLOP BIBLE,2024-04-30,9:20,"SUPERSEDED by 2026 'BTN vs EP OPEN (TIGHT PLAYER)' (same coach, newer video wins).",no
BTN VS PASSIVE OPEN,BTN,vs_open,any,very tight rec opener (~7.5%),K4s,3bet,0,call,0,,0,100,Live Poker PREFLOP BIBLE,2024-04-30,9:20,"SUPERSEDED by 2026 'BTN vs EP OPEN (TIGHT PLAYER)' (same coach, newer video wins).",no
BTN VS PASSIVE OPEN,BTN,vs_open,any,very tight rec opener (~7.5%),K3s,3bet,0,call,0,,0,100,Live Poker PREFLOP BIBLE,2024-04-30,9:20,"SUPERSEDED by 2026 'BTN vs EP OPEN (TIGHT PLAYER)' (same coach, newer video wins).",no
BTN VS PASSIVE OPEN,BTN,vs_open,any,very tight rec opener (~7.5%),K2s,3bet,0,call,0,,0,100,Live Poker PREFLOP BIBLE,2024-04-30,9:20,"SUPERSEDED by 2026 'BTN vs EP OPEN (TIGHT PLAYER)' (same coach, newer video wins).",no
BTN VS PASSIVE OPEN,BTN,vs_open,any,very tight rec opener (~7.5%),AQo,3bet,0,call,0,,0,100,Live Poker PREFLOP BIBLE,2024-04-30,9:20,"SUPERSEDED by 2026 'BTN vs EP OPEN (TIGHT PLAYER)' (same coach, newer video wins).",no
BTN VS PASSIVE OPEN,BTN,vs_open,any,very tight rec opener (~7.5%),KQo,3bet,0,call,0,,0,100,Live Poker PREFLOP BIBLE,2024-04-30,9:20,"SUPERSEDED by 2026 'BTN vs EP OPEN (TIGHT PLAYER)' (same coach, newer video wins).",no
BTN VS PASSIVE OPEN,BTN,vs_open,any,very tight rec opener (~7.5%),QQ,3bet,50,call,50,,0,0,Live Poker PREFLOP BIBLE,2024-04-30,9:20,"SUPERSEDED by 2026 'BTN vs EP OPEN (TIGHT PLAYER)' (same coach, newer video wins). SITUATIONAL (Mark 2024): a 'partial' - don't randomize; lean to the aggressive action with a bigger skill edge, deeper stacks, or a weaker/more predictable opponent.",yes
BTN VS PASSIVE OPEN,BTN,vs_open,any,very tight rec opener (~7.5%),QJs,3bet,0,call,100,,0,0,Live Poker PREFLOP BIBLE,2024-04-30,9:20,"SUPERSEDED by 2026 'BTN vs EP OPEN (TIGHT PLAYER)' (same coach, newer video wins).",no
BTN VS PASSIVE OPEN,BTN,vs_open,any,very tight rec opener (~7.5%),QTs,3bet,0,call,0,,0,100,Live Poker PREFLOP BIBLE,2024-04-30,9:20,"SUPERSEDED by 2026 'BTN vs EP OPEN (TIGHT PLAYER)' (same coach, newer video wins).",no
BTN VS PASSIVE OPEN,BTN,vs_open,any,very tight rec opener (~7.5%),Q9s,3bet,0,call,0,,0,100,Live Poker PREFLOP BIBLE,2024-04-30,9:20,"SUPERSEDED by 2026 'BTN vs EP OPEN (TIGHT PLAYER)' (same coach, newer video wins).",no
BTN VS PASSIVE OPEN,BTN,vs_open,any,very tight rec opener (~7.5%),Q8s,3bet,0,call,0,,0,100,Live Poker PREFLOP BIBLE,2024-04-30,9:20,"SUPERSEDED by 2026 'BTN vs EP OPEN (TIGHT PLAYER)' (same coach, newer video wins).",no
BTN VS PASSIVE OPEN,BTN,vs_open,any,very tight rec opener (~7.5%),Q7s,3bet,0,call,0,,0,100,Live Poker PREFLOP BIBLE,2024-04-30,9:20,"SUPERSEDED by 2026 'BTN vs EP OPEN (TIGHT PLAYER)' (same coach, newer video wins).",no
BTN VS PASSIVE OPEN,BTN,vs_open,any,very tight rec opener (~7.5%),Q6s,3bet,0,call,0,,0,100,Live Poker PREFLOP BIBLE,2024-04-30,9:20,"SUPERSEDED by 2026 'BTN vs EP OPEN (TIGHT PLAYER)' (same coach, newer video wins).",no
BTN VS PASSIVE OPEN,BTN,vs_open,any,very tight rec opener (~7.5%),Q5s,3bet,0,call,0,,0,100,Live Poker PREFLOP BIBLE,2024-04-30,9:20,"SUPERSEDED by 2026 'BTN vs EP OPEN (TIGHT PLAYER)' (same coach, newer video wins).",no
BTN VS PASSIVE OPEN,BTN,vs_open,any,very tight rec opener (~7.5%),Q4s,3bet,0,call,0,,0,100,Live Poker PREFLOP BIBLE,2024-04-30,9:20,"SUPERSEDED by 2026 'BTN vs EP OPEN (TIGHT PLAYER)' (same coach, newer video wins).",no
BTN VS PASSIVE OPEN,BTN,vs_open,any,very tight rec opener (~7.5%),Q3s,3bet,0,call,0,,0,100,Live Poker PREFLOP BIBLE,2024-04-30,9:20,"SUPERSEDED by 2026 'BTN vs EP OPEN (TIGHT PLAYER)' (same coach, newer video wins).",no
BTN VS PASSIVE OPEN,BTN,vs_open,any,very tight rec opener (~7.5%),Q2s,3bet,0,call,0,,0,100,Live Poker PREFLOP BIBLE,2024-04-30,9:20,"SUPERSEDED by 2026 'BTN vs EP OPEN (TIGHT PLAYER)' (same coach, newer video wins).",no
BTN VS PASSIVE OPEN,BTN,vs_open,any,very tight rec opener (~7.5%),AJo,3bet,0,call,0,,0,100,Live Poker PREFLOP BIBLE,2024-04-30,9:20,"SUPERSEDED by 2026 'BTN vs EP OPEN (TIGHT PLAYER)' (same coach, newer video wins).",no
BTN VS PASSIVE OPEN,BTN,vs_open,any,very tight rec opener (~7.5%),KJo,3bet,0,call,0,,0,100,Live Poker PREFLOP BIBLE,2024-04-30,9:20,"SUPERSEDED by 2026 'BTN vs EP OPEN (TIGHT PLAYER)' (same coach, newer video wins).",no
BTN VS PASSIVE OPEN,BTN,vs_open,any,very tight rec opener (~7.5%),QJo,3bet,0,call,0,,0,100,Live Poker PREFLOP BIBLE,2024-04-30,9:20,"SUPERSEDED by 2026 'BTN vs EP OPEN (TIGHT PLAYER)' (same coach, newer video wins).",no
BTN VS PASSIVE OPEN,BTN,vs_open,any,very tight rec opener (~7.5%),JJ,3bet,50,call,50,,0,0,Live Poker PREFLOP BIBLE,2024-04-30,9:20,"SUPERSEDED by 2026 'BTN vs EP OPEN (TIGHT PLAYER)' (same coach, newer video wins). SITUATIONAL (Mark 2024): a 'partial' - don't randomize; lean to the aggressive action with a bigger skill edge, deeper stacks, or a weaker/more predictable opponent.",yes
BTN VS PASSIVE OPEN,BTN,vs_open,any,very tight rec opener (~7.5%),JTs,3bet,0,call,100,,0,0,Live Poker PREFLOP BIBLE,2024-04-30,9:20,"SUPERSEDED by 2026 'BTN vs EP OPEN (TIGHT PLAYER)' (same coach, newer video wins).",no
BTN VS PASSIVE OPEN,BTN,vs_open,any,very tight rec opener (~7.5%),J9s,3bet,0,call,0,,0,100,Live Poker PREFLOP BIBLE,2024-04-30,9:20,"SUPERSEDED by 2026 'BTN vs EP OPEN (TIGHT PLAYER)' (same coach, newer video wins).",no
BTN VS PASSIVE OPEN,BTN,vs_open,any,very tight rec opener (~7.5%),J8s,3bet,0,call,0,,0,100,Live Poker PREFLOP BIBLE,2024-04-30,9:20,"SUPERSEDED by 2026 'BTN vs EP OPEN (TIGHT PLAYER)' (same coach, newer video wins).",no
BTN VS PASSIVE OPEN,BTN,vs_open,any,very tight rec opener (~7.5%),J7s,3bet,0,call,0,,0,100,Live Poker PREFLOP BIBLE,2024-04-30,9:20,"SUPERSEDED by 2026 'BTN vs EP OPEN (TIGHT PLAYER)' (same coach, newer video wins).",no
BTN VS PASSIVE OPEN,BTN,vs_open,any,very tight rec opener (~7.5%),J6s,3bet,0,call,0,,0,100,Live Poker PREFLOP BIBLE,2024-04-30,9:20,"SUPERSEDED by 2026 'BTN vs EP OPEN (TIGHT PLAYER)' (same coach, newer video wins).",no
BTN VS PASSIVE OPEN,BTN,vs_open,any,very tight rec opener (~7.5%),J5s,3bet,0,call,0,,0,100,Live Poker PREFLOP BIBLE,2024-04-30,9:20,"SUPERSEDED by 2026 'BTN vs EP OPEN (TIGHT PLAYER)' (same coach, newer video wins).",no
BTN VS PASSIVE OPEN,BTN,vs_open,any,very tight rec opener (~7.5%),J4s,3bet,0,call,0,,0,100,Live Poker PREFLOP BIBLE,2024-04-30,9:20,"SUPERSEDED by 2026 'BTN vs EP OPEN (TIGHT PLAYER)' (same coach, newer video wins).",no
BTN VS PASSIVE OPEN,BTN,vs_open,any,very tight rec opener (~7.5%),J3s,3bet,0,call,0,,0,100,Live Poker PREFLOP BIBLE,2024-04-30,9:20,"SUPERSEDED by 2026 'BTN vs EP OPEN (TIGHT PLAYER)' (same coach, newer video wins).",no
BTN VS PASSIVE OPEN,BTN,vs_open,any,very tight rec opener (~7.5%),J2s,3bet,0,call,0,,0,100,Live Poker PREFLOP BIBLE,2024-04-30,9:20,"SUPERSEDED by 2026 'BTN vs EP OPEN (TIGHT PLAYER)' (same coach, newer video wins).",no
BTN VS PASSIVE OPEN,BTN,vs_open,any,very tight rec opener (~7.5%),ATo,3bet,0,call,0,,0,100,Live Poker PREFLOP BIBLE,2024-04-30,9:20,"SUPERSEDED by 2026 'BTN vs EP OPEN (TIGHT PLAYER)' (same coach, newer video wins).",no
BTN VS PASSIVE OPEN,BTN,vs_open,any,very tight rec opener (~7.5%),KTo,3bet,0,call,0,,0,100,Live Poker PREFLOP BIBLE,2024-04-30,9:20,"SUPERSEDED by 2026 'BTN vs EP OPEN (TIGHT PLAYER)' (same coach, newer video wins).",no
BTN VS PASSIVE OPEN,BTN,vs_open,any,very tight rec opener (~7.5%),QTo,3bet,0,call,0,,0,100,Live Poker PREFLOP BIBLE,2024-04-30,9:20,"SUPERSEDED by 2026 'BTN vs EP OPEN (TIGHT PLAYER)' (same coach, newer video wins).",no
BTN VS PASSIVE OPEN,BTN,vs_open,any,very tight rec opener (~7.5%),JTo,3bet,0,call,0,,0,100,Live Poker PREFLOP BIBLE,2024-04-30,9:20,"SUPERSEDED by 2026 'BTN vs EP OPEN (TIGHT PLAYER)' (same coach, newer video wins).",no
BTN VS PASSIVE OPEN,BTN,vs_open,any,very tight rec opener (~7.5%),TT,3bet,50,call,50,,0,0,Live Poker PREFLOP BIBLE,2024-04-30,9:20,"SUPERSEDED by 2026 'BTN vs EP OPEN (TIGHT PLAYER)' (same coach, newer video wins). SITUATIONAL (Mark 2024): a 'partial' - don't randomize; lean to the aggressive action with a bigger skill edge, deeper stacks, or a weaker/more predictable opponent.",yes
BTN VS PASSIVE OPEN,BTN,vs_open,any,very tight rec opener (~7.5%),T9s,3bet,0,call,100,,0,0,Live Poker PREFLOP BIBLE,2024-04-30,9:20,"SUPERSEDED by 2026 'BTN vs EP OPEN (TIGHT PLAYER)' (same coach, newer video wins).",no
BTN VS PASSIVE OPEN,BTN,vs_open,any,very tight rec opener (~7.5%),T8s,3bet,0,call,0,,0,100,Live Poker PREFLOP BIBLE,2024-04-30,9:20,"SUPERSEDED by 2026 'BTN vs EP OPEN (TIGHT PLAYER)' (same coach, newer video wins).",no
BTN VS PASSIVE OPEN,BTN,vs_open,any,very tight rec opener (~7.5%),T7s,3bet,0,call,0,,0,100,Live Poker PREFLOP BIBLE,2024-04-30,9:20,"SUPERSEDED by 2026 'BTN vs EP OPEN (TIGHT PLAYER)' (same coach, newer video wins).",no
BTN VS PASSIVE OPEN,BTN,vs_open,any,very tight rec opener (~7.5%),T6s,3bet,0,call,0,,0,100,Live Poker PREFLOP BIBLE,2024-04-30,9:20,"SUPERSEDED by 2026 'BTN vs EP OPEN (TIGHT PLAYER)' (same coach, newer video wins).",no
BTN VS PASSIVE OPEN,BTN,vs_open,any,very tight rec opener (~7.5%),T5s,3bet,0,call,0,,0,100,Live Poker PREFLOP BIBLE,2024-04-30,9:20,"SUPERSEDED by 2026 'BTN vs EP OPEN (TIGHT PLAYER)' (same coach, newer video wins).",no
BTN VS PASSIVE OPEN,BTN,vs_open,any,very tight rec opener (~7.5%),T4s,3bet,0,call,0,,0,100,Live Poker PREFLOP BIBLE,2024-04-30,9:20,"SUPERSEDED by 2026 'BTN vs EP OPEN (TIGHT PLAYER)' (same coach, newer video wins).",no
BTN VS PASSIVE OPEN,BTN,vs_open,any,very tight rec opener (~7.5%),T3s,3bet,0,call,0,,0,100,Live Poker PREFLOP BIBLE,2024-04-30,9:20,"SUPERSEDED by 2026 'BTN vs EP OPEN (TIGHT PLAYER)' (same coach, newer video wins).",no
BTN VS PASSIVE OPEN,BTN,vs_open,any,very tight rec opener (~7.5%),T2s,3bet,0,call,0,,0,100,Live Poker PREFLOP BIBLE,2024-04-30,9:20,"SUPERSEDED by 2026 'BTN vs EP OPEN (TIGHT PLAYER)' (same coach, newer video wins).",no
BTN VS PASSIVE OPEN,BTN,vs_open,any,very tight rec opener (~7.5%),A9o,3bet,0,call,0,,0,100,Live Poker PREFLOP BIBLE,2024-04-30,9:20,"SUPERSEDED by 2026 'BTN vs EP OPEN (TIGHT PLAYER)' (same coach, newer video wins).",no
BTN VS PASSIVE OPEN,BTN,vs_open,any,very tight rec opener (~7.5%),K9o,3bet,0,call,0,,0,100,Live Poker PREFLOP BIBLE,2024-04-30,9:20,"SUPERSEDED by 2026 'BTN vs EP OPEN (TIGHT PLAYER)' (same coach, newer video wins).",no
BTN VS PASSIVE OPEN,BTN,vs_open,any,very tight rec opener (~7.5%),Q9o,3bet,0,call,0,,0,100,Live Poker PREFLOP BIBLE,2024-04-30,9:20,"SUPERSEDED by 2026 'BTN vs EP OPEN (TIGHT PLAYER)' (same coach, newer video wins).",no
BTN VS PASSIVE OPEN,BTN,vs_open,any,very tight rec opener (~7.5%),J9o,3bet,0,call,0,,0,100,Live Poker PREFLOP BIBLE,2024-04-30,9:20,"SUPERSEDED by 2026 'BTN vs EP OPEN (TIGHT PLAYER)' (same coach, newer video wins).",no
BTN VS PASSIVE OPEN,BTN,vs_open,any,very tight rec opener (~7.5%),T9o,3bet,0,call,0,,0,100,Live Poker PREFLOP BIBLE,2024-04-30,9:20,"SUPERSEDED by 2026 'BTN vs EP OPEN (TIGHT PLAYER)' (same coach, newer video wins).",no
BTN VS PASSIVE OPEN,BTN,vs_open,any,very tight rec opener (~7.5%),99,3bet,0,call,100,,0,0,Live Poker PREFLOP BIBLE,2024-04-30,9:20,"SUPERSEDED by 2026 'BTN vs EP OPEN (TIGHT PLAYER)' (same coach, newer video wins).",no
BTN VS PASSIVE OPEN,BTN,vs_open,any,very tight rec opener (~7.5%),98s,3bet,0,call,0,,0,100,Live Poker PREFLOP BIBLE,2024-04-30,9:20,"SUPERSEDED by 2026 'BTN vs EP OPEN (TIGHT PLAYER)' (same coach, newer video wins).",no
BTN VS PASSIVE OPEN,BTN,vs_open,any,very tight rec opener (~7.5%),97s,3bet,0,call,0,,0,100,Live Poker PREFLOP BIBLE,2024-04-30,9:20,"SUPERSEDED by 2026 'BTN vs EP OPEN (TIGHT PLAYER)' (same coach, newer video wins).",no
BTN VS PASSIVE OPEN,BTN,vs_open,any,very tight rec opener (~7.5%),96s,3bet,0,call,0,,0,100,Live Poker PREFLOP BIBLE,2024-04-30,9:20,"SUPERSEDED by 2026 'BTN vs EP OPEN (TIGHT PLAYER)' (same coach, newer video wins).",no
BTN VS PASSIVE OPEN,BTN,vs_open,any,very tight rec opener (~7.5%),95s,3bet,0,call,0,,0,100,Live Poker PREFLOP BIBLE,2024-04-30,9:20,"SUPERSEDED by 2026 'BTN vs EP OPEN (TIGHT PLAYER)' (same coach, newer video wins).",no
BTN VS PASSIVE OPEN,BTN,vs_open,any,very tight rec opener (~7.5%),94s,3bet,0,call,0,,0,100,Live Poker PREFLOP BIBLE,2024-04-30,9:20,"SUPERSEDED by 2026 'BTN vs EP OPEN (TIGHT PLAYER)' (same coach, newer video wins).",no
BTN VS PASSIVE OPEN,BTN,vs_open,any,very tight rec opener (~7.5%),93s,3bet,0,call,0,,0,100,Live Poker PREFLOP BIBLE,2024-04-30,9:20,"SUPERSEDED by 2026 'BTN vs EP OPEN (TIGHT PLAYER)' (same coach, newer video wins).",no
BTN VS PASSIVE OPEN,BTN,vs_open,any,very tight rec opener (~7.5%),92s,3bet,0,call,0,,0,100,Live Poker PREFLOP BIBLE,2024-04-30,9:20,"SUPERSEDED by 2026 'BTN vs EP OPEN (TIGHT PLAYER)' (same coach, newer video wins).",no
BTN VS PASSIVE OPEN,BTN,vs_open,any,very tight rec opener (~7.5%),A8o,3bet,0,call,0,,0,100,Live Poker PREFLOP BIBLE,2024-04-30,9:20,"SUPERSEDED by 2026 'BTN vs EP OPEN (TIGHT PLAYER)' (same coach, newer video wins).",no
BTN VS PASSIVE OPEN,BTN,vs_open,any,very tight rec opener (~7.5%),K8o,3bet,0,call,0,,0,100,Live Poker PREFLOP BIBLE,2024-04-30,9:20,"SUPERSEDED by 2026 'BTN vs EP OPEN (TIGHT PLAYER)' (same coach, newer video wins).",no
BTN VS PASSIVE OPEN,BTN,vs_open,any,very tight rec opener (~7.5%),Q8o,3bet,0,call,0,,0,100,Live Poker PREFLOP BIBLE,2024-04-30,9:20,"SUPERSEDED by 2026 'BTN vs EP OPEN (TIGHT PLAYER)' (same coach, newer video wins).",no
BTN VS PASSIVE OPEN,BTN,vs_open,any,very tight rec opener (~7.5%),J8o,3bet,0,call,0,,0,100,Live Poker PREFLOP BIBLE,2024-04-30,9:20,"SUPERSEDED by 2026 'BTN vs EP OPEN (TIGHT PLAYER)' (same coach, newer video wins).",no
BTN VS PASSIVE OPEN,BTN,vs_open,any,very tight rec opener (~7.5%),T8o,3bet,0,call,0,,0,100,Live Poker PREFLOP BIBLE,2024-04-30,9:20,"SUPERSEDED by 2026 'BTN vs EP OPEN (TIGHT PLAYER)' (same coach, newer video wins).",no
BTN VS PASSIVE OPEN,BTN,vs_open,any,very tight rec opener (~7.5%),98o,3bet,0,call,0,,0,100,Live Poker PREFLOP BIBLE,2024-04-30,9:20,"SUPERSEDED by 2026 'BTN vs EP OPEN (TIGHT PLAYER)' (same coach, newer video wins).",no
BTN VS PASSIVE OPEN,BTN,vs_open,any,very tight rec opener (~7.5%),88,3bet,0,call,100,,0,0,Live Poker PREFLOP BIBLE,2024-04-30,9:20,"SUPERSEDED by 2026 'BTN vs EP OPEN (TIGHT PLAYER)' (same coach, newer video wins).",no
BTN VS PASSIVE OPEN,BTN,vs_open,any,very tight rec opener (~7.5%),87s,3bet,0,call,0,,0,100,Live Poker PREFLOP BIBLE,2024-04-30,9:20,"SUPERSEDED by 2026 'BTN vs EP OPEN (TIGHT PLAYER)' (same coach, newer video wins).",no
BTN VS PASSIVE OPEN,BTN,vs_open,any,very tight rec opener (~7.5%),86s,3bet,0,call,0,,0,100,Live Poker PREFLOP BIBLE,2024-04-30,9:20,"SUPERSEDED by 2026 'BTN vs EP OPEN (TIGHT PLAYER)' (same coach, newer video wins).",no
BTN VS PASSIVE OPEN,BTN,vs_open,any,very tight rec opener (~7.5%),85s,3bet,0,call,0,,0,100,Live Poker PREFLOP BIBLE,2024-04-30,9:20,"SUPERSEDED by 2026 'BTN vs EP OPEN (TIGHT PLAYER)' (same coach, newer video wins).",no
BTN VS PASSIVE OPEN,BTN,vs_open,any,very tight rec opener (~7.5%),84s,3bet,0,call,0,,0,100,Live Poker PREFLOP BIBLE,2024-04-30,9:20,"SUPERSEDED by 2026 'BTN vs EP OPEN (TIGHT PLAYER)' (same coach, newer video wins).",no
BTN VS PASSIVE OPEN,BTN,vs_open,any,very tight rec opener (~7.5%),83s,3bet,0,call,0,,0,100,Live Poker PREFLOP BIBLE,2024-04-30,9:20,"SUPERSEDED by 2026 'BTN vs EP OPEN (TIGHT PLAYER)' (same coach, newer video wins).",no
BTN VS PASSIVE OPEN,BTN,vs_open,any,very tight rec opener (~7.5%),82s,3bet,0,call,0,,0,100,Live Poker PREFLOP BIBLE,2024-04-30,9:20,"SUPERSEDED by 2026 'BTN vs EP OPEN (TIGHT PLAYER)' (same coach, newer video wins).",no
BTN VS PASSIVE OPEN,BTN,vs_open,any,very tight rec opener (~7.5%),A7o,3bet,0,call,0,,0,100,Live Poker PREFLOP BIBLE,2024-04-30,9:20,"SUPERSEDED by 2026 'BTN vs EP OPEN (TIGHT PLAYER)' (same coach, newer video wins).",no
BTN VS PASSIVE OPEN,BTN,vs_open,any,very tight rec opener (~7.5%),K7o,3bet,0,call,0,,0,100,Live Poker PREFLOP BIBLE,2024-04-30,9:20,"SUPERSEDED by 2026 'BTN vs EP OPEN (TIGHT PLAYER)' (same coach, newer video wins).",no
BTN VS PASSIVE OPEN,BTN,vs_open,any,very tight rec opener (~7.5%),Q7o,3bet,0,call,0,,0,100,Live Poker PREFLOP BIBLE,2024-04-30,9:20,"SUPERSEDED by 2026 'BTN vs EP OPEN (TIGHT PLAYER)' (same coach, newer video wins).",no
BTN VS PASSIVE OPEN,BTN,vs_open,any,very tight rec opener (~7.5%),J7o,3bet,0,call,0,,0,100,Live Poker PREFLOP BIBLE,2024-04-30,9:20,"SUPERSEDED by 2026 'BTN vs EP OPEN (TIGHT PLAYER)' (same coach, newer video wins).",no
BTN VS PASSIVE OPEN,BTN,vs_open,any,very tight rec opener (~7.5%),T7o,3bet,0,call,0,,0,100,Live Poker PREFLOP BIBLE,2024-04-30,9:20,"SUPERSEDED by 2026 'BTN vs EP OPEN (TIGHT PLAYER)' (same coach, newer video wins).",no
BTN VS PASSIVE OPEN,BTN,vs_open,any,very tight rec opener (~7.5%),97o,3bet,0,call,0,,0,100,Live Poker PREFLOP BIBLE,2024-04-30,9:20,"SUPERSEDED by 2026 'BTN vs EP OPEN (TIGHT PLAYER)' (same coach, newer video wins).",no
BTN VS PASSIVE OPEN,BTN,vs_open,any,very tight rec opener (~7.5%),87o,3bet,0,call,0,,0,100,Live Poker PREFLOP BIBLE,2024-04-30,9:20,"SUPERSEDED by 2026 'BTN vs EP OPEN (TIGHT PLAYER)' (same coach, newer video wins).",no
BTN VS PASSIVE OPEN,BTN,vs_open,any,very tight rec opener (~7.5%),77,3bet,0,call,100,,0,0,Live Poker PREFLOP BIBLE,2024-04-30,9:20,"SUPERSEDED by 2026 'BTN vs EP OPEN (TIGHT PLAYER)' (same coach, newer video wins).",no
BTN VS PASSIVE OPEN,BTN,vs_open,any,very tight rec opener (~7.5%),76s,3bet,0,call,0,,0,100,Live Poker PREFLOP BIBLE,2024-04-30,9:20,"SUPERSEDED by 2026 'BTN vs EP OPEN (TIGHT PLAYER)' (same coach, newer video wins).",no
BTN VS PASSIVE OPEN,BTN,vs_open,any,very tight rec opener (~7.5%),75s,3bet,0,call,0,,0,100,Live Poker PREFLOP BIBLE,2024-04-30,9:20,"SUPERSEDED by 2026 'BTN vs EP OPEN (TIGHT PLAYER)' (same coach, newer video wins).",no
BTN VS PASSIVE OPEN,BTN,vs_open,any,very tight rec opener (~7.5%),74s,3bet,0,call,0,,0,100,Live Poker PREFLOP BIBLE,2024-04-30,9:20,"SUPERSEDED by 2026 'BTN vs EP OPEN (TIGHT PLAYER)' (same coach, newer video wins).",no
BTN VS PASSIVE OPEN,BTN,vs_open,any,very tight rec opener (~7.5%),73s,3bet,0,call,0,,0,100,Live Poker PREFLOP BIBLE,2024-04-30,9:20,"SUPERSEDED by 2026 'BTN vs EP OPEN (TIGHT PLAYER)' (same coach, newer video wins).",no
BTN VS PASSIVE OPEN,BTN,vs_open,any,very tight rec opener (~7.5%),72s,3bet,0,call,0,,0,100,Live Poker PREFLOP BIBLE,2024-04-30,9:20,"SUPERSEDED by 2026 'BTN vs EP OPEN (TIGHT PLAYER)' (same coach, newer video wins).",no
BTN VS PASSIVE OPEN,BTN,vs_open,any,very tight rec opener (~7.5%),A6o,3bet,0,call,0,,0,100,Live Poker PREFLOP BIBLE,2024-04-30,9:20,"SUPERSEDED by 2026 'BTN vs EP OPEN (TIGHT PLAYER)' (same coach, newer video wins).",no
BTN VS PASSIVE OPEN,BTN,vs_open,any,very tight rec opener (~7.5%),K6o,3bet,0,call,0,,0,100,Live Poker PREFLOP BIBLE,2024-04-30,9:20,"SUPERSEDED by 2026 'BTN vs EP OPEN (TIGHT PLAYER)' (same coach, newer video wins).",no
BTN VS PASSIVE OPEN,BTN,vs_open,any,very tight rec opener (~7.5%),Q6o,3bet,0,call,0,,0,100,Live Poker PREFLOP BIBLE,2024-04-30,9:20,"SUPERSEDED by 2026 'BTN vs EP OPEN (TIGHT PLAYER)' (same coach, newer video wins).",no
BTN VS PASSIVE OPEN,BTN,vs_open,any,very tight rec opener (~7.5%),J6o,3bet,0,call,0,,0,100,Live Poker PREFLOP BIBLE,2024-04-30,9:20,"SUPERSEDED by 2026 'BTN vs EP OPEN (TIGHT PLAYER)' (same coach, newer video wins).",no
BTN VS PASSIVE OPEN,BTN,vs_open,any,very tight rec opener (~7.5%),T6o,3bet,0,call,0,,0,100,Live Poker PREFLOP BIBLE,2024-04-30,9:20,"SUPERSEDED by 2026 'BTN vs EP OPEN (TIGHT PLAYER)' (same coach, newer video wins).",no
BTN VS PASSIVE OPEN,BTN,vs_open,any,very tight rec opener (~7.5%),96o,3bet,0,call,0,,0,100,Live Poker PREFLOP BIBLE,2024-04-30,9:20,"SUPERSEDED by 2026 'BTN vs EP OPEN (TIGHT PLAYER)' (same coach, newer video wins).",no
BTN VS PASSIVE OPEN,BTN,vs_open,any,very tight rec opener (~7.5%),86o,3bet,0,call,0,,0,100,Live Poker PREFLOP BIBLE,2024-04-30,9:20,"SUPERSEDED by 2026 'BTN vs EP OPEN (TIGHT PLAYER)' (same coach, newer video wins).",no
BTN VS PASSIVE OPEN,BTN,vs_open,any,very tight rec opener (~7.5%),76o,3bet,0,call,0,,0,100,Live Poker PREFLOP BIBLE,2024-04-30,9:20,"SUPERSEDED by 2026 'BTN vs EP OPEN (TIGHT PLAYER)' (same coach, newer video wins).",no
BTN VS PASSIVE OPEN,BTN,vs_open,any,very tight rec opener (~7.5%),66,3bet,0,call,100,,0,0,Live Poker PREFLOP BIBLE,2024-04-30,9:20,"SUPERSEDED by 2026 'BTN vs EP OPEN (TIGHT PLAYER)' (same coach, newer video wins).",no
BTN VS PASSIVE OPEN,BTN,vs_open,any,very tight rec opener (~7.5%),65s,3bet,0,call,100,,0,0,Live Poker PREFLOP BIBLE,2024-04-30,9:20,"SUPERSEDED by 2026 'BTN vs EP OPEN (TIGHT PLAYER)' (same coach, newer video wins).",no
BTN VS PASSIVE OPEN,BTN,vs_open,any,very tight rec opener (~7.5%),64s,3bet,0,call,0,,0,100,Live Poker PREFLOP BIBLE,2024-04-30,9:20,"SUPERSEDED by 2026 'BTN vs EP OPEN (TIGHT PLAYER)' (same coach, newer video wins).",no
BTN VS PASSIVE OPEN,BTN,vs_open,any,very tight rec opener (~7.5%),63s,3bet,0,call,0,,0,100,Live Poker PREFLOP BIBLE,2024-04-30,9:20,"SUPERSEDED by 2026 'BTN vs EP OPEN (TIGHT PLAYER)' (same coach, newer video wins).",no
BTN VS PASSIVE OPEN,BTN,vs_open,any,very tight rec opener (~7.5%),62s,3bet,0,call,0,,0,100,Live Poker PREFLOP BIBLE,2024-04-30,9:20,"SUPERSEDED by 2026 'BTN vs EP OPEN (TIGHT PLAYER)' (same coach, newer video wins).",no
BTN VS PASSIVE OPEN,BTN,vs_open,any,very tight rec opener (~7.5%),A5o,3bet,0,call,0,,0,100,Live Poker PREFLOP BIBLE,2024-04-30,9:20,"SUPERSEDED by 2026 'BTN vs EP OPEN (TIGHT PLAYER)' (same coach, newer video wins).",no
BTN VS PASSIVE OPEN,BTN,vs_open,any,very tight rec opener (~7.5%),K5o,3bet,0,call,0,,0,100,Live Poker PREFLOP BIBLE,2024-04-30,9:20,"SUPERSEDED by 2026 'BTN vs EP OPEN (TIGHT PLAYER)' (same coach, newer video wins).",no
BTN VS PASSIVE OPEN,BTN,vs_open,any,very tight rec opener (~7.5%),Q5o,3bet,0,call,0,,0,100,Live Poker PREFLOP BIBLE,2024-04-30,9:20,"SUPERSEDED by 2026 'BTN vs EP OPEN (TIGHT PLAYER)' (same coach, newer video wins).",no
BTN VS PASSIVE OPEN,BTN,vs_open,any,very tight rec opener (~7.5%),J5o,3bet,0,call,0,,0,100,Live Poker PREFLOP BIBLE,2024-04-30,9:20,"SUPERSEDED by 2026 'BTN vs EP OPEN (TIGHT PLAYER)' (same coach, newer video wins).",no
BTN VS PASSIVE OPEN,BTN,vs_open,any,very tight rec opener (~7.5%),T5o,3bet,0,call,0,,0,100,Live Poker PREFLOP BIBLE,2024-04-30,9:20,"SUPERSEDED by 2026 'BTN vs EP OPEN (TIGHT PLAYER)' (same coach, newer video wins).",no
BTN VS PASSIVE OPEN,BTN,vs_open,any,very tight rec opener (~7.5%),95o,3bet,0,call,0,,0,100,Live Poker PREFLOP BIBLE,2024-04-30,9:20,"SUPERSEDED by 2026 'BTN vs EP OPEN (TIGHT PLAYER)' (same coach, newer video wins).",no
BTN VS PASSIVE OPEN,BTN,vs_open,any,very tight rec opener (~7.5%),85o,3bet,0,call,0,,0,100,Live Poker PREFLOP BIBLE,2024-04-30,9:20,"SUPERSEDED by 2026 'BTN vs EP OPEN (TIGHT PLAYER)' (same coach, newer video wins).",no
BTN VS PASSIVE OPEN,BTN,vs_open,any,very tight rec opener (~7.5%),75o,3bet,0,call,0,,0,100,Live Poker PREFLOP BIBLE,2024-04-30,9:20,"SUPERSEDED by 2026 'BTN vs EP OPEN (TIGHT PLAYER)' (same coach, newer video wins).",no
BTN VS PASSIVE OPEN,BTN,vs_open,any,very tight rec opener (~7.5%),65o,3bet,0,call,0,,0,100,Live Poker PREFLOP BIBLE,2024-04-30,9:20,"SUPERSEDED by 2026 'BTN vs EP OPEN (TIGHT PLAYER)' (same coach, newer video wins).",no
BTN VS PASSIVE OPEN,BTN,vs_open,any,very tight rec opener (~7.5%),55,3bet,0,call,100,,0,0,Live Poker PREFLOP BIBLE,2024-04-30,9:20,"SUPERSEDED by 2026 'BTN vs EP OPEN (TIGHT PLAYER)' (same coach, newer video wins).",no
BTN VS PASSIVE OPEN,BTN,vs_open,any,very tight rec opener (~7.5%),54s,3bet,0,call,100,,0,0,Live Poker PREFLOP BIBLE,2024-04-30,9:20,"SUPERSEDED by 2026 'BTN vs EP OPEN (TIGHT PLAYER)' (same coach, newer video wins).",no
BTN VS PASSIVE OPEN,BTN,vs_open,any,very tight rec opener (~7.5%),53s,3bet,0,call,0,,0,100,Live Poker PREFLOP BIBLE,2024-04-30,9:20,"SUPERSEDED by 2026 'BTN vs EP OPEN (TIGHT PLAYER)' (same coach, newer video wins).",no
BTN VS PASSIVE OPEN,BTN,vs_open,any,very tight rec opener (~7.5%),52s,3bet,0,call,0,,0,100,Live Poker PREFLOP BIBLE,2024-04-30,9:20,"SUPERSEDED by 2026 'BTN vs EP OPEN (TIGHT PLAYER)' (same coach, newer video wins).",no
BTN VS PASSIVE OPEN,BTN,vs_open,any,very tight rec opener (~7.5%),A4o,3bet,0,call,0,,0,100,Live Poker PREFLOP BIBLE,2024-04-30,9:20,"SUPERSEDED by 2026 'BTN vs EP OPEN (TIGHT PLAYER)' (same coach, newer video wins).",no
BTN VS PASSIVE OPEN,BTN,vs_open,any,very tight rec opener (~7.5%),K4o,3bet,0,call,0,,0,100,Live Poker PREFLOP BIBLE,2024-04-30,9:20,"SUPERSEDED by 2026 'BTN vs EP OPEN (TIGHT PLAYER)' (same coach, newer video wins).",no
BTN VS PASSIVE OPEN,BTN,vs_open,any,very tight rec opener (~7.5%),Q4o,3bet,0,call,0,,0,100,Live Poker PREFLOP BIBLE,2024-04-30,9:20,"SUPERSEDED by 2026 'BTN vs EP OPEN (TIGHT PLAYER)' (same coach, newer video wins).",no
BTN VS PASSIVE OPEN,BTN,vs_open,any,very tight rec opener (~7.5%),J4o,3bet,0,call,0,,0,100,Live Poker PREFLOP BIBLE,2024-04-30,9:20,"SUPERSEDED by 2026 'BTN vs EP OPEN (TIGHT PLAYER)' (same coach, newer video wins).",no
BTN VS PASSIVE OPEN,BTN,vs_open,any,very tight rec opener (~7.5%),T4o,3bet,0,call,0,,0,100,Live Poker PREFLOP BIBLE,2024-04-30,9:20,"SUPERSEDED by 2026 'BTN vs EP OPEN (TIGHT PLAYER)' (same coach, newer video wins).",no
BTN VS PASSIVE OPEN,BTN,vs_open,any,very tight rec opener (~7.5%),94o,3bet,0,call,0,,0,100,Live Poker PREFLOP BIBLE,2024-04-30,9:20,"SUPERSEDED by 2026 'BTN vs EP OPEN (TIGHT PLAYER)' (same coach, newer video wins).",no
BTN VS PASSIVE OPEN,BTN,vs_open,any,very tight rec opener (~7.5%),84o,3bet,0,call,0,,0,100,Live Poker PREFLOP BIBLE,2024-04-30,9:20,"SUPERSEDED by 2026 'BTN vs EP OPEN (TIGHT PLAYER)' (same coach, newer video wins).",no
BTN VS PASSIVE OPEN,BTN,vs_open,any,very tight rec opener (~7.5%),74o,3bet,0,call,0,,0,100,Live Poker PREFLOP BIBLE,2024-04-30,9:20,"SUPERSEDED by 2026 'BTN vs EP OPEN (TIGHT PLAYER)' (same coach, newer video wins).",no
BTN VS PASSIVE OPEN,BTN,vs_open,any,very tight rec opener (~7.5%),64o,3bet,0,call,0,,0,100,Live Poker PREFLOP BIBLE,2024-04-30,9:20,"SUPERSEDED by 2026 'BTN vs EP OPEN (TIGHT PLAYER)' (same coach, newer video wins).",no
BTN VS PASSIVE OPEN,BTN,vs_open,any,very tight rec opener (~7.5%),54o,3bet,0,call,0,,0,100,Live Poker PREFLOP BIBLE,2024-04-30,9:20,"SUPERSEDED by 2026 'BTN vs EP OPEN (TIGHT PLAYER)' (same coach, newer video wins).",no
BTN VS PASSIVE OPEN,BTN,vs_open,any,very tight rec opener (~7.5%),44,3bet,0,call,100,,0,0,Live Poker PREFLOP BIBLE,2024-04-30,9:20,"SUPERSEDED by 2026 'BTN vs EP OPEN (TIGHT PLAYER)' (same coach, newer video wins).",no
BTN VS PASSIVE OPEN,BTN,vs_open,any,very tight rec opener (~7.5%),43s,3bet,0,call,0,,0,100,Live Poker PREFLOP BIBLE,2024-04-30,9:20,"SUPERSEDED by 2026 'BTN vs EP OPEN (TIGHT PLAYER)' (same coach, newer video wins).",no
BTN VS PASSIVE OPEN,BTN,vs_open,any,very tight rec opener (~7.5%),42s,3bet,0,call,0,,0,100,Live Poker PREFLOP BIBLE,2024-04-30,9:20,"SUPERSEDED by 2026 'BTN vs EP OPEN (TIGHT PLAYER)' (same coach, newer video wins).",no
BTN VS PASSIVE OPEN,BTN,vs_open,any,very tight rec opener (~7.5%),A3o,3bet,0,call,0,,0,100,Live Poker PREFLOP BIBLE,2024-04-30,9:20,"SUPERSEDED by 2026 'BTN vs EP OPEN (TIGHT PLAYER)' (same coach, newer video wins).",no
BTN VS PASSIVE OPEN,BTN,vs_open,any,very tight rec opener (~7.5%),K3o,3bet,0,call,0,,0,100,Live Poker PREFLOP BIBLE,2024-04-30,9:20,"SUPERSEDED by 2026 'BTN vs EP OPEN (TIGHT PLAYER)' (same coach, newer video wins).",no
BTN VS PASSIVE OPEN,BTN,vs_open,any,very tight rec opener (~7.5%),Q3o,3bet,0,call,0,,0,100,Live Poker PREFLOP BIBLE,2024-04-30,9:20,"SUPERSEDED by 2026 'BTN vs EP OPEN (TIGHT PLAYER)' (same coach, newer video wins).",no
BTN VS PASSIVE OPEN,BTN,vs_open,any,very tight rec opener (~7.5%),J3o,3bet,0,call,0,,0,100,Live Poker PREFLOP BIBLE,2024-04-30,9:20,"SUPERSEDED by 2026 'BTN vs EP OPEN (TIGHT PLAYER)' (same coach, newer video wins).",no
BTN VS PASSIVE OPEN,BTN,vs_open,any,very tight rec opener (~7.5%),T3o,3bet,0,call,0,,0,100,Live Poker PREFLOP BIBLE,2024-04-30,9:20,"SUPERSEDED by 2026 'BTN vs EP OPEN (TIGHT PLAYER)' (same coach, newer video wins).",no
BTN VS PASSIVE OPEN,BTN,vs_open,any,very tight rec opener (~7.5%),93o,3bet,0,call,0,,0,100,Live Poker PREFLOP BIBLE,2024-04-30,9:20,"SUPERSEDED by 2026 'BTN vs EP OPEN (TIGHT PLAYER)' (same coach, newer video wins).",no
BTN VS PASSIVE OPEN,BTN,vs_open,any,very tight rec opener (~7.5%),83o,3bet,0,call,0,,0,100,Live Poker PREFLOP BIBLE,2024-04-30,9:20,"SUPERSEDED by 2026 'BTN vs EP OPEN (TIGHT PLAYER)' (same coach, newer video wins).",no
BTN VS PASSIVE OPEN,BTN,vs_open,any,very tight rec opener (~7.5%),73o,3bet,0,call,0,,0,100,Live Poker PREFLOP BIBLE,2024-04-30,9:20,"SUPERSEDED by 2026 'BTN vs EP OPEN (TIGHT PLAYER)' (same coach, newer video wins).",no
BTN VS PASSIVE OPEN,BTN,vs_open,any,very tight rec opener (~7.5%),63o,3bet,0,call,0,,0,100,Live Poker PREFLOP BIBLE,2024-04-30,9:20,"SUPERSEDED by 2026 'BTN vs EP OPEN (TIGHT PLAYER)' (same coach, newer video wins).",no
BTN VS PASSIVE OPEN,BTN,vs_open,any,very tight rec opener (~7.5%),53o,3bet,0,call,0,,0,100,Live Poker PREFLOP BIBLE,2024-04-30,9:20,"SUPERSEDED by 2026 'BTN vs EP OPEN (TIGHT PLAYER)' (same coach, newer video wins).",no
BTN VS PASSIVE OPEN,BTN,vs_open,any,very tight rec opener (~7.5%),43o,3bet,0,call,0,,0,100,Live Poker PREFLOP BIBLE,2024-04-30,9:20,"SUPERSEDED by 2026 'BTN vs EP OPEN (TIGHT PLAYER)' (same coach, newer video wins).",no
BTN VS PASSIVE OPEN,BTN,vs_open,any,very tight rec opener (~7.5%),33,3bet,0,call,100,,0,0,Live Poker PREFLOP BIBLE,2024-04-30,9:20,"SUPERSEDED by 2026 'BTN vs EP OPEN (TIGHT PLAYER)' (same coach, newer video wins).",no
BTN VS PASSIVE OPEN,BTN,vs_open,any,very tight rec opener (~7.5%),32s,3bet,0,call,0,,0,100,Live Poker PREFLOP BIBLE,2024-04-30,9:20,"SUPERSEDED by 2026 'BTN vs EP OPEN (TIGHT PLAYER)' (same coach, newer video wins).",no
BTN VS PASSIVE OPEN,BTN,vs_open,any,very tight rec opener (~7.5%),A2o,3bet,0,call,0,,0,100,Live Poker PREFLOP BIBLE,2024-04-30,9:20,"SUPERSEDED by 2026 'BTN vs EP OPEN (TIGHT PLAYER)' (same coach, newer video wins).",no
BTN VS PASSIVE OPEN,BTN,vs_open,any,very tight rec opener (~7.5%),K2o,3bet,0,call,0,,0,100,Live Poker PREFLOP BIBLE,2024-04-30,9:20,"SUPERSEDED by 2026 'BTN vs EP OPEN (TIGHT PLAYER)' (same coach, newer video wins).",no
BTN VS PASSIVE OPEN,BTN,vs_open,any,very tight rec opener (~7.5%),Q2o,3bet,0,call,0,,0,100,Live Poker PREFLOP BIBLE,2024-04-30,9:20,"SUPERSEDED by 2026 'BTN vs EP OPEN (TIGHT PLAYER)' (same coach, newer video wins).",no
BTN VS PASSIVE OPEN,BTN,vs_open,any,very tight rec opener (~7.5%),J2o,3bet,0,call,0,,0,100,Live Poker PREFLOP BIBLE,2024-04-30,9:20,"SUPERSEDED by 2026 'BTN vs EP OPEN (TIGHT PLAYER)' (same coach, newer video wins).",no
BTN VS PASSIVE OPEN,BTN,vs_open,any,very tight rec opener (~7.5%),T2o,3bet,0,call,0,,0,100,Live Poker PREFLOP BIBLE,2024-04-30,9:20,"SUPERSEDED by 2026 'BTN vs EP OPEN (TIGHT PLAYER)' (same coach, newer video wins).",no
BTN VS PASSIVE OPEN,BTN,vs_open,any,very tight rec opener (~7.5%),92o,3bet,0,call,0,,0,100,Live Poker PREFLOP BIBLE,2024-04-30,9:20,"SUPERSEDED by 2026 'BTN vs EP OPEN (TIGHT PLAYER)' (same coach, newer video wins).",no
BTN VS PASSIVE OPEN,BTN,vs_open,any,very tight rec opener (~7.5%),82o,3bet,0,call,0,,0,100,Live Poker PREFLOP BIBLE,2024-04-30,9:20,"SUPERSEDED by 2026 'BTN vs EP OPEN (TIGHT PLAYER)' (same coach, newer video wins).",no
BTN VS PASSIVE OPEN,BTN,vs_open,any,very tight rec opener (~7.5%),72o,3bet,0,call,0,,0,100,Live Poker PREFLOP BIBLE,2024-04-30,9:20,"SUPERSEDED by 2026 'BTN vs EP OPEN (TIGHT PLAYER)' (same coach, newer video wins).",no
BTN VS PASSIVE OPEN,BTN,vs_open,any,very tight rec opener (~7.5%),62o,3bet,0,call,0,,0,100,Live Poker PREFLOP BIBLE,2024-04-30,9:20,"SUPERSEDED by 2026 'BTN vs EP OPEN (TIGHT PLAYER)' (same coach, newer video wins).",no
BTN VS PASSIVE OPEN,BTN,vs_open,any,very tight rec opener (~7.5%),52o,3bet,0,call,0,,0,100,Live Poker PREFLOP BIBLE,2024-04-30,9:20,"SUPERSEDED by 2026 'BTN vs EP OPEN (TIGHT PLAYER)' (same coach, newer video wins).",no
BTN VS PASSIVE OPEN,BTN,vs_open,any,very tight rec opener (~7.5%),42o,3bet,0,call,0,,0,100,Live Poker PREFLOP BIBLE,2024-04-30,9:20,"SUPERSEDED by 2026 'BTN vs EP OPEN (TIGHT PLAYER)' (same coach, newer video wins).",no
BTN VS PASSIVE OPEN,BTN,vs_open,any,very tight rec opener (~7.5%),32o,3bet,0,call,0,,0,100,Live Poker PREFLOP BIBLE,2024-04-30,9:20,"SUPERSEDED by 2026 'BTN vs EP OPEN (TIGHT PLAYER)' (same coach, newer video wins).",no
BTN VS PASSIVE OPEN,BTN,vs_open,any,very tight rec opener (~7.5%),22,3bet,0,call,100,,0,0,Live Poker PREFLOP BIBLE,2024-04-30,9:20,"SUPERSEDED by 2026 'BTN vs EP OPEN (TIGHT PLAYER)' (same coach, newer video wins).",no
BB VS PASSIVE OPEN,BB,vs_open,HJ/CO,"passive rec opener (4x, ~7.5%)",AA,3bet,100,call,0,,0,0,Live Poker PREFLOP BIBLE,2024-04-30,~9:20-10:59,"SUPERSEDED by 2026 'BB vs PASSIVE OPEN' (same coach, newer video wins).",no
BB VS PASSIVE OPEN,BB,vs_open,HJ/CO,"passive rec opener (4x, ~7.5%)",AKs,3bet,100,call,0,,0,0,Live Poker PREFLOP BIBLE,2024-04-30,~9:20-10:59,"SUPERSEDED by 2026 'BB vs PASSIVE OPEN' (same coach, newer video wins).",no
BB VS PASSIVE OPEN,BB,vs_open,HJ/CO,"passive rec opener (4x, ~7.5%)",AQs,3bet,50,call,50,,0,0,Live Poker PREFLOP BIBLE,2024-04-30,~9:20-10:59,"SUPERSEDED by 2026 'BB vs PASSIVE OPEN' (same coach, newer video wins). SITUATIONAL (Mark 2024): a 'partial' - don't randomize; lean to the aggressive action with a bigger skill edge, deeper stacks, or a weaker/more predictable opponent.",yes
BB VS PASSIVE OPEN,BB,vs_open,HJ/CO,"passive rec opener (4x, ~7.5%)",AJs,3bet,50,call,50,,0,0,Live Poker PREFLOP BIBLE,2024-04-30,~9:20-10:59,"SUPERSEDED by 2026 'BB vs PASSIVE OPEN' (same coach, newer video wins). SITUATIONAL (Mark 2024): a 'partial' - don't randomize; lean to the aggressive action with a bigger skill edge, deeper stacks, or a weaker/more predictable opponent.",yes
BB VS PASSIVE OPEN,BB,vs_open,HJ/CO,"passive rec opener (4x, ~7.5%)",ATs,3bet,0,call,100,,0,0,Live Poker PREFLOP BIBLE,2024-04-30,~9:20-10:59,"SUPERSEDED by 2026 'BB vs PASSIVE OPEN' (same coach, newer video wins).",no
BB VS PASSIVE OPEN,BB,vs_open,HJ/CO,"passive rec opener (4x, ~7.5%)",A9s,3bet,0,call,100,,0,0,Live Poker PREFLOP BIBLE,2024-04-30,~9:20-10:59,"SUPERSEDED by 2026 'BB vs PASSIVE OPEN' (same coach, newer video wins).",no
BB VS PASSIVE OPEN,BB,vs_open,HJ/CO,"passive rec opener (4x, ~7.5%)",A8s,3bet,0,call,0,,0,100,Live Poker PREFLOP BIBLE,2024-04-30,~9:20-10:59,"SUPERSEDED by 2026 'BB vs PASSIVE OPEN' (same coach, newer video wins).",no
BB VS PASSIVE OPEN,BB,vs_open,HJ/CO,"passive rec opener (4x, ~7.5%)",A7s,3bet,0,call,0,,0,100,Live Poker PREFLOP BIBLE,2024-04-30,~9:20-10:59,"SUPERSEDED by 2026 'BB vs PASSIVE OPEN' (same coach, newer video wins).",no
BB VS PASSIVE OPEN,BB,vs_open,HJ/CO,"passive rec opener (4x, ~7.5%)",A6s,3bet,0,call,0,,0,100,Live Poker PREFLOP BIBLE,2024-04-30,~9:20-10:59,"SUPERSEDED by 2026 'BB vs PASSIVE OPEN' (same coach, newer video wins).",no
BB VS PASSIVE OPEN,BB,vs_open,HJ/CO,"passive rec opener (4x, ~7.5%)",A5s,3bet,0,call,100,,0,0,Live Poker PREFLOP BIBLE,2024-04-30,~9:20-10:59,"SUPERSEDED by 2026 'BB vs PASSIVE OPEN' (same coach, newer video wins).",no
BB VS PASSIVE OPEN,BB,vs_open,HJ/CO,"passive rec opener (4x, ~7.5%)",A4s,3bet,0,call,0,,0,100,Live Poker PREFLOP BIBLE,2024-04-30,~9:20-10:59,"SUPERSEDED by 2026 'BB vs PASSIVE OPEN' (same coach, newer video wins).",no
BB VS PASSIVE OPEN,BB,vs_open,HJ/CO,"passive rec opener (4x, ~7.5%)",A3s,3bet,0,call,0,,0,100,Live Poker PREFLOP BIBLE,2024-04-30,~9:20-10:59,"SUPERSEDED by 2026 'BB vs PASSIVE OPEN' (same coach, newer video wins).",no
BB VS PASSIVE OPEN,BB,vs_open,HJ/CO,"passive rec opener (4x, ~7.5%)",A2s,3bet,0,call,0,,0,100,Live Poker PREFLOP BIBLE,2024-04-30,~9:20-10:59,"SUPERSEDED by 2026 'BB vs PASSIVE OPEN' (same coach, newer video wins).",no
BB VS PASSIVE OPEN,BB,vs_open,HJ/CO,"passive rec opener (4x, ~7.5%)",AKo,3bet,50,call,50,,0,0,Live Poker PREFLOP BIBLE,2024-04-30,~9:20-10:59,"SUPERSEDED by 2026 'BB vs PASSIVE OPEN' (same coach, newer video wins). SITUATIONAL (Mark 2024): a 'partial' - don't randomize; lean to the aggressive action with a bigger skill edge, deeper stacks, or a weaker/more predictable opponent.",yes
BB VS PASSIVE OPEN,BB,vs_open,HJ/CO,"passive rec opener (4x, ~7.5%)",KK,3bet,100,call,0,,0,0,Live Poker PREFLOP BIBLE,2024-04-30,~9:20-10:59,"SUPERSEDED by 2026 'BB vs PASSIVE OPEN' (same coach, newer video wins).",no
BB VS PASSIVE OPEN,BB,vs_open,HJ/CO,"passive rec opener (4x, ~7.5%)",KQs,3bet,50,call,50,,0,0,Live Poker PREFLOP BIBLE,2024-04-30,~9:20-10:59,"SUPERSEDED by 2026 'BB vs PASSIVE OPEN' (same coach, newer video wins). SITUATIONAL (Mark 2024): a 'partial' - don't randomize; lean to the aggressive action with a bigger skill edge, deeper stacks, or a weaker/more predictable opponent.",yes
BB VS PASSIVE OPEN,BB,vs_open,HJ/CO,"passive rec opener (4x, ~7.5%)",KJs,3bet,50,call,50,,0,0,Live Poker PREFLOP BIBLE,2024-04-30,~9:20-10:59,"SUPERSEDED by 2026 'BB vs PASSIVE OPEN' (same coach, newer video wins). SITUATIONAL (Mark 2024): a 'partial' - don't randomize; lean to the aggressive action with a bigger skill edge, deeper stacks, or a weaker/more predictable opponent.",yes
BB VS PASSIVE OPEN,BB,vs_open,HJ/CO,"passive rec opener (4x, ~7.5%)",KTs,3bet,0,call,100,,0,0,Live Poker PREFLOP BIBLE,2024-04-30,~9:20-10:59,"SUPERSEDED by 2026 'BB vs PASSIVE OPEN' (same coach, newer video wins).",no
BB VS PASSIVE OPEN,BB,vs_open,HJ/CO,"passive rec opener (4x, ~7.5%)",K9s,3bet,0,call,0,,0,100,Live Poker PREFLOP BIBLE,2024-04-30,~9:20-10:59,"SUPERSEDED by 2026 'BB vs PASSIVE OPEN' (same coach, newer video wins).",no
BB VS PASSIVE OPEN,BB,vs_open,HJ/CO,"passive rec opener (4x, ~7.5%)",K8s,3bet,0,call,0,,0,100,Live Poker PREFLOP BIBLE,2024-04-30,~9:20-10:59,"SUPERSEDED by 2026 'BB vs PASSIVE OPEN' (same coach, newer video wins).",no
BB VS PASSIVE OPEN,BB,vs_open,HJ/CO,"passive rec opener (4x, ~7.5%)",K7s,3bet,0,call,0,,0,100,Live Poker PREFLOP BIBLE,2024-04-30,~9:20-10:59,"SUPERSEDED by 2026 'BB vs PASSIVE OPEN' (same coach, newer video wins).",no
BB VS PASSIVE OPEN,BB,vs_open,HJ/CO,"passive rec opener (4x, ~7.5%)",K6s,3bet,0,call,0,,0,100,Live Poker PREFLOP BIBLE,2024-04-30,~9:20-10:59,"SUPERSEDED by 2026 'BB vs PASSIVE OPEN' (same coach, newer video wins).",no
BB VS PASSIVE OPEN,BB,vs_open,HJ/CO,"passive rec opener (4x, ~7.5%)",K5s,3bet,0,call,0,,0,100,Live Poker PREFLOP BIBLE,2024-04-30,~9:20-10:59,"SUPERSEDED by 2026 'BB vs PASSIVE OPEN' (same coach, newer video wins).",no
BB VS PASSIVE OPEN,BB,vs_open,HJ/CO,"passive rec opener (4x, ~7.5%)",K4s,3bet,0,call,0,,0,100,Live Poker PREFLOP BIBLE,2024-04-30,~9:20-10:59,"SUPERSEDED by 2026 'BB vs PASSIVE OPEN' (same coach, newer video wins).",no
BB VS PASSIVE OPEN,BB,vs_open,HJ/CO,"passive rec opener (4x, ~7.5%)",K3s,3bet,0,call,0,,0,100,Live Poker PREFLOP BIBLE,2024-04-30,~9:20-10:59,"SUPERSEDED by 2026 'BB vs PASSIVE OPEN' (same coach, newer video wins).",no
BB VS PASSIVE OPEN,BB,vs_open,HJ/CO,"passive rec opener (4x, ~7.5%)",K2s,3bet,0,call,0,,0,100,Live Poker PREFLOP BIBLE,2024-04-30,~9:20-10:59,"SUPERSEDED by 2026 'BB vs PASSIVE OPEN' (same coach, newer video wins).",no
BB VS PASSIVE OPEN,BB,vs_open,HJ/CO,"passive rec opener (4x, ~7.5%)",AQo,3bet,0,call,100,,0,0,Live Poker PREFLOP BIBLE,2024-04-30,~9:20-10:59,"SUPERSEDED by 2026 'BB vs PASSIVE OPEN' (same coach, newer video wins).",no
BB VS PASSIVE OPEN,BB,vs_open,HJ/CO,"passive rec opener (4x, ~7.5%)",KQo,3bet,0,call,0,,0,100,Live Poker PREFLOP BIBLE,2024-04-30,~9:20-10:59,"SUPERSEDED by 2026 'BB vs PASSIVE OPEN' (same coach, newer video wins).",no
BB VS PASSIVE OPEN,BB,vs_open,HJ/CO,"passive rec opener (4x, ~7.5%)",QQ,3bet,100,call,0,,0,0,Live Poker PREFLOP BIBLE,2024-04-30,~9:20-10:59,"SUPERSEDED by 2026 'BB vs PASSIVE OPEN' (same coach, newer video wins).",no
BB VS PASSIVE OPEN,BB,vs_open,HJ/CO,"passive rec opener (4x, ~7.5%)",QJs,3bet,0,call,100,,0,0,Live Poker PREFLOP BIBLE,2024-04-30,~9:20-10:59,"SUPERSEDED by 2026 'BB vs PASSIVE OPEN' (same coach, newer video wins).",no
BB VS PASSIVE OPEN,BB,vs_open,HJ/CO,"passive rec opener (4x, ~7.5%)",QTs,3bet,0,call,100,,0,0,Live Poker PREFLOP BIBLE,2024-04-30,~9:20-10:59,"SUPERSEDED by 2026 'BB vs PASSIVE OPEN' (same coach, newer video wins).",no
BB VS PASSIVE OPEN,BB,vs_open,HJ/CO,"passive rec opener (4x, ~7.5%)",Q9s,3bet,0,call,100,,0,0,Live Poker PREFLOP BIBLE,2024-04-30,~9:20-10:59,"SUPERSEDED by 2026 'BB vs PASSIVE OPEN' (same coach, newer video wins).",no
BB VS PASSIVE OPEN,BB,vs_open,HJ/CO,"passive rec opener (4x, ~7.5%)",Q8s,3bet,0,call,0,,0,100,Live Poker PREFLOP BIBLE,2024-04-30,~9:20-10:59,"SUPERSEDED by 2026 'BB vs PASSIVE OPEN' (same coach, newer video wins).",no
BB VS PASSIVE OPEN,BB,vs_open,HJ/CO,"passive rec opener (4x, ~7.5%)",Q7s,3bet,0,call,0,,0,100,Live Poker PREFLOP BIBLE,2024-04-30,~9:20-10:59,"SUPERSEDED by 2026 'BB vs PASSIVE OPEN' (same coach, newer video wins).",no
BB VS PASSIVE OPEN,BB,vs_open,HJ/CO,"passive rec opener (4x, ~7.5%)",Q6s,3bet,0,call,0,,0,100,Live Poker PREFLOP BIBLE,2024-04-30,~9:20-10:59,"SUPERSEDED by 2026 'BB vs PASSIVE OPEN' (same coach, newer video wins).",no
BB VS PASSIVE OPEN,BB,vs_open,HJ/CO,"passive rec opener (4x, ~7.5%)",Q5s,3bet,0,call,0,,0,100,Live Poker PREFLOP BIBLE,2024-04-30,~9:20-10:59,"SUPERSEDED by 2026 'BB vs PASSIVE OPEN' (same coach, newer video wins).",no
BB VS PASSIVE OPEN,BB,vs_open,HJ/CO,"passive rec opener (4x, ~7.5%)",Q4s,3bet,0,call,0,,0,100,Live Poker PREFLOP BIBLE,2024-04-30,~9:20-10:59,"SUPERSEDED by 2026 'BB vs PASSIVE OPEN' (same coach, newer video wins).",no
BB VS PASSIVE OPEN,BB,vs_open,HJ/CO,"passive rec opener (4x, ~7.5%)",Q3s,3bet,0,call,0,,0,100,Live Poker PREFLOP BIBLE,2024-04-30,~9:20-10:59,"SUPERSEDED by 2026 'BB vs PASSIVE OPEN' (same coach, newer video wins).",no
BB VS PASSIVE OPEN,BB,vs_open,HJ/CO,"passive rec opener (4x, ~7.5%)",Q2s,3bet,0,call,0,,0,100,Live Poker PREFLOP BIBLE,2024-04-30,~9:20-10:59,"SUPERSEDED by 2026 'BB vs PASSIVE OPEN' (same coach, newer video wins).",no
BB VS PASSIVE OPEN,BB,vs_open,HJ/CO,"passive rec opener (4x, ~7.5%)",AJo,3bet,0,call,0,,0,100,Live Poker PREFLOP BIBLE,2024-04-30,~9:20-10:59,"SUPERSEDED by 2026 'BB vs PASSIVE OPEN' (same coach, newer video wins).",no
BB VS PASSIVE OPEN,BB,vs_open,HJ/CO,"passive rec opener (4x, ~7.5%)",KJo,3bet,0,call,0,,0,100,Live Poker PREFLOP BIBLE,2024-04-30,~9:20-10:59,"SUPERSEDED by 2026 'BB vs PASSIVE OPEN' (same coach, newer video wins).",no
BB VS PASSIVE OPEN,BB,vs_open,HJ/CO,"passive rec opener (4x, ~7.5%)",QJo,3bet,0,call,0,,0,100,Live Poker PREFLOP BIBLE,2024-04-30,~9:20-10:59,"SUPERSEDED by 2026 'BB vs PASSIVE OPEN' (same coach, newer video wins).",no
BB VS PASSIVE OPEN,BB,vs_open,HJ/CO,"passive rec opener (4x, ~7.5%)",JJ,3bet,50,call,50,,0,0,Live Poker PREFLOP BIBLE,2024-04-30,~9:20-10:59,"SUPERSEDED by 2026 'BB vs PASSIVE OPEN' (same coach, newer video wins). SITUATIONAL (Mark 2024): a 'partial' - don't randomize; lean to the aggressive action with a bigger skill edge, deeper stacks, or a weaker/more predictable opponent.",yes
BB VS PASSIVE OPEN,BB,vs_open,HJ/CO,"passive rec opener (4x, ~7.5%)",JTs,3bet,0,call,100,,0,0,Live Poker PREFLOP BIBLE,2024-04-30,~9:20-10:59,"SUPERSEDED by 2026 'BB vs PASSIVE OPEN' (same coach, newer video wins).",no
BB VS PASSIVE OPEN,BB,vs_open,HJ/CO,"passive rec opener (4x, ~7.5%)",J9s,3bet,0,call,100,,0,0,Live Poker PREFLOP BIBLE,2024-04-30,~9:20-10:59,"SUPERSEDED by 2026 'BB vs PASSIVE OPEN' (same coach, newer video wins).",no
BB VS PASSIVE OPEN,BB,vs_open,HJ/CO,"passive rec opener (4x, ~7.5%)",J8s,3bet,0,call,0,,0,100,Live Poker PREFLOP BIBLE,2024-04-30,~9:20-10:59,"SUPERSEDED by 2026 'BB vs PASSIVE OPEN' (same coach, newer video wins).",no
BB VS PASSIVE OPEN,BB,vs_open,HJ/CO,"passive rec opener (4x, ~7.5%)",J7s,3bet,0,call,0,,0,100,Live Poker PREFLOP BIBLE,2024-04-30,~9:20-10:59,"SUPERSEDED by 2026 'BB vs PASSIVE OPEN' (same coach, newer video wins).",no
BB VS PASSIVE OPEN,BB,vs_open,HJ/CO,"passive rec opener (4x, ~7.5%)",J6s,3bet,0,call,0,,0,100,Live Poker PREFLOP BIBLE,2024-04-30,~9:20-10:59,"SUPERSEDED by 2026 'BB vs PASSIVE OPEN' (same coach, newer video wins).",no
BB VS PASSIVE OPEN,BB,vs_open,HJ/CO,"passive rec opener (4x, ~7.5%)",J5s,3bet,0,call,0,,0,100,Live Poker PREFLOP BIBLE,2024-04-30,~9:20-10:59,"SUPERSEDED by 2026 'BB vs PASSIVE OPEN' (same coach, newer video wins).",no
BB VS PASSIVE OPEN,BB,vs_open,HJ/CO,"passive rec opener (4x, ~7.5%)",J4s,3bet,0,call,0,,0,100,Live Poker PREFLOP BIBLE,2024-04-30,~9:20-10:59,"SUPERSEDED by 2026 'BB vs PASSIVE OPEN' (same coach, newer video wins).",no
BB VS PASSIVE OPEN,BB,vs_open,HJ/CO,"passive rec opener (4x, ~7.5%)",J3s,3bet,0,call,0,,0,100,Live Poker PREFLOP BIBLE,2024-04-30,~9:20-10:59,"SUPERSEDED by 2026 'BB vs PASSIVE OPEN' (same coach, newer video wins).",no
BB VS PASSIVE OPEN,BB,vs_open,HJ/CO,"passive rec opener (4x, ~7.5%)",J2s,3bet,0,call,0,,0,100,Live Poker PREFLOP BIBLE,2024-04-30,~9:20-10:59,"SUPERSEDED by 2026 'BB vs PASSIVE OPEN' (same coach, newer video wins).",no
BB VS PASSIVE OPEN,BB,vs_open,HJ/CO,"passive rec opener (4x, ~7.5%)",ATo,3bet,0,call,0,,0,100,Live Poker PREFLOP BIBLE,2024-04-30,~9:20-10:59,"SUPERSEDED by 2026 'BB vs PASSIVE OPEN' (same coach, newer video wins).",no
BB VS PASSIVE OPEN,BB,vs_open,HJ/CO,"passive rec opener (4x, ~7.5%)",KTo,3bet,0,call,0,,0,100,Live Poker PREFLOP BIBLE,2024-04-30,~9:20-10:59,"SUPERSEDED by 2026 'BB vs PASSIVE OPEN' (same coach, newer video wins).",no
BB VS PASSIVE OPEN,BB,vs_open,HJ/CO,"passive rec opener (4x, ~7.5%)",QTo,3bet,0,call,0,,0,100,Live Poker PREFLOP BIBLE,2024-04-30,~9:20-10:59,"SUPERSEDED by 2026 'BB vs PASSIVE OPEN' (same coach, newer video wins).",no
BB VS PASSIVE OPEN,BB,vs_open,HJ/CO,"passive rec opener (4x, ~7.5%)",JTo,3bet,0,call,0,,0,100,Live Poker PREFLOP BIBLE,2024-04-30,~9:20-10:59,"SUPERSEDED by 2026 'BB vs PASSIVE OPEN' (same coach, newer video wins).",no
BB VS PASSIVE OPEN,BB,vs_open,HJ/CO,"passive rec opener (4x, ~7.5%)",TT,3bet,50,call,50,,0,0,Live Poker PREFLOP BIBLE,2024-04-30,~9:20-10:59,"SUPERSEDED by 2026 'BB vs PASSIVE OPEN' (same coach, newer video wins). SITUATIONAL (Mark 2024): a 'partial' - don't randomize; lean to the aggressive action with a bigger skill edge, deeper stacks, or a weaker/more predictable opponent.",yes
BB VS PASSIVE OPEN,BB,vs_open,HJ/CO,"passive rec opener (4x, ~7.5%)",T9s,3bet,0,call,100,,0,0,Live Poker PREFLOP BIBLE,2024-04-30,~9:20-10:59,"SUPERSEDED by 2026 'BB vs PASSIVE OPEN' (same coach, newer video wins).",no
BB VS PASSIVE OPEN,BB,vs_open,HJ/CO,"passive rec opener (4x, ~7.5%)",T8s,3bet,0,call,0,,0,100,Live Poker PREFLOP BIBLE,2024-04-30,~9:20-10:59,"SUPERSEDED by 2026 'BB vs PASSIVE OPEN' (same coach, newer video wins).",no
BB VS PASSIVE OPEN,BB,vs_open,HJ/CO,"passive rec opener (4x, ~7.5%)",T7s,3bet,0,call,0,,0,100,Live Poker PREFLOP BIBLE,2024-04-30,~9:20-10:59,"SUPERSEDED by 2026 'BB vs PASSIVE OPEN' (same coach, newer video wins).",no
BB VS PASSIVE OPEN,BB,vs_open,HJ/CO,"passive rec opener (4x, ~7.5%)",T6s,3bet,0,call,0,,0,100,Live Poker PREFLOP BIBLE,2024-04-30,~9:20-10:59,"SUPERSEDED by 2026 'BB vs PASSIVE OPEN' (same coach, newer video wins).",no
BB VS PASSIVE OPEN,BB,vs_open,HJ/CO,"passive rec opener (4x, ~7.5%)",T5s,3bet,0,call,0,,0,100,Live Poker PREFLOP BIBLE,2024-04-30,~9:20-10:59,"SUPERSEDED by 2026 'BB vs PASSIVE OPEN' (same coach, newer video wins).",no
BB VS PASSIVE OPEN,BB,vs_open,HJ/CO,"passive rec opener (4x, ~7.5%)",T4s,3bet,0,call,0,,0,100,Live Poker PREFLOP BIBLE,2024-04-30,~9:20-10:59,"SUPERSEDED by 2026 'BB vs PASSIVE OPEN' (same coach, newer video wins).",no
BB VS PASSIVE OPEN,BB,vs_open,HJ/CO,"passive rec opener (4x, ~7.5%)",T3s,3bet,0,call,0,,0,100,Live Poker PREFLOP BIBLE,2024-04-30,~9:20-10:59,"SUPERSEDED by 2026 'BB vs PASSIVE OPEN' (same coach, newer video wins).",no
BB VS PASSIVE OPEN,BB,vs_open,HJ/CO,"passive rec opener (4x, ~7.5%)",T2s,3bet,0,call,0,,0,100,Live Poker PREFLOP BIBLE,2024-04-30,~9:20-10:59,"SUPERSEDED by 2026 'BB vs PASSIVE OPEN' (same coach, newer video wins).",no
BB VS PASSIVE OPEN,BB,vs_open,HJ/CO,"passive rec opener (4x, ~7.5%)",A9o,3bet,0,call,0,,0,100,Live Poker PREFLOP BIBLE,2024-04-30,~9:20-10:59,"SUPERSEDED by 2026 'BB vs PASSIVE OPEN' (same coach, newer video wins).",no
BB VS PASSIVE OPEN,BB,vs_open,HJ/CO,"passive rec opener (4x, ~7.5%)",K9o,3bet,0,call,0,,0,100,Live Poker PREFLOP BIBLE,2024-04-30,~9:20-10:59,"SUPERSEDED by 2026 'BB vs PASSIVE OPEN' (same coach, newer video wins).",no
BB VS PASSIVE OPEN,BB,vs_open,HJ/CO,"passive rec opener (4x, ~7.5%)",Q9o,3bet,0,call,0,,0,100,Live Poker PREFLOP BIBLE,2024-04-30,~9:20-10:59,"SUPERSEDED by 2026 'BB vs PASSIVE OPEN' (same coach, newer video wins).",no
BB VS PASSIVE OPEN,BB,vs_open,HJ/CO,"passive rec opener (4x, ~7.5%)",J9o,3bet,0,call,0,,0,100,Live Poker PREFLOP BIBLE,2024-04-30,~9:20-10:59,"SUPERSEDED by 2026 'BB vs PASSIVE OPEN' (same coach, newer video wins).",no
BB VS PASSIVE OPEN,BB,vs_open,HJ/CO,"passive rec opener (4x, ~7.5%)",T9o,3bet,0,call,0,,0,100,Live Poker PREFLOP BIBLE,2024-04-30,~9:20-10:59,"SUPERSEDED by 2026 'BB vs PASSIVE OPEN' (same coach, newer video wins).",no
BB VS PASSIVE OPEN,BB,vs_open,HJ/CO,"passive rec opener (4x, ~7.5%)",99,3bet,0,call,100,,0,0,Live Poker PREFLOP BIBLE,2024-04-30,~9:20-10:59,"SUPERSEDED by 2026 'BB vs PASSIVE OPEN' (same coach, newer video wins).",no
BB VS PASSIVE OPEN,BB,vs_open,HJ/CO,"passive rec opener (4x, ~7.5%)",98s,3bet,0,call,100,,0,0,Live Poker PREFLOP BIBLE,2024-04-30,~9:20-10:59,"SUPERSEDED by 2026 'BB vs PASSIVE OPEN' (same coach, newer video wins).",no
BB VS PASSIVE OPEN,BB,vs_open,HJ/CO,"passive rec opener (4x, ~7.5%)",97s,3bet,0,call,0,,0,100,Live Poker PREFLOP BIBLE,2024-04-30,~9:20-10:59,"SUPERSEDED by 2026 'BB vs PASSIVE OPEN' (same coach, newer video wins).",no
BB VS PASSIVE OPEN,BB,vs_open,HJ/CO,"passive rec opener (4x, ~7.5%)",96s,3bet,0,call,0,,0,100,Live Poker PREFLOP BIBLE,2024-04-30,~9:20-10:59,"SUPERSEDED by 2026 'BB vs PASSIVE OPEN' (same coach, newer video wins).",no
BB VS PASSIVE OPEN,BB,vs_open,HJ/CO,"passive rec opener (4x, ~7.5%)",95s,3bet,0,call,0,,0,100,Live Poker PREFLOP BIBLE,2024-04-30,~9:20-10:59,"SUPERSEDED by 2026 'BB vs PASSIVE OPEN' (same coach, newer video wins).",no
BB VS PASSIVE OPEN,BB,vs_open,HJ/CO,"passive rec opener (4x, ~7.5%)",94s,3bet,0,call,0,,0,100,Live Poker PREFLOP BIBLE,2024-04-30,~9:20-10:59,"SUPERSEDED by 2026 'BB vs PASSIVE OPEN' (same coach, newer video wins).",no
BB VS PASSIVE OPEN,BB,vs_open,HJ/CO,"passive rec opener (4x, ~7.5%)",93s,3bet,0,call,0,,0,100,Live Poker PREFLOP BIBLE,2024-04-30,~9:20-10:59,"SUPERSEDED by 2026 'BB vs PASSIVE OPEN' (same coach, newer video wins).",no
BB VS PASSIVE OPEN,BB,vs_open,HJ/CO,"passive rec opener (4x, ~7.5%)",92s,3bet,0,call,0,,0,100,Live Poker PREFLOP BIBLE,2024-04-30,~9:20-10:59,"SUPERSEDED by 2026 'BB vs PASSIVE OPEN' (same coach, newer video wins).",no
BB VS PASSIVE OPEN,BB,vs_open,HJ/CO,"passive rec opener (4x, ~7.5%)",A8o,3bet,0,call,0,,0,100,Live Poker PREFLOP BIBLE,2024-04-30,~9:20-10:59,"SUPERSEDED by 2026 'BB vs PASSIVE OPEN' (same coach, newer video wins).",no
BB VS PASSIVE OPEN,BB,vs_open,HJ/CO,"passive rec opener (4x, ~7.5%)",K8o,3bet,0,call,0,,0,100,Live Poker PREFLOP BIBLE,2024-04-30,~9:20-10:59,"SUPERSEDED by 2026 'BB vs PASSIVE OPEN' (same coach, newer video wins).",no
BB VS PASSIVE OPEN,BB,vs_open,HJ/CO,"passive rec opener (4x, ~7.5%)",Q8o,3bet,0,call,0,,0,100,Live Poker PREFLOP BIBLE,2024-04-30,~9:20-10:59,"SUPERSEDED by 2026 'BB vs PASSIVE OPEN' (same coach, newer video wins).",no
BB VS PASSIVE OPEN,BB,vs_open,HJ/CO,"passive rec opener (4x, ~7.5%)",J8o,3bet,0,call,0,,0,100,Live Poker PREFLOP BIBLE,2024-04-30,~9:20-10:59,"SUPERSEDED by 2026 'BB vs PASSIVE OPEN' (same coach, newer video wins).",no
BB VS PASSIVE OPEN,BB,vs_open,HJ/CO,"passive rec opener (4x, ~7.5%)",T8o,3bet,0,call,0,,0,100,Live Poker PREFLOP BIBLE,2024-04-30,~9:20-10:59,"SUPERSEDED by 2026 'BB vs PASSIVE OPEN' (same coach, newer video wins).",no
BB VS PASSIVE OPEN,BB,vs_open,HJ/CO,"passive rec opener (4x, ~7.5%)",98o,3bet,0,call,0,,0,100,Live Poker PREFLOP BIBLE,2024-04-30,~9:20-10:59,"SUPERSEDED by 2026 'BB vs PASSIVE OPEN' (same coach, newer video wins).",no
BB VS PASSIVE OPEN,BB,vs_open,HJ/CO,"passive rec opener (4x, ~7.5%)",88,3bet,0,call,100,,0,0,Live Poker PREFLOP BIBLE,2024-04-30,~9:20-10:59,"SUPERSEDED by 2026 'BB vs PASSIVE OPEN' (same coach, newer video wins).",no
BB VS PASSIVE OPEN,BB,vs_open,HJ/CO,"passive rec opener (4x, ~7.5%)",87s,3bet,0,call,100,,0,0,Live Poker PREFLOP BIBLE,2024-04-30,~9:20-10:59,"SUPERSEDED by 2026 'BB vs PASSIVE OPEN' (same coach, newer video wins).",no
BB VS PASSIVE OPEN,BB,vs_open,HJ/CO,"passive rec opener (4x, ~7.5%)",86s,3bet,0,call,100,,0,0,Live Poker PREFLOP BIBLE,2024-04-30,~9:20-10:59,"SUPERSEDED by 2026 'BB vs PASSIVE OPEN' (same coach, newer video wins).",no
BB VS PASSIVE OPEN,BB,vs_open,HJ/CO,"passive rec opener (4x, ~7.5%)",85s,3bet,0,call,0,,0,100,Live Poker PREFLOP BIBLE,2024-04-30,~9:20-10:59,"SUPERSEDED by 2026 'BB vs PASSIVE OPEN' (same coach, newer video wins).",no
BB VS PASSIVE OPEN,BB,vs_open,HJ/CO,"passive rec opener (4x, ~7.5%)",84s,3bet,0,call,0,,0,100,Live Poker PREFLOP BIBLE,2024-04-30,~9:20-10:59,"SUPERSEDED by 2026 'BB vs PASSIVE OPEN' (same coach, newer video wins).",no
BB VS PASSIVE OPEN,BB,vs_open,HJ/CO,"passive rec opener (4x, ~7.5%)",83s,3bet,0,call,0,,0,100,Live Poker PREFLOP BIBLE,2024-04-30,~9:20-10:59,"SUPERSEDED by 2026 'BB vs PASSIVE OPEN' (same coach, newer video wins).",no
BB VS PASSIVE OPEN,BB,vs_open,HJ/CO,"passive rec opener (4x, ~7.5%)",82s,3bet,0,call,0,,0,100,Live Poker PREFLOP BIBLE,2024-04-30,~9:20-10:59,"SUPERSEDED by 2026 'BB vs PASSIVE OPEN' (same coach, newer video wins).",no
BB VS PASSIVE OPEN,BB,vs_open,HJ/CO,"passive rec opener (4x, ~7.5%)",A7o,3bet,0,call,0,,0,100,Live Poker PREFLOP BIBLE,2024-04-30,~9:20-10:59,"SUPERSEDED by 2026 'BB vs PASSIVE OPEN' (same coach, newer video wins).",no
BB VS PASSIVE OPEN,BB,vs_open,HJ/CO,"passive rec opener (4x, ~7.5%)",K7o,3bet,0,call,0,,0,100,Live Poker PREFLOP BIBLE,2024-04-30,~9:20-10:59,"SUPERSEDED by 2026 'BB vs PASSIVE OPEN' (same coach, newer video wins).",no
BB VS PASSIVE OPEN,BB,vs_open,HJ/CO,"passive rec opener (4x, ~7.5%)",Q7o,3bet,0,call,0,,0,100,Live Poker PREFLOP BIBLE,2024-04-30,~9:20-10:59,"SUPERSEDED by 2026 'BB vs PASSIVE OPEN' (same coach, newer video wins).",no
BB VS PASSIVE OPEN,BB,vs_open,HJ/CO,"passive rec opener (4x, ~7.5%)",J7o,3bet,0,call,0,,0,100,Live Poker PREFLOP BIBLE,2024-04-30,~9:20-10:59,"SUPERSEDED by 2026 'BB vs PASSIVE OPEN' (same coach, newer video wins).",no
BB VS PASSIVE OPEN,BB,vs_open,HJ/CO,"passive rec opener (4x, ~7.5%)",T7o,3bet,0,call,0,,0,100,Live Poker PREFLOP BIBLE,2024-04-30,~9:20-10:59,"SUPERSEDED by 2026 'BB vs PASSIVE OPEN' (same coach, newer video wins).",no
BB VS PASSIVE OPEN,BB,vs_open,HJ/CO,"passive rec opener (4x, ~7.5%)",97o,3bet,0,call,0,,0,100,Live Poker PREFLOP BIBLE,2024-04-30,~9:20-10:59,"SUPERSEDED by 2026 'BB vs PASSIVE OPEN' (same coach, newer video wins).",no
BB VS PASSIVE OPEN,BB,vs_open,HJ/CO,"passive rec opener (4x, ~7.5%)",87o,3bet,0,call,0,,0,100,Live Poker PREFLOP BIBLE,2024-04-30,~9:20-10:59,"SUPERSEDED by 2026 'BB vs PASSIVE OPEN' (same coach, newer video wins).",no
BB VS PASSIVE OPEN,BB,vs_open,HJ/CO,"passive rec opener (4x, ~7.5%)",77,3bet,0,call,100,,0,0,Live Poker PREFLOP BIBLE,2024-04-30,~9:20-10:59,"SUPERSEDED by 2026 'BB vs PASSIVE OPEN' (same coach, newer video wins).",no
BB VS PASSIVE OPEN,BB,vs_open,HJ/CO,"passive rec opener (4x, ~7.5%)",76s,3bet,0,call,100,,0,0,Live Poker PREFLOP BIBLE,2024-04-30,~9:20-10:59,"SUPERSEDED by 2026 'BB vs PASSIVE OPEN' (same coach, newer video wins).",no
BB VS PASSIVE OPEN,BB,vs_open,HJ/CO,"passive rec opener (4x, ~7.5%)",75s,3bet,0,call,100,,0,0,Live Poker PREFLOP BIBLE,2024-04-30,~9:20-10:59,"SUPERSEDED by 2026 'BB vs PASSIVE OPEN' (same coach, newer video wins).",no
BB VS PASSIVE OPEN,BB,vs_open,HJ/CO,"passive rec opener (4x, ~7.5%)",74s,3bet,0,call,0,,0,100,Live Poker PREFLOP BIBLE,2024-04-30,~9:20-10:59,"SUPERSEDED by 2026 'BB vs PASSIVE OPEN' (same coach, newer video wins).",no
BB VS PASSIVE OPEN,BB,vs_open,HJ/CO,"passive rec opener (4x, ~7.5%)",73s,3bet,0,call,0,,0,100,Live Poker PREFLOP BIBLE,2024-04-30,~9:20-10:59,"SUPERSEDED by 2026 'BB vs PASSIVE OPEN' (same coach, newer video wins).",no
BB VS PASSIVE OPEN,BB,vs_open,HJ/CO,"passive rec opener (4x, ~7.5%)",72s,3bet,0,call,0,,0,100,Live Poker PREFLOP BIBLE,2024-04-30,~9:20-10:59,"SUPERSEDED by 2026 'BB vs PASSIVE OPEN' (same coach, newer video wins).",no
BB VS PASSIVE OPEN,BB,vs_open,HJ/CO,"passive rec opener (4x, ~7.5%)",A6o,3bet,0,call,0,,0,100,Live Poker PREFLOP BIBLE,2024-04-30,~9:20-10:59,"SUPERSEDED by 2026 'BB vs PASSIVE OPEN' (same coach, newer video wins).",no
BB VS PASSIVE OPEN,BB,vs_open,HJ/CO,"passive rec opener (4x, ~7.5%)",K6o,3bet,0,call,0,,0,100,Live Poker PREFLOP BIBLE,2024-04-30,~9:20-10:59,"SUPERSEDED by 2026 'BB vs PASSIVE OPEN' (same coach, newer video wins).",no
BB VS PASSIVE OPEN,BB,vs_open,HJ/CO,"passive rec opener (4x, ~7.5%)",Q6o,3bet,0,call,0,,0,100,Live Poker PREFLOP BIBLE,2024-04-30,~9:20-10:59,"SUPERSEDED by 2026 'BB vs PASSIVE OPEN' (same coach, newer video wins).",no
BB VS PASSIVE OPEN,BB,vs_open,HJ/CO,"passive rec opener (4x, ~7.5%)",J6o,3bet,0,call,0,,0,100,Live Poker PREFLOP BIBLE,2024-04-30,~9:20-10:59,"SUPERSEDED by 2026 'BB vs PASSIVE OPEN' (same coach, newer video wins).",no
BB VS PASSIVE OPEN,BB,vs_open,HJ/CO,"passive rec opener (4x, ~7.5%)",T6o,3bet,0,call,0,,0,100,Live Poker PREFLOP BIBLE,2024-04-30,~9:20-10:59,"SUPERSEDED by 2026 'BB vs PASSIVE OPEN' (same coach, newer video wins).",no
BB VS PASSIVE OPEN,BB,vs_open,HJ/CO,"passive rec opener (4x, ~7.5%)",96o,3bet,0,call,0,,0,100,Live Poker PREFLOP BIBLE,2024-04-30,~9:20-10:59,"SUPERSEDED by 2026 'BB vs PASSIVE OPEN' (same coach, newer video wins).",no
BB VS PASSIVE OPEN,BB,vs_open,HJ/CO,"passive rec opener (4x, ~7.5%)",86o,3bet,0,call,0,,0,100,Live Poker PREFLOP BIBLE,2024-04-30,~9:20-10:59,"SUPERSEDED by 2026 'BB vs PASSIVE OPEN' (same coach, newer video wins).",no
BB VS PASSIVE OPEN,BB,vs_open,HJ/CO,"passive rec opener (4x, ~7.5%)",76o,3bet,0,call,0,,0,100,Live Poker PREFLOP BIBLE,2024-04-30,~9:20-10:59,"SUPERSEDED by 2026 'BB vs PASSIVE OPEN' (same coach, newer video wins).",no
BB VS PASSIVE OPEN,BB,vs_open,HJ/CO,"passive rec opener (4x, ~7.5%)",66,3bet,0,call,100,,0,0,Live Poker PREFLOP BIBLE,2024-04-30,~9:20-10:59,"SUPERSEDED by 2026 'BB vs PASSIVE OPEN' (same coach, newer video wins).",no
BB VS PASSIVE OPEN,BB,vs_open,HJ/CO,"passive rec opener (4x, ~7.5%)",65s,3bet,0,call,100,,0,0,Live Poker PREFLOP BIBLE,2024-04-30,~9:20-10:59,"SUPERSEDED by 2026 'BB vs PASSIVE OPEN' (same coach, newer video wins).",no
BB VS PASSIVE OPEN,BB,vs_open,HJ/CO,"passive rec opener (4x, ~7.5%)",64s,3bet,0,call,100,,0,0,Live Poker PREFLOP BIBLE,2024-04-30,~9:20-10:59,"SUPERSEDED by 2026 'BB vs PASSIVE OPEN' (same coach, newer video wins).",no
BB VS PASSIVE OPEN,BB,vs_open,HJ/CO,"passive rec opener (4x, ~7.5%)",63s,3bet,0,call,0,,0,100,Live Poker PREFLOP BIBLE,2024-04-30,~9:20-10:59,"SUPERSEDED by 2026 'BB vs PASSIVE OPEN' (same coach, newer video wins).",no
BB VS PASSIVE OPEN,BB,vs_open,HJ/CO,"passive rec opener (4x, ~7.5%)",62s,3bet,0,call,0,,0,100,Live Poker PREFLOP BIBLE,2024-04-30,~9:20-10:59,"SUPERSEDED by 2026 'BB vs PASSIVE OPEN' (same coach, newer video wins).",no
BB VS PASSIVE OPEN,BB,vs_open,HJ/CO,"passive rec opener (4x, ~7.5%)",A5o,3bet,0,call,0,,0,100,Live Poker PREFLOP BIBLE,2024-04-30,~9:20-10:59,"SUPERSEDED by 2026 'BB vs PASSIVE OPEN' (same coach, newer video wins).",no
BB VS PASSIVE OPEN,BB,vs_open,HJ/CO,"passive rec opener (4x, ~7.5%)",K5o,3bet,0,call,0,,0,100,Live Poker PREFLOP BIBLE,2024-04-30,~9:20-10:59,"SUPERSEDED by 2026 'BB vs PASSIVE OPEN' (same coach, newer video wins).",no
BB VS PASSIVE OPEN,BB,vs_open,HJ/CO,"passive rec opener (4x, ~7.5%)",Q5o,3bet,0,call,0,,0,100,Live Poker PREFLOP BIBLE,2024-04-30,~9:20-10:59,"SUPERSEDED by 2026 'BB vs PASSIVE OPEN' (same coach, newer video wins).",no
BB VS PASSIVE OPEN,BB,vs_open,HJ/CO,"passive rec opener (4x, ~7.5%)",J5o,3bet,0,call,0,,0,100,Live Poker PREFLOP BIBLE,2024-04-30,~9:20-10:59,"SUPERSEDED by 2026 'BB vs PASSIVE OPEN' (same coach, newer video wins).",no
BB VS PASSIVE OPEN,BB,vs_open,HJ/CO,"passive rec opener (4x, ~7.5%)",T5o,3bet,0,call,0,,0,100,Live Poker PREFLOP BIBLE,2024-04-30,~9:20-10:59,"SUPERSEDED by 2026 'BB vs PASSIVE OPEN' (same coach, newer video wins).",no
BB VS PASSIVE OPEN,BB,vs_open,HJ/CO,"passive rec opener (4x, ~7.5%)",95o,3bet,0,call,0,,0,100,Live Poker PREFLOP BIBLE,2024-04-30,~9:20-10:59,"SUPERSEDED by 2026 'BB vs PASSIVE OPEN' (same coach, newer video wins).",no
BB VS PASSIVE OPEN,BB,vs_open,HJ/CO,"passive rec opener (4x, ~7.5%)",85o,3bet,0,call,0,,0,100,Live Poker PREFLOP BIBLE,2024-04-30,~9:20-10:59,"SUPERSEDED by 2026 'BB vs PASSIVE OPEN' (same coach, newer video wins).",no
BB VS PASSIVE OPEN,BB,vs_open,HJ/CO,"passive rec opener (4x, ~7.5%)",75o,3bet,0,call,0,,0,100,Live Poker PREFLOP BIBLE,2024-04-30,~9:20-10:59,"SUPERSEDED by 2026 'BB vs PASSIVE OPEN' (same coach, newer video wins).",no
BB VS PASSIVE OPEN,BB,vs_open,HJ/CO,"passive rec opener (4x, ~7.5%)",65o,3bet,0,call,0,,0,100,Live Poker PREFLOP BIBLE,2024-04-30,~9:20-10:59,"SUPERSEDED by 2026 'BB vs PASSIVE OPEN' (same coach, newer video wins).",no
BB VS PASSIVE OPEN,BB,vs_open,HJ/CO,"passive rec opener (4x, ~7.5%)",55,3bet,0,call,100,,0,0,Live Poker PREFLOP BIBLE,2024-04-30,~9:20-10:59,"SUPERSEDED by 2026 'BB vs PASSIVE OPEN' (same coach, newer video wins).",no
BB VS PASSIVE OPEN,BB,vs_open,HJ/CO,"passive rec opener (4x, ~7.5%)",54s,3bet,0,call,100,,0,0,Live Poker PREFLOP BIBLE,2024-04-30,~9:20-10:59,"SUPERSEDED by 2026 'BB vs PASSIVE OPEN' (same coach, newer video wins).",no
BB VS PASSIVE OPEN,BB,vs_open,HJ/CO,"passive rec opener (4x, ~7.5%)",53s,3bet,0,call,100,,0,0,Live Poker PREFLOP BIBLE,2024-04-30,~9:20-10:59,"SUPERSEDED by 2026 'BB vs PASSIVE OPEN' (same coach, newer video wins).",no
BB VS PASSIVE OPEN,BB,vs_open,HJ/CO,"passive rec opener (4x, ~7.5%)",52s,3bet,0,call,0,,0,100,Live Poker PREFLOP BIBLE,2024-04-30,~9:20-10:59,"SUPERSEDED by 2026 'BB vs PASSIVE OPEN' (same coach, newer video wins).",no
BB VS PASSIVE OPEN,BB,vs_open,HJ/CO,"passive rec opener (4x, ~7.5%)",A4o,3bet,0,call,0,,0,100,Live Poker PREFLOP BIBLE,2024-04-30,~9:20-10:59,"SUPERSEDED by 2026 'BB vs PASSIVE OPEN' (same coach, newer video wins).",no
BB VS PASSIVE OPEN,BB,vs_open,HJ/CO,"passive rec opener (4x, ~7.5%)",K4o,3bet,0,call,0,,0,100,Live Poker PREFLOP BIBLE,2024-04-30,~9:20-10:59,"SUPERSEDED by 2026 'BB vs PASSIVE OPEN' (same coach, newer video wins).",no
BB VS PASSIVE OPEN,BB,vs_open,HJ/CO,"passive rec opener (4x, ~7.5%)",Q4o,3bet,0,call,0,,0,100,Live Poker PREFLOP BIBLE,2024-04-30,~9:20-10:59,"SUPERSEDED by 2026 'BB vs PASSIVE OPEN' (same coach, newer video wins).",no
BB VS PASSIVE OPEN,BB,vs_open,HJ/CO,"passive rec opener (4x, ~7.5%)",J4o,3bet,0,call,0,,0,100,Live Poker PREFLOP BIBLE,2024-04-30,~9:20-10:59,"SUPERSEDED by 2026 'BB vs PASSIVE OPEN' (same coach, newer video wins).",no
BB VS PASSIVE OPEN,BB,vs_open,HJ/CO,"passive rec opener (4x, ~7.5%)",T4o,3bet,0,call,0,,0,100,Live Poker PREFLOP BIBLE,2024-04-30,~9:20-10:59,"SUPERSEDED by 2026 'BB vs PASSIVE OPEN' (same coach, newer video wins).",no
BB VS PASSIVE OPEN,BB,vs_open,HJ/CO,"passive rec opener (4x, ~7.5%)",94o,3bet,0,call,0,,0,100,Live Poker PREFLOP BIBLE,2024-04-30,~9:20-10:59,"SUPERSEDED by 2026 'BB vs PASSIVE OPEN' (same coach, newer video wins).",no
BB VS PASSIVE OPEN,BB,vs_open,HJ/CO,"passive rec opener (4x, ~7.5%)",84o,3bet,0,call,0,,0,100,Live Poker PREFLOP BIBLE,2024-04-30,~9:20-10:59,"SUPERSEDED by 2026 'BB vs PASSIVE OPEN' (same coach, newer video wins).",no
BB VS PASSIVE OPEN,BB,vs_open,HJ/CO,"passive rec opener (4x, ~7.5%)",74o,3bet,0,call,0,,0,100,Live Poker PREFLOP BIBLE,2024-04-30,~9:20-10:59,"SUPERSEDED by 2026 'BB vs PASSIVE OPEN' (same coach, newer video wins).",no
BB VS PASSIVE OPEN,BB,vs_open,HJ/CO,"passive rec opener (4x, ~7.5%)",64o,3bet,0,call,0,,0,100,Live Poker PREFLOP BIBLE,2024-04-30,~9:20-10:59,"SUPERSEDED by 2026 'BB vs PASSIVE OPEN' (same coach, newer video wins).",no
BB VS PASSIVE OPEN,BB,vs_open,HJ/CO,"passive rec opener (4x, ~7.5%)",54o,3bet,0,call,0,,0,100,Live Poker PREFLOP BIBLE,2024-04-30,~9:20-10:59,"SUPERSEDED by 2026 'BB vs PASSIVE OPEN' (same coach, newer video wins).",no
BB VS PASSIVE OPEN,BB,vs_open,HJ/CO,"passive rec opener (4x, ~7.5%)",44,3bet,0,call,100,,0,0,Live Poker PREFLOP BIBLE,2024-04-30,~9:20-10:59,"SUPERSEDED by 2026 'BB vs PASSIVE OPEN' (same coach, newer video wins).",no
BB VS PASSIVE OPEN,BB,vs_open,HJ/CO,"passive rec opener (4x, ~7.5%)",43s,3bet,0,call,100,,0,0,Live Poker PREFLOP BIBLE,2024-04-30,~9:20-10:59,"SUPERSEDED by 2026 'BB vs PASSIVE OPEN' (same coach, newer video wins).",no
BB VS PASSIVE OPEN,BB,vs_open,HJ/CO,"passive rec opener (4x, ~7.5%)",42s,3bet,0,call,0,,0,100,Live Poker PREFLOP BIBLE,2024-04-30,~9:20-10:59,"SUPERSEDED by 2026 'BB vs PASSIVE OPEN' (same coach, newer video wins).",no
BB VS PASSIVE OPEN,BB,vs_open,HJ/CO,"passive rec opener (4x, ~7.5%)",A3o,3bet,0,call,0,,0,100,Live Poker PREFLOP BIBLE,2024-04-30,~9:20-10:59,"SUPERSEDED by 2026 'BB vs PASSIVE OPEN' (same coach, newer video wins).",no
BB VS PASSIVE OPEN,BB,vs_open,HJ/CO,"passive rec opener (4x, ~7.5%)",K3o,3bet,0,call,0,,0,100,Live Poker PREFLOP BIBLE,2024-04-30,~9:20-10:59,"SUPERSEDED by 2026 'BB vs PASSIVE OPEN' (same coach, newer video wins).",no
BB VS PASSIVE OPEN,BB,vs_open,HJ/CO,"passive rec opener (4x, ~7.5%)",Q3o,3bet,0,call,0,,0,100,Live Poker PREFLOP BIBLE,2024-04-30,~9:20-10:59,"SUPERSEDED by 2026 'BB vs PASSIVE OPEN' (same coach, newer video wins).",no
BB VS PASSIVE OPEN,BB,vs_open,HJ/CO,"passive rec opener (4x, ~7.5%)",J3o,3bet,0,call,0,,0,100,Live Poker PREFLOP BIBLE,2024-04-30,~9:20-10:59,"SUPERSEDED by 2026 'BB vs PASSIVE OPEN' (same coach, newer video wins).",no
BB VS PASSIVE OPEN,BB,vs_open,HJ/CO,"passive rec opener (4x, ~7.5%)",T3o,3bet,0,call,0,,0,100,Live Poker PREFLOP BIBLE,2024-04-30,~9:20-10:59,"SUPERSEDED by 2026 'BB vs PASSIVE OPEN' (same coach, newer video wins).",no
BB VS PASSIVE OPEN,BB,vs_open,HJ/CO,"passive rec opener (4x, ~7.5%)",93o,3bet,0,call,0,,0,100,Live Poker PREFLOP BIBLE,2024-04-30,~9:20-10:59,"SUPERSEDED by 2026 'BB vs PASSIVE OPEN' (same coach, newer video wins).",no
BB VS PASSIVE OPEN,BB,vs_open,HJ/CO,"passive rec opener (4x, ~7.5%)",83o,3bet,0,call,0,,0,100,Live Poker PREFLOP BIBLE,2024-04-30,~9:20-10:59,"SUPERSEDED by 2026 'BB vs PASSIVE OPEN' (same coach, newer video wins).",no
BB VS PASSIVE OPEN,BB,vs_open,HJ/CO,"passive rec opener (4x, ~7.5%)",73o,3bet,0,call,0,,0,100,Live Poker PREFLOP BIBLE,2024-04-30,~9:20-10:59,"SUPERSEDED by 2026 'BB vs PASSIVE OPEN' (same coach, newer video wins).",no
BB VS PASSIVE OPEN,BB,vs_open,HJ/CO,"passive rec opener (4x, ~7.5%)",63o,3bet,0,call,0,,0,100,Live Poker PREFLOP BIBLE,2024-04-30,~9:20-10:59,"SUPERSEDED by 2026 'BB vs PASSIVE OPEN' (same coach, newer video wins).",no
BB VS PASSIVE OPEN,BB,vs_open,HJ/CO,"passive rec opener (4x, ~7.5%)",53o,3bet,0,call,0,,0,100,Live Poker PREFLOP BIBLE,2024-04-30,~9:20-10:59,"SUPERSEDED by 2026 'BB vs PASSIVE OPEN' (same coach, newer video wins).",no
BB VS PASSIVE OPEN,BB,vs_open,HJ/CO,"passive rec opener (4x, ~7.5%)",43o,3bet,0,call,0,,0,100,Live Poker PREFLOP BIBLE,2024-04-30,~9:20-10:59,"SUPERSEDED by 2026 'BB vs PASSIVE OPEN' (same coach, newer video wins).",no
BB VS PASSIVE OPEN,BB,vs_open,HJ/CO,"passive rec opener (4x, ~7.5%)",33,3bet,0,call,100,,0,0,Live Poker PREFLOP BIBLE,2024-04-30,~9:20-10:59,"SUPERSEDED by 2026 'BB vs PASSIVE OPEN' (same coach, newer video wins).",no
BB VS PASSIVE OPEN,BB,vs_open,HJ/CO,"passive rec opener (4x, ~7.5%)",32s,3bet,0,call,0,,0,100,Live Poker PREFLOP BIBLE,2024-04-30,~9:20-10:59,"SUPERSEDED by 2026 'BB vs PASSIVE OPEN' (same coach, newer video wins).",no
BB VS PASSIVE OPEN,BB,vs_open,HJ/CO,"passive rec opener (4x, ~7.5%)",A2o,3bet,0,call,0,,0,100,Live Poker PREFLOP BIBLE,2024-04-30,~9:20-10:59,"SUPERSEDED by 2026 'BB vs PASSIVE OPEN' (same coach, newer video wins).",no
BB VS PASSIVE OPEN,BB,vs_open,HJ/CO,"passive rec opener (4x, ~7.5%)",K2o,3bet,0,call,0,,0,100,Live Poker PREFLOP BIBLE,2024-04-30,~9:20-10:59,"SUPERSEDED by 2026 'BB vs PASSIVE OPEN' (same coach, newer video wins).",no
BB VS PASSIVE OPEN,BB,vs_open,HJ/CO,"passive rec opener (4x, ~7.5%)",Q2o,3bet,0,call,0,,0,100,Live Poker PREFLOP BIBLE,2024-04-30,~9:20-10:59,"SUPERSEDED by 2026 'BB vs PASSIVE OPEN' (same coach, newer video wins).",no
BB VS PASSIVE OPEN,BB,vs_open,HJ/CO,"passive rec opener (4x, ~7.5%)",J2o,3bet,0,call,0,,0,100,Live Poker PREFLOP BIBLE,2024-04-30,~9:20-10:59,"SUPERSEDED by 2026 'BB vs PASSIVE OPEN' (same coach, newer video wins).",no
BB VS PASSIVE OPEN,BB,vs_open,HJ/CO,"passive rec opener (4x, ~7.5%)",T2o,3bet,0,call,0,,0,100,Live Poker PREFLOP BIBLE,2024-04-30,~9:20-10:59,"SUPERSEDED by 2026 'BB vs PASSIVE OPEN' (same coach, newer video wins).",no
BB VS PASSIVE OPEN,BB,vs_open,HJ/CO,"passive rec opener (4x, ~7.5%)",92o,3bet,0,call,0,,0,100,Live Poker PREFLOP BIBLE,2024-04-30,~9:20-10:59,"SUPERSEDED by 2026 'BB vs PASSIVE OPEN' (same coach, newer video wins).",no
BB VS PASSIVE OPEN,BB,vs_open,HJ/CO,"passive rec opener (4x, ~7.5%)",82o,3bet,0,call,0,,0,100,Live Poker PREFLOP BIBLE,2024-04-30,~9:20-10:59,"SUPERSEDED by 2026 'BB vs PASSIVE OPEN' (same coach, newer video wins).",no
BB VS PASSIVE OPEN,BB,vs_open,HJ/CO,"passive rec opener (4x, ~7.5%)",72o,3bet,0,call,0,,0,100,Live Poker PREFLOP BIBLE,2024-04-30,~9:20-10:59,"SUPERSEDED by 2026 'BB vs PASSIVE OPEN' (same coach, newer video wins).",no
BB VS PASSIVE OPEN,BB,vs_open,HJ/CO,"passive rec opener (4x, ~7.5%)",62o,3bet,0,call,0,,0,100,Live Poker PREFLOP BIBLE,2024-04-30,~9:20-10:59,"SUPERSEDED by 2026 'BB vs PASSIVE OPEN' (same coach, newer video wins).",no
BB VS PASSIVE OPEN,BB,vs_open,HJ/CO,"passive rec opener (4x, ~7.5%)",52o,3bet,0,call,0,,0,100,Live Poker PREFLOP BIBLE,2024-04-30,~9:20-10:59,"SUPERSEDED by 2026 'BB vs PASSIVE OPEN' (same coach, newer video wins).",no
BB VS PASSIVE OPEN,BB,vs_open,HJ/CO,"passive rec opener (4x, ~7.5%)",42o,3bet,0,call,0,,0,100,Live Poker PREFLOP BIBLE,2024-04-30,~9:20-10:59,"SUPERSEDED by 2026 'BB vs PASSIVE OPEN' (same coach, newer video wins).",no
BB VS PASSIVE OPEN,BB,vs_open,HJ/CO,"passive rec opener (4x, ~7.5%)",32o,3bet,0,call,0,,0,100,Live Poker PREFLOP BIBLE,2024-04-30,~9:20-10:59,"SUPERSEDED by 2026 'BB vs PASSIVE OPEN' (same coach, newer video wins).",no
BB VS PASSIVE OPEN,BB,vs_open,HJ/CO,"passive rec opener (4x, ~7.5%)",22,3bet,0,call,100,,0,0,Live Poker PREFLOP BIBLE,2024-04-30,~9:20-10:59,"SUPERSEDED by 2026 'BB vs PASSIVE OPEN' (same coach, newer video wins).",no
BB VS AGGRO OPEN,BB,vs_open,any,loose-aggressive rec opener (~30%),AA,3bet,100,call,0,,0,0,Live Poker PREFLOP BIBLE,2024-04-30,10:59,"SUPERSEDED by 2026 'BB vs AGGRO OPEN' (same coach, newer video wins).",no
BB VS AGGRO OPEN,BB,vs_open,any,loose-aggressive rec opener (~30%),AKs,3bet,100,call,0,,0,0,Live Poker PREFLOP BIBLE,2024-04-30,10:59,"SUPERSEDED by 2026 'BB vs AGGRO OPEN' (same coach, newer video wins).",no
BB VS AGGRO OPEN,BB,vs_open,any,loose-aggressive rec opener (~30%),AQs,3bet,100,call,0,,0,0,Live Poker PREFLOP BIBLE,2024-04-30,10:59,"SUPERSEDED by 2026 'BB vs AGGRO OPEN' (same coach, newer video wins).",no
BB VS AGGRO OPEN,BB,vs_open,any,loose-aggressive rec opener (~30%),AJs,3bet,100,call,0,,0,0,Live Poker PREFLOP BIBLE,2024-04-30,10:59,"SUPERSEDED by 2026 'BB vs AGGRO OPEN' (same coach, newer video wins).",no
BB VS AGGRO OPEN,BB,vs_open,any,loose-aggressive rec opener (~30%),ATs,3bet,100,call,0,,0,0,Live Poker PREFLOP BIBLE,2024-04-30,10:59,"SUPERSEDED by 2026 'BB vs AGGRO OPEN' (same coach, newer video wins).",no
BB VS AGGRO OPEN,BB,vs_open,any,loose-aggressive rec opener (~30%),A9s,3bet,100,call,0,,0,0,Live Poker PREFLOP BIBLE,2024-04-30,10:59,"SUPERSEDED by 2026 'BB vs AGGRO OPEN' (same coach, newer video wins).",no
BB VS AGGRO OPEN,BB,vs_open,any,loose-aggressive rec opener (~30%),A8s,3bet,100,call,0,,0,0,Live Poker PREFLOP BIBLE,2024-04-30,10:59,"SUPERSEDED by 2026 'BB vs AGGRO OPEN' (same coach, newer video wins).",no
BB VS AGGRO OPEN,BB,vs_open,any,loose-aggressive rec opener (~30%),A7s,3bet,50,call,50,,0,0,Live Poker PREFLOP BIBLE,2024-04-30,10:59,"SUPERSEDED by 2026 'BB vs AGGRO OPEN' (same coach, newer video wins). SITUATIONAL (Mark 2024): a 'partial' - don't randomize; lean to the aggressive action with a bigger skill edge, deeper stacks, or a weaker/more predictable opponent.",yes
BB VS AGGRO OPEN,BB,vs_open,any,loose-aggressive rec opener (~30%),A6s,3bet,50,call,50,,0,0,Live Poker PREFLOP BIBLE,2024-04-30,10:59,"SUPERSEDED by 2026 'BB vs AGGRO OPEN' (same coach, newer video wins). SITUATIONAL (Mark 2024): a 'partial' - don't randomize; lean to the aggressive action with a bigger skill edge, deeper stacks, or a weaker/more predictable opponent.",yes
BB VS AGGRO OPEN,BB,vs_open,any,loose-aggressive rec opener (~30%),A5s,3bet,100,call,0,,0,0,Live Poker PREFLOP BIBLE,2024-04-30,10:59,"SUPERSEDED by 2026 'BB vs AGGRO OPEN' (same coach, newer video wins).",no
BB VS AGGRO OPEN,BB,vs_open,any,loose-aggressive rec opener (~30%),A4s,3bet,50,call,50,,0,0,Live Poker PREFLOP BIBLE,2024-04-30,10:59,"SUPERSEDED by 2026 'BB vs AGGRO OPEN' (same coach, newer video wins). SITUATIONAL (Mark 2024): a 'partial' - don't randomize; lean to the aggressive action with a bigger skill edge, deeper stacks, or a weaker/more predictable opponent.",yes
BB VS AGGRO OPEN,BB,vs_open,any,loose-aggressive rec opener (~30%),A3s,3bet,50,call,50,,0,0,Live Poker PREFLOP BIBLE,2024-04-30,10:59,"SUPERSEDED by 2026 'BB vs AGGRO OPEN' (same coach, newer video wins). SITUATIONAL (Mark 2024): a 'partial' - don't randomize; lean to the aggressive action with a bigger skill edge, deeper stacks, or a weaker/more predictable opponent.",yes
BB VS AGGRO OPEN,BB,vs_open,any,loose-aggressive rec opener (~30%),A2s,3bet,50,call,50,,0,0,Live Poker PREFLOP BIBLE,2024-04-30,10:59,"SUPERSEDED by 2026 'BB vs AGGRO OPEN' (same coach, newer video wins). SITUATIONAL (Mark 2024): a 'partial' - don't randomize; lean to the aggressive action with a bigger skill edge, deeper stacks, or a weaker/more predictable opponent.",yes
BB VS AGGRO OPEN,BB,vs_open,any,loose-aggressive rec opener (~30%),AKo,3bet,100,call,0,,0,0,Live Poker PREFLOP BIBLE,2024-04-30,10:59,"SUPERSEDED by 2026 'BB vs AGGRO OPEN' (same coach, newer video wins).",no
BB VS AGGRO OPEN,BB,vs_open,any,loose-aggressive rec opener (~30%),KK,3bet,100,call,0,,0,0,Live Poker PREFLOP BIBLE,2024-04-30,10:59,"SUPERSEDED by 2026 'BB vs AGGRO OPEN' (same coach, newer video wins).",no
BB VS AGGRO OPEN,BB,vs_open,any,loose-aggressive rec opener (~30%),KQs,3bet,100,call,0,,0,0,Live Poker PREFLOP BIBLE,2024-04-30,10:59,"SUPERSEDED by 2026 'BB vs AGGRO OPEN' (same coach, newer video wins).",no
BB VS AGGRO OPEN,BB,vs_open,any,loose-aggressive rec opener (~30%),KJs,3bet,100,call,0,,0,0,Live Poker PREFLOP BIBLE,2024-04-30,10:59,"SUPERSEDED by 2026 'BB vs AGGRO OPEN' (same coach, newer video wins).",no
BB VS AGGRO OPEN,BB,vs_open,any,loose-aggressive rec opener (~30%),KTs,3bet,100,call,0,,0,0,Live Poker PREFLOP BIBLE,2024-04-30,10:59,"SUPERSEDED by 2026 'BB vs AGGRO OPEN' (same coach, newer video wins).",no
BB VS AGGRO OPEN,BB,vs_open,any,loose-aggressive rec opener (~30%),K9s,3bet,100,call,0,,0,0,Live Poker PREFLOP BIBLE,2024-04-30,10:59,"SUPERSEDED by 2026 'BB vs AGGRO OPEN' (same coach, newer video wins).",no
BB VS AGGRO OPEN,BB,vs_open,any,loose-aggressive rec opener (~30%),K8s,3bet,50,call,50,,0,0,Live Poker PREFLOP BIBLE,2024-04-30,10:59,"SUPERSEDED by 2026 'BB vs AGGRO OPEN' (same coach, newer video wins). SITUATIONAL (Mark 2024): a 'partial' - don't randomize; lean to the aggressive action with a bigger skill edge, deeper stacks, or a weaker/more predictable opponent.",yes
BB VS AGGRO OPEN,BB,vs_open,any,loose-aggressive rec opener (~30%),K7s,3bet,50,call,50,,0,0,Live Poker PREFLOP BIBLE,2024-04-30,10:59,"SUPERSEDED by 2026 'BB vs AGGRO OPEN' (same coach, newer video wins). SITUATIONAL (Mark 2024): a 'partial' - don't randomize; lean to the aggressive action with a bigger skill edge, deeper stacks, or a weaker/more predictable opponent.",yes
BB VS AGGRO OPEN,BB,vs_open,any,loose-aggressive rec opener (~30%),K6s,3bet,50,call,50,,0,0,Live Poker PREFLOP BIBLE,2024-04-30,10:59,"SUPERSEDED by 2026 'BB vs AGGRO OPEN' (same coach, newer video wins). SITUATIONAL (Mark 2024): a 'partial' - don't randomize; lean to the aggressive action with a bigger skill edge, deeper stacks, or a weaker/more predictable opponent.",yes
BB VS AGGRO OPEN,BB,vs_open,any,loose-aggressive rec opener (~30%),K5s,3bet,50,call,50,,0,0,Live Poker PREFLOP BIBLE,2024-04-30,10:59,"SUPERSEDED by 2026 'BB vs AGGRO OPEN' (same coach, newer video wins). SITUATIONAL (Mark 2024): a 'partial' - don't randomize; lean to the aggressive action with a bigger skill edge, deeper stacks, or a weaker/more predictable opponent.",yes
BB VS AGGRO OPEN,BB,vs_open,any,loose-aggressive rec opener (~30%),K4s,3bet,50,call,50,,0,0,Live Poker PREFLOP BIBLE,2024-04-30,10:59,"SUPERSEDED by 2026 'BB vs AGGRO OPEN' (same coach, newer video wins). SITUATIONAL (Mark 2024): a 'partial' - don't randomize; lean to the aggressive action with a bigger skill edge, deeper stacks, or a weaker/more predictable opponent.",yes
BB VS AGGRO OPEN,BB,vs_open,any,loose-aggressive rec opener (~30%),K3s,3bet,50,call,50,,0,0,Live Poker PREFLOP BIBLE,2024-04-30,10:59,"SUPERSEDED by 2026 'BB vs AGGRO OPEN' (same coach, newer video wins). SITUATIONAL (Mark 2024): a 'partial' - don't randomize; lean to the aggressive action with a bigger skill edge, deeper stacks, or a weaker/more predictable opponent.",yes
BB VS AGGRO OPEN,BB,vs_open,any,loose-aggressive rec opener (~30%),K2s,3bet,50,call,50,,0,0,Live Poker PREFLOP BIBLE,2024-04-30,10:59,"SUPERSEDED by 2026 'BB vs AGGRO OPEN' (same coach, newer video wins). SITUATIONAL (Mark 2024): a 'partial' - don't randomize; lean to the aggressive action with a bigger skill edge, deeper stacks, or a weaker/more predictable opponent.",yes
BB VS AGGRO OPEN,BB,vs_open,any,loose-aggressive rec opener (~30%),AQo,3bet,100,call,0,,0,0,Live Poker PREFLOP BIBLE,2024-04-30,10:59,"SUPERSEDED by 2026 'BB vs AGGRO OPEN' (same coach, newer video wins).",no
BB VS AGGRO OPEN,BB,vs_open,any,loose-aggressive rec opener (~30%),KQo,3bet,50,call,50,,0,0,Live Poker PREFLOP BIBLE,2024-04-30,10:59,"SUPERSEDED by 2026 'BB vs AGGRO OPEN' (same coach, newer video wins). SITUATIONAL (Mark 2024): a 'partial' - don't randomize; lean to the aggressive action with a bigger skill edge, deeper stacks, or a weaker/more predictable opponent.",yes
BB VS AGGRO OPEN,BB,vs_open,any,loose-aggressive rec opener (~30%),QQ,3bet,100,call,0,,0,0,Live Poker PREFLOP BIBLE,2024-04-30,10:59,"SUPERSEDED by 2026 'BB vs AGGRO OPEN' (same coach, newer video wins).",no
BB VS AGGRO OPEN,BB,vs_open,any,loose-aggressive rec opener (~30%),QJs,3bet,100,call,0,,0,0,Live Poker PREFLOP BIBLE,2024-04-30,10:59,"SUPERSEDED by 2026 'BB vs AGGRO OPEN' (same coach, newer video wins).",no
BB VS AGGRO OPEN,BB,vs_open,any,loose-aggressive rec opener (~30%),QTs,3bet,100,call,0,,0,0,Live Poker PREFLOP BIBLE,2024-04-30,10:59,"SUPERSEDED by 2026 'BB vs AGGRO OPEN' (same coach, newer video wins).",no
BB VS AGGRO OPEN,BB,vs_open,any,loose-aggressive rec opener (~30%),Q9s,3bet,100,call,0,,0,0,Live Poker PREFLOP BIBLE,2024-04-30,10:59,"SUPERSEDED by 2026 'BB vs AGGRO OPEN' (same coach, newer video wins).",no
BB VS AGGRO OPEN,BB,vs_open,any,loose-aggressive rec opener (~30%),Q8s,3bet,50,call,50,,0,0,Live Poker PREFLOP BIBLE,2024-04-30,10:59,"SUPERSEDED by 2026 'BB vs AGGRO OPEN' (same coach, newer video wins). SITUATIONAL (Mark 2024): a 'partial' - don't randomize; lean to the aggressive action with a bigger skill edge, deeper stacks, or a weaker/more predictable opponent.",yes
BB VS AGGRO OPEN,BB,vs_open,any,loose-aggressive rec opener (~30%),Q7s,3bet,50,call,50,,0,0,Live Poker PREFLOP BIBLE,2024-04-30,10:59,"SUPERSEDED by 2026 'BB vs AGGRO OPEN' (same coach, newer video wins). SITUATIONAL (Mark 2024): a 'partial' - don't randomize; lean to the aggressive action with a bigger skill edge, deeper stacks, or a weaker/more predictable opponent.",yes
BB VS AGGRO OPEN,BB,vs_open,any,loose-aggressive rec opener (~30%),Q6s,3bet,50,call,50,,0,0,Live Poker PREFLOP BIBLE,2024-04-30,10:59,"SUPERSEDED by 2026 'BB vs AGGRO OPEN' (same coach, newer video wins). SITUATIONAL (Mark 2024): a 'partial' - don't randomize; lean to the aggressive action with a bigger skill edge, deeper stacks, or a weaker/more predictable opponent.",yes
BB VS AGGRO OPEN,BB,vs_open,any,loose-aggressive rec opener (~30%),Q5s,3bet,50,call,50,,0,0,Live Poker PREFLOP BIBLE,2024-04-30,10:59,"SUPERSEDED by 2026 'BB vs AGGRO OPEN' (same coach, newer video wins). SITUATIONAL (Mark 2024): a 'partial' - don't randomize; lean to the aggressive action with a bigger skill edge, deeper stacks, or a weaker/more predictable opponent.",yes
BB VS AGGRO OPEN,BB,vs_open,any,loose-aggressive rec opener (~30%),Q4s,3bet,0,call,100,,0,0,Live Poker PREFLOP BIBLE,2024-04-30,10:59,"SUPERSEDED by 2026 'BB vs AGGRO OPEN' (same coach, newer video wins).",no
BB VS AGGRO OPEN,BB,vs_open,any,loose-aggressive rec opener (~30%),Q3s,3bet,0,call,0,,0,100,Live Poker PREFLOP BIBLE,2024-04-30,10:59,"SUPERSEDED by 2026 'BB vs AGGRO OPEN' (same coach, newer video wins).",no
BB VS AGGRO OPEN,BB,vs_open,any,loose-aggressive rec opener (~30%),Q2s,3bet,0,call,0,,0,100,Live Poker PREFLOP BIBLE,2024-04-30,10:59,"SUPERSEDED by 2026 'BB vs AGGRO OPEN' (same coach, newer video wins).",no
BB VS AGGRO OPEN,BB,vs_open,any,loose-aggressive rec opener (~30%),AJo,3bet,50,call,50,,0,0,Live Poker PREFLOP BIBLE,2024-04-30,10:59,"SUPERSEDED by 2026 'BB vs AGGRO OPEN' (same coach, newer video wins). SITUATIONAL (Mark 2024): a 'partial' - don't randomize; lean to the aggressive action with a bigger skill edge, deeper stacks, or a weaker/more predictable opponent.",yes
BB VS AGGRO OPEN,BB,vs_open,any,loose-aggressive rec opener (~30%),KJo,3bet,50,call,50,,0,0,Live Poker PREFLOP BIBLE,2024-04-30,10:59,"SUPERSEDED by 2026 'BB vs AGGRO OPEN' (same coach, newer video wins). SITUATIONAL (Mark 2024): a 'partial' - don't randomize; lean to the aggressive action with a bigger skill edge, deeper stacks, or a weaker/more predictable opponent.",yes
BB VS AGGRO OPEN,BB,vs_open,any,loose-aggressive rec opener (~30%),QJo,3bet,50,call,50,,0,0,Live Poker PREFLOP BIBLE,2024-04-30,10:59,"SUPERSEDED by 2026 'BB vs AGGRO OPEN' (same coach, newer video wins). SITUATIONAL (Mark 2024): a 'partial' - don't randomize; lean to the aggressive action with a bigger skill edge, deeper stacks, or a weaker/more predictable opponent.",yes
BB VS AGGRO OPEN,BB,vs_open,any,loose-aggressive rec opener (~30%),JJ,3bet,100,call,0,,0,0,Live Poker PREFLOP BIBLE,2024-04-30,10:59,"SUPERSEDED by 2026 'BB vs AGGRO OPEN' (same coach, newer video wins).",no
BB VS AGGRO OPEN,BB,vs_open,any,loose-aggressive rec opener (~30%),JTs,3bet,100,call,0,,0,0,Live Poker PREFLOP BIBLE,2024-04-30,10:59,"SUPERSEDED by 2026 'BB vs AGGRO OPEN' (same coach, newer video wins).",no
BB VS AGGRO OPEN,BB,vs_open,any,loose-aggressive rec opener (~30%),J9s,3bet,100,call,0,,0,0,Live Poker PREFLOP BIBLE,2024-04-30,10:59,"SUPERSEDED by 2026 'BB vs AGGRO OPEN' (same coach, newer video wins).",no
BB VS AGGRO OPEN,BB,vs_open,any,loose-aggressive rec opener (~30%),J8s,3bet,50,call,50,,0,0,Live Poker PREFLOP BIBLE,2024-04-30,10:59,"SUPERSEDED by 2026 'BB vs AGGRO OPEN' (same coach, newer video wins). SITUATIONAL (Mark 2024): a 'partial' - don't randomize; lean to the aggressive action with a bigger skill edge, deeper stacks, or a weaker/more predictable opponent.",yes
BB VS AGGRO OPEN,BB,vs_open,any,loose-aggressive rec opener (~30%),J7s,3bet,50,call,50,,0,0,Live Poker PREFLOP BIBLE,2024-04-30,10:59,"SUPERSEDED by 2026 'BB vs AGGRO OPEN' (same coach, newer video wins). SITUATIONAL (Mark 2024): a 'partial' - don't randomize; lean to the aggressive action with a bigger skill edge, deeper stacks, or a weaker/more predictable opponent.",yes
BB VS AGGRO OPEN,BB,vs_open,any,loose-aggressive rec opener (~30%),J6s,3bet,50,call,50,,0,0,Live Poker PREFLOP BIBLE,2024-04-30,10:59,"SUPERSEDED by 2026 'BB vs AGGRO OPEN' (same coach, newer video wins). SITUATIONAL (Mark 2024): a 'partial' - don't randomize; lean to the aggressive action with a bigger skill edge, deeper stacks, or a weaker/more predictable opponent.",yes
BB VS AGGRO OPEN,BB,vs_open,any,loose-aggressive rec opener (~30%),J5s,3bet,0,call,0,,0,100,Live Poker PREFLOP BIBLE,2024-04-30,10:59,"SUPERSEDED by 2026 'BB vs AGGRO OPEN' (same coach, newer video wins).",no
BB VS AGGRO OPEN,BB,vs_open,any,loose-aggressive rec opener (~30%),J4s,3bet,0,call,0,,0,100,Live Poker PREFLOP BIBLE,2024-04-30,10:59,"SUPERSEDED by 2026 'BB vs AGGRO OPEN' (same coach, newer video wins).",no
BB VS AGGRO OPEN,BB,vs_open,any,loose-aggressive rec opener (~30%),J3s,3bet,0,call,0,,0,100,Live Poker PREFLOP BIBLE,2024-04-30,10:59,"SUPERSEDED by 2026 'BB vs AGGRO OPEN' (same coach, newer video wins).",no
BB VS AGGRO OPEN,BB,vs_open,any,loose-aggressive rec opener (~30%),J2s,3bet,0,call,0,,0,100,Live Poker PREFLOP BIBLE,2024-04-30,10:59,"SUPERSEDED by 2026 'BB vs AGGRO OPEN' (same coach, newer video wins).",no
BB VS AGGRO OPEN,BB,vs_open,any,loose-aggressive rec opener (~30%),ATo,3bet,50,call,50,,0,0,Live Poker PREFLOP BIBLE,2024-04-30,10:59,"SUPERSEDED by 2026 'BB vs AGGRO OPEN' (same coach, newer video wins). SITUATIONAL (Mark 2024): a 'partial' - don't randomize; lean to the aggressive action with a bigger skill edge, deeper stacks, or a weaker/more predictable opponent.",yes
BB VS AGGRO OPEN,BB,vs_open,any,loose-aggressive rec opener (~30%),KTo,3bet,50,call,50,,0,0,Live Poker PREFLOP BIBLE,2024-04-30,10:59,"SUPERSEDED by 2026 'BB vs AGGRO OPEN' (same coach, newer video wins). SITUATIONAL (Mark 2024): a 'partial' - don't randomize; lean to the aggressive action with a bigger skill edge, deeper stacks, or a weaker/more predictable opponent.",yes
BB VS AGGRO OPEN,BB,vs_open,any,loose-aggressive rec opener (~30%),QTo,3bet,50,call,50,,0,0,Live Poker PREFLOP BIBLE,2024-04-30,10:59,"SUPERSEDED by 2026 'BB vs AGGRO OPEN' (same coach, newer video wins). SITUATIONAL (Mark 2024): a 'partial' - don't randomize; lean to the aggressive action with a bigger skill edge, deeper stacks, or a weaker/more predictable opponent.",yes
BB VS AGGRO OPEN,BB,vs_open,any,loose-aggressive rec opener (~30%),JTo,3bet,50,call,50,,0,0,Live Poker PREFLOP BIBLE,2024-04-30,10:59,"SUPERSEDED by 2026 'BB vs AGGRO OPEN' (same coach, newer video wins). SITUATIONAL (Mark 2024): a 'partial' - don't randomize; lean to the aggressive action with a bigger skill edge, deeper stacks, or a weaker/more predictable opponent.",yes
BB VS AGGRO OPEN,BB,vs_open,any,loose-aggressive rec opener (~30%),TT,3bet,100,call,0,,0,0,Live Poker PREFLOP BIBLE,2024-04-30,10:59,"SUPERSEDED by 2026 'BB vs AGGRO OPEN' (same coach, newer video wins).",no
BB VS AGGRO OPEN,BB,vs_open,any,loose-aggressive rec opener (~30%),T9s,3bet,100,call,0,,0,0,Live Poker PREFLOP BIBLE,2024-04-30,10:59,"SUPERSEDED by 2026 'BB vs AGGRO OPEN' (same coach, newer video wins).",no
BB VS AGGRO OPEN,BB,vs_open,any,loose-aggressive rec opener (~30%),T8s,3bet,50,call,50,,0,0,Live Poker PREFLOP BIBLE,2024-04-30,10:59,"SUPERSEDED by 2026 'BB vs AGGRO OPEN' (same coach, newer video wins). SITUATIONAL (Mark 2024): a 'partial' - don't randomize; lean to the aggressive action with a bigger skill edge, deeper stacks, or a weaker/more predictable opponent.",yes
BB VS AGGRO OPEN,BB,vs_open,any,loose-aggressive rec opener (~30%),T7s,3bet,50,call,50,,0,0,Live Poker PREFLOP BIBLE,2024-04-30,10:59,"SUPERSEDED by 2026 'BB vs AGGRO OPEN' (same coach, newer video wins). SITUATIONAL (Mark 2024): a 'partial' - don't randomize; lean to the aggressive action with a bigger skill edge, deeper stacks, or a weaker/more predictable opponent.",yes
BB VS AGGRO OPEN,BB,vs_open,any,loose-aggressive rec opener (~30%),T6s,3bet,0,call,100,,0,0,Live Poker PREFLOP BIBLE,2024-04-30,10:59,"SUPERSEDED by 2026 'BB vs AGGRO OPEN' (same coach, newer video wins).",no
BB VS AGGRO OPEN,BB,vs_open,any,loose-aggressive rec opener (~30%),T5s,3bet,0,call,0,,0,100,Live Poker PREFLOP BIBLE,2024-04-30,10:59,"SUPERSEDED by 2026 'BB vs AGGRO OPEN' (same coach, newer video wins).",no
BB VS AGGRO OPEN,BB,vs_open,any,loose-aggressive rec opener (~30%),T4s,3bet,0,call,0,,0,100,Live Poker PREFLOP BIBLE,2024-04-30,10:59,"SUPERSEDED by 2026 'BB vs AGGRO OPEN' (same coach, newer video wins).",no
BB VS AGGRO OPEN,BB,vs_open,any,loose-aggressive rec opener (~30%),T3s,3bet,0,call,0,,0,100,Live Poker PREFLOP BIBLE,2024-04-30,10:59,"SUPERSEDED by 2026 'BB vs AGGRO OPEN' (same coach, newer video wins).",no
BB VS AGGRO OPEN,BB,vs_open,any,loose-aggressive rec opener (~30%),T2s,3bet,0,call,0,,0,100,Live Poker PREFLOP BIBLE,2024-04-30,10:59,"SUPERSEDED by 2026 'BB vs AGGRO OPEN' (same coach, newer video wins).",no
BB VS AGGRO OPEN,BB,vs_open,any,loose-aggressive rec opener (~30%),A9o,3bet,0,call,100,,0,0,Live Poker PREFLOP BIBLE,2024-04-30,10:59,"SUPERSEDED by 2026 'BB vs AGGRO OPEN' (same coach, newer video wins).",no
BB VS AGGRO OPEN,BB,vs_open,any,loose-aggressive rec opener (~30%),K9o,3bet,0,call,0,,0,100,Live Poker PREFLOP BIBLE,2024-04-30,10:59,"SUPERSEDED by 2026 'BB vs AGGRO OPEN' (same coach, newer video wins).",no
BB VS AGGRO OPEN,BB,vs_open,any,loose-aggressive rec opener (~30%),Q9o,3bet,0,call,0,,0,100,Live Poker PREFLOP BIBLE,2024-04-30,10:59,"SUPERSEDED by 2026 'BB vs AGGRO OPEN' (same coach, newer video wins).",no
BB VS AGGRO OPEN,BB,vs_open,any,loose-aggressive rec opener (~30%),J9o,3bet,0,call,100,,0,0,Live Poker PREFLOP BIBLE,2024-04-30,10:59,"SUPERSEDED by 2026 'BB vs AGGRO OPEN' (same coach, newer video wins).",no
BB VS AGGRO OPEN,BB,vs_open,any,loose-aggressive rec opener (~30%),T9o,3bet,0,call,100,,0,0,Live Poker PREFLOP BIBLE,2024-04-30,10:59,"SUPERSEDED by 2026 'BB vs AGGRO OPEN' (same coach, newer video wins).",no
BB VS AGGRO OPEN,BB,vs_open,any,loose-aggressive rec opener (~30%),99,3bet,100,call,0,,0,0,Live Poker PREFLOP BIBLE,2024-04-30,10:59,"SUPERSEDED by 2026 'BB vs AGGRO OPEN' (same coach, newer video wins).",no
BB VS AGGRO OPEN,BB,vs_open,any,loose-aggressive rec opener (~30%),98s,3bet,100,call,0,,0,0,Live Poker PREFLOP BIBLE,2024-04-30,10:59,"SUPERSEDED by 2026 'BB vs AGGRO OPEN' (same coach, newer video wins).",no
BB VS AGGRO OPEN,BB,vs_open,any,loose-aggressive rec opener (~30%),97s,3bet,50,call,50,,0,0,Live Poker PREFLOP BIBLE,2024-04-30,10:59,"SUPERSEDED by 2026 'BB vs AGGRO OPEN' (same coach, newer video wins). SITUATIONAL (Mark 2024): a 'partial' - don't randomize; lean to the aggressive action with a bigger skill edge, deeper stacks, or a weaker/more predictable opponent.",yes
BB VS AGGRO OPEN,BB,vs_open,any,loose-aggressive rec opener (~30%),96s,3bet,50,call,50,,0,0,Live Poker PREFLOP BIBLE,2024-04-30,10:59,"SUPERSEDED by 2026 'BB vs AGGRO OPEN' (same coach, newer video wins). SITUATIONAL (Mark 2024): a 'partial' - don't randomize; lean to the aggressive action with a bigger skill edge, deeper stacks, or a weaker/more predictable opponent.",yes
BB VS AGGRO OPEN,BB,vs_open,any,loose-aggressive rec opener (~30%),95s,3bet,0,call,0,,0,100,Live Poker PREFLOP BIBLE,2024-04-30,10:59,"SUPERSEDED by 2026 'BB vs AGGRO OPEN' (same coach, newer video wins).",no
BB VS AGGRO OPEN,BB,vs_open,any,loose-aggressive rec opener (~30%),94s,3bet,0,call,0,,0,100,Live Poker PREFLOP BIBLE,2024-04-30,10:59,"SUPERSEDED by 2026 'BB vs AGGRO OPEN' (same coach, newer video wins).",no
BB VS AGGRO OPEN,BB,vs_open,any,loose-aggressive rec opener (~30%),93s,3bet,0,call,0,,0,100,Live Poker PREFLOP BIBLE,2024-04-30,10:59,"SUPERSEDED by 2026 'BB vs AGGRO OPEN' (same coach, newer video wins).",no
BB VS AGGRO OPEN,BB,vs_open,any,loose-aggressive rec opener (~30%),92s,3bet,0,call,0,,0,100,Live Poker PREFLOP BIBLE,2024-04-30,10:59,"SUPERSEDED by 2026 'BB vs AGGRO OPEN' (same coach, newer video wins).",no
BB VS AGGRO OPEN,BB,vs_open,any,loose-aggressive rec opener (~30%),A8o,3bet,0,call,0,,0,100,Live Poker PREFLOP BIBLE,2024-04-30,10:59,"SUPERSEDED by 2026 'BB vs AGGRO OPEN' (same coach, newer video wins).",no
BB VS AGGRO OPEN,BB,vs_open,any,loose-aggressive rec opener (~30%),K8o,3bet,0,call,0,,0,100,Live Poker PREFLOP BIBLE,2024-04-30,10:59,"SUPERSEDED by 2026 'BB vs AGGRO OPEN' (same coach, newer video wins).",no
BB VS AGGRO OPEN,BB,vs_open,any,loose-aggressive rec opener (~30%),Q8o,3bet,0,call,0,,0,100,Live Poker PREFLOP BIBLE,2024-04-30,10:59,"SUPERSEDED by 2026 'BB vs AGGRO OPEN' (same coach, newer video wins).",no
BB VS AGGRO OPEN,BB,vs_open,any,loose-aggressive rec opener (~30%),J8o,3bet,0,call,0,,0,100,Live Poker PREFLOP BIBLE,2024-04-30,10:59,"SUPERSEDED by 2026 'BB vs AGGRO OPEN' (same coach, newer video wins).",no
BB VS AGGRO OPEN,BB,vs_open,any,loose-aggressive rec opener (~30%),T8o,3bet,0,call,0,,0,100,Live Poker PREFLOP BIBLE,2024-04-30,10:59,"SUPERSEDED by 2026 'BB vs AGGRO OPEN' (same coach, newer video wins).",no
BB VS AGGRO OPEN,BB,vs_open,any,loose-aggressive rec opener (~30%),98o,3bet,0,call,100,,0,0,Live Poker PREFLOP BIBLE,2024-04-30,10:59,"SUPERSEDED by 2026 'BB vs AGGRO OPEN' (same coach, newer video wins).",no
BB VS AGGRO OPEN,BB,vs_open,any,loose-aggressive rec opener (~30%),88,3bet,100,call,0,,0,0,Live Poker PREFLOP BIBLE,2024-04-30,10:59,"SUPERSEDED by 2026 'BB vs AGGRO OPEN' (same coach, newer video wins).",no
BB VS AGGRO OPEN,BB,vs_open,any,loose-aggressive rec opener (~30%),87s,3bet,50,call,50,,0,0,Live Poker PREFLOP BIBLE,2024-04-30,10:59,"SUPERSEDED by 2026 'BB vs AGGRO OPEN' (same coach, newer video wins). SITUATIONAL (Mark 2024): a 'partial' - don't randomize; lean to the aggressive action with a bigger skill edge, deeper stacks, or a weaker/more predictable opponent.",yes
BB VS AGGRO OPEN,BB,vs_open,any,loose-aggressive rec opener (~30%),86s,3bet,50,call,50,,0,0,Live Poker PREFLOP BIBLE,2024-04-30,10:59,"SUPERSEDED by 2026 'BB vs AGGRO OPEN' (same coach, newer video wins). SITUATIONAL (Mark 2024): a 'partial' - don't randomize; lean to the aggressive action with a bigger skill edge, deeper stacks, or a weaker/more predictable opponent.",yes
BB VS AGGRO OPEN,BB,vs_open,any,loose-aggressive rec opener (~30%),85s,3bet,50,call,50,,0,0,Live Poker PREFLOP BIBLE,2024-04-30,10:59,"SUPERSEDED by 2026 'BB vs AGGRO OPEN' (same coach, newer video wins). SITUATIONAL (Mark 2024): a 'partial' - don't randomize; lean to the aggressive action with a bigger skill edge, deeper stacks, or a weaker/more predictable opponent.",yes
BB VS AGGRO OPEN,BB,vs_open,any,loose-aggressive rec opener (~30%),84s,3bet,0,call,0,,0,100,Live Poker PREFLOP BIBLE,2024-04-30,10:59,"SUPERSEDED by 2026 'BB vs AGGRO OPEN' (same coach, newer video wins).",no
BB VS AGGRO OPEN,BB,vs_open,any,loose-aggressive rec opener (~30%),83s,3bet,0,call,0,,0,100,Live Poker PREFLOP BIBLE,2024-04-30,10:59,"SUPERSEDED by 2026 'BB vs AGGRO OPEN' (same coach, newer video wins).",no
BB VS AGGRO OPEN,BB,vs_open,any,loose-aggressive rec opener (~30%),82s,3bet,0,call,0,,0,100,Live Poker PREFLOP BIBLE,2024-04-30,10:59,"SUPERSEDED by 2026 'BB vs AGGRO OPEN' (same coach, newer video wins).",no
BB VS AGGRO OPEN,BB,vs_open,any,loose-aggressive rec opener (~30%),A7o,3bet,0,call,0,,0,100,Live Poker PREFLOP BIBLE,2024-04-30,10:59,"SUPERSEDED by 2026 'BB vs AGGRO OPEN' (same coach, newer video wins).",no
BB VS AGGRO OPEN,BB,vs_open,any,loose-aggressive rec opener (~30%),K7o,3bet,0,call,0,,0,100,Live Poker PREFLOP BIBLE,2024-04-30,10:59,"SUPERSEDED by 2026 'BB vs AGGRO OPEN' (same coach, newer video wins).",no
BB VS AGGRO OPEN,BB,vs_open,any,loose-aggressive rec opener (~30%),Q7o,3bet,0,call,0,,0,100,Live Poker PREFLOP BIBLE,2024-04-30,10:59,"SUPERSEDED by 2026 'BB vs AGGRO OPEN' (same coach, newer video wins).",no
BB VS AGGRO OPEN,BB,vs_open,any,loose-aggressive rec opener (~30%),J7o,3bet,0,call,0,,0,100,Live Poker PREFLOP BIBLE,2024-04-30,10:59,"SUPERSEDED by 2026 'BB vs AGGRO OPEN' (same coach, newer video wins).",no
BB VS AGGRO OPEN,BB,vs_open,any,loose-aggressive rec opener (~30%),T7o,3bet,0,call,0,,0,100,Live Poker PREFLOP BIBLE,2024-04-30,10:59,"SUPERSEDED by 2026 'BB vs AGGRO OPEN' (same coach, newer video wins).",no
BB VS AGGRO OPEN,BB,vs_open,any,loose-aggressive rec opener (~30%),97o,3bet,0,call,0,,0,100,Live Poker PREFLOP BIBLE,2024-04-30,10:59,"SUPERSEDED by 2026 'BB vs AGGRO OPEN' (same coach, newer video wins).",no
BB VS AGGRO OPEN,BB,vs_open,any,loose-aggressive rec opener (~30%),87o,3bet,0,call,0,,0,100,Live Poker PREFLOP BIBLE,2024-04-30,10:59,"SUPERSEDED by 2026 'BB vs AGGRO OPEN' (same coach, newer video wins).",no
BB VS AGGRO OPEN,BB,vs_open,any,loose-aggressive rec opener (~30%),77,3bet,100,call,0,,0,0,Live Poker PREFLOP BIBLE,2024-04-30,10:59,"SUPERSEDED by 2026 'BB vs AGGRO OPEN' (same coach, newer video wins).",no
BB VS AGGRO OPEN,BB,vs_open,any,loose-aggressive rec opener (~30%),76s,3bet,50,call,50,,0,0,Live Poker PREFLOP BIBLE,2024-04-30,10:59,"SUPERSEDED by 2026 'BB vs AGGRO OPEN' (same coach, newer video wins). SITUATIONAL (Mark 2024): a 'partial' - don't randomize; lean to the aggressive action with a bigger skill edge, deeper stacks, or a weaker/more predictable opponent.",yes
BB VS AGGRO OPEN,BB,vs_open,any,loose-aggressive rec opener (~30%),75s,3bet,50,call,50,,0,0,Live Poker PREFLOP BIBLE,2024-04-30,10:59,"SUPERSEDED by 2026 'BB vs AGGRO OPEN' (same coach, newer video wins). SITUATIONAL (Mark 2024): a 'partial' - don't randomize; lean to the aggressive action with a bigger skill edge, deeper stacks, or a weaker/more predictable opponent.",yes
BB VS AGGRO OPEN,BB,vs_open,any,loose-aggressive rec opener (~30%),74s,3bet,50,call,50,,0,0,Live Poker PREFLOP BIBLE,2024-04-30,10:59,"SUPERSEDED by 2026 'BB vs AGGRO OPEN' (same coach, newer video wins). SITUATIONAL (Mark 2024): a 'partial' - don't randomize; lean to the aggressive action with a bigger skill edge, deeper stacks, or a weaker/more predictable opponent.",yes
BB VS AGGRO OPEN,BB,vs_open,any,loose-aggressive rec opener (~30%),73s,3bet,0,call,0,,0,100,Live Poker PREFLOP BIBLE,2024-04-30,10:59,"SUPERSEDED by 2026 'BB vs AGGRO OPEN' (same coach, newer video wins).",no
BB VS AGGRO OPEN,BB,vs_open,any,loose-aggressive rec opener (~30%),72s,3bet,0,call,0,,0,100,Live Poker PREFLOP BIBLE,2024-04-30,10:59,"SUPERSEDED by 2026 'BB vs AGGRO OPEN' (same coach, newer video wins).",no
BB VS AGGRO OPEN,BB,vs_open,any,loose-aggressive rec opener (~30%),A6o,3bet,0,call,0,,0,100,Live Poker PREFLOP BIBLE,2024-04-30,10:59,"SUPERSEDED by 2026 'BB vs AGGRO OPEN' (same coach, newer video wins).",no
BB VS AGGRO OPEN,BB,vs_open,any,loose-aggressive rec opener (~30%),K6o,3bet,0,call,0,,0,100,Live Poker PREFLOP BIBLE,2024-04-30,10:59,"SUPERSEDED by 2026 'BB vs AGGRO OPEN' (same coach, newer video wins).",no
BB VS AGGRO OPEN,BB,vs_open,any,loose-aggressive rec opener (~30%),Q6o,3bet,0,call,0,,0,100,Live Poker PREFLOP BIBLE,2024-04-30,10:59,"SUPERSEDED by 2026 'BB vs AGGRO OPEN' (same coach, newer video wins).",no
BB VS AGGRO OPEN,BB,vs_open,any,loose-aggressive rec opener (~30%),J6o,3bet,0,call,0,,0,100,Live Poker PREFLOP BIBLE,2024-04-30,10:59,"SUPERSEDED by 2026 'BB vs AGGRO OPEN' (same coach, newer video wins).",no
BB VS AGGRO OPEN,BB,vs_open,any,loose-aggressive rec opener (~30%),T6o,3bet,0,call,0,,0,100,Live Poker PREFLOP BIBLE,2024-04-30,10:59,"SUPERSEDED by 2026 'BB vs AGGRO OPEN' (same coach, newer video wins).",no
BB VS AGGRO OPEN,BB,vs_open,any,loose-aggressive rec opener (~30%),96o,3bet,0,call,0,,0,100,Live Poker PREFLOP BIBLE,2024-04-30,10:59,"SUPERSEDED by 2026 'BB vs AGGRO OPEN' (same coach, newer video wins).",no
BB VS AGGRO OPEN,BB,vs_open,any,loose-aggressive rec opener (~30%),86o,3bet,0,call,0,,0,100,Live Poker PREFLOP BIBLE,2024-04-30,10:59,"SUPERSEDED by 2026 'BB vs AGGRO OPEN' (same coach, newer video wins).",no
BB VS AGGRO OPEN,BB,vs_open,any,loose-aggressive rec opener (~30%),76o,3bet,0,call,0,,0,100,Live Poker PREFLOP BIBLE,2024-04-30,10:59,"SUPERSEDED by 2026 'BB vs AGGRO OPEN' (same coach, newer video wins).",no
BB VS AGGRO OPEN,BB,vs_open,any,loose-aggressive rec opener (~30%),66,3bet,50,call,50,,0,0,Live Poker PREFLOP BIBLE,2024-04-30,10:59,"SUPERSEDED by 2026 'BB vs AGGRO OPEN' (same coach, newer video wins). SITUATIONAL (Mark 2024): a 'partial' - don't randomize; lean to the aggressive action with a bigger skill edge, deeper stacks, or a weaker/more predictable opponent.",yes
BB VS AGGRO OPEN,BB,vs_open,any,loose-aggressive rec opener (~30%),65s,3bet,50,call,50,,0,0,Live Poker PREFLOP BIBLE,2024-04-30,10:59,"SUPERSEDED by 2026 'BB vs AGGRO OPEN' (same coach, newer video wins). SITUATIONAL (Mark 2024): a 'partial' - don't randomize; lean to the aggressive action with a bigger skill edge, deeper stacks, or a weaker/more predictable opponent.",yes
BB VS AGGRO OPEN,BB,vs_open,any,loose-aggressive rec opener (~30%),64s,3bet,50,call,50,,0,0,Live Poker PREFLOP BIBLE,2024-04-30,10:59,"SUPERSEDED by 2026 'BB vs AGGRO OPEN' (same coach, newer video wins). SITUATIONAL (Mark 2024): a 'partial' - don't randomize; lean to the aggressive action with a bigger skill edge, deeper stacks, or a weaker/more predictable opponent.",yes
BB VS AGGRO OPEN,BB,vs_open,any,loose-aggressive rec opener (~30%),63s,3bet,0,call,100,,0,0,Live Poker PREFLOP BIBLE,2024-04-30,10:59,"SUPERSEDED by 2026 'BB vs AGGRO OPEN' (same coach, newer video wins).",no
BB VS AGGRO OPEN,BB,vs_open,any,loose-aggressive rec opener (~30%),62s,3bet,0,call,0,,0,100,Live Poker PREFLOP BIBLE,2024-04-30,10:59,"SUPERSEDED by 2026 'BB vs AGGRO OPEN' (same coach, newer video wins).",no
BB VS AGGRO OPEN,BB,vs_open,any,loose-aggressive rec opener (~30%),A5o,3bet,0,call,0,,0,100,Live Poker PREFLOP BIBLE,2024-04-30,10:59,"SUPERSEDED by 2026 'BB vs AGGRO OPEN' (same coach, newer video wins).",no
BB VS AGGRO OPEN,BB,vs_open,any,loose-aggressive rec opener (~30%),K5o,3bet,0,call,0,,0,100,Live Poker PREFLOP BIBLE,2024-04-30,10:59,"SUPERSEDED by 2026 'BB vs AGGRO OPEN' (same coach, newer video wins).",no
BB VS AGGRO OPEN,BB,vs_open,any,loose-aggressive rec opener (~30%),Q5o,3bet,0,call,0,,0,100,Live Poker PREFLOP BIBLE,2024-04-30,10:59,"SUPERSEDED by 2026 'BB vs AGGRO OPEN' (same coach, newer video wins).",no
BB VS AGGRO OPEN,BB,vs_open,any,loose-aggressive rec opener (~30%),J5o,3bet,0,call,0,,0,100,Live Poker PREFLOP BIBLE,2024-04-30,10:59,"SUPERSEDED by 2026 'BB vs AGGRO OPEN' (same coach, newer video wins).",no
BB VS AGGRO OPEN,BB,vs_open,any,loose-aggressive rec opener (~30%),T5o,3bet,0,call,0,,0,100,Live Poker PREFLOP BIBLE,2024-04-30,10:59,"SUPERSEDED by 2026 'BB vs AGGRO OPEN' (same coach, newer video wins).",no
BB VS AGGRO OPEN,BB,vs_open,any,loose-aggressive rec opener (~30%),95o,3bet,0,call,0,,0,100,Live Poker PREFLOP BIBLE,2024-04-30,10:59,"SUPERSEDED by 2026 'BB vs AGGRO OPEN' (same coach, newer video wins).",no
BB VS AGGRO OPEN,BB,vs_open,any,loose-aggressive rec opener (~30%),85o,3bet,0,call,0,,0,100,Live Poker PREFLOP BIBLE,2024-04-30,10:59,"SUPERSEDED by 2026 'BB vs AGGRO OPEN' (same coach, newer video wins).",no
BB VS AGGRO OPEN,BB,vs_open,any,loose-aggressive rec opener (~30%),75o,3bet,0,call,0,,0,100,Live Poker PREFLOP BIBLE,2024-04-30,10:59,"SUPERSEDED by 2026 'BB vs AGGRO OPEN' (same coach, newer video wins).",no
BB VS AGGRO OPEN,BB,vs_open,any,loose-aggressive rec opener (~30%),65o,3bet,0,call,0,,0,100,Live Poker PREFLOP BIBLE,2024-04-30,10:59,"SUPERSEDED by 2026 'BB vs AGGRO OPEN' (same coach, newer video wins).",no
BB VS AGGRO OPEN,BB,vs_open,any,loose-aggressive rec opener (~30%),55,3bet,50,call,50,,0,0,Live Poker PREFLOP BIBLE,2024-04-30,10:59,"SUPERSEDED by 2026 'BB vs AGGRO OPEN' (same coach, newer video wins). SITUATIONAL (Mark 2024): a 'partial' - don't randomize; lean to the aggressive action with a bigger skill edge, deeper stacks, or a weaker/more predictable opponent.",yes
BB VS AGGRO OPEN,BB,vs_open,any,loose-aggressive rec opener (~30%),54s,3bet,50,call,50,,0,0,Live Poker PREFLOP BIBLE,2024-04-30,10:59,"SUPERSEDED by 2026 'BB vs AGGRO OPEN' (same coach, newer video wins). SITUATIONAL (Mark 2024): a 'partial' - don't randomize; lean to the aggressive action with a bigger skill edge, deeper stacks, or a weaker/more predictable opponent.",yes
BB VS AGGRO OPEN,BB,vs_open,any,loose-aggressive rec opener (~30%),53s,3bet,50,call,50,,0,0,Live Poker PREFLOP BIBLE,2024-04-30,10:59,"SUPERSEDED by 2026 'BB vs AGGRO OPEN' (same coach, newer video wins). SITUATIONAL (Mark 2024): a 'partial' - don't randomize; lean to the aggressive action with a bigger skill edge, deeper stacks, or a weaker/more predictable opponent.",yes
BB VS AGGRO OPEN,BB,vs_open,any,loose-aggressive rec opener (~30%),52s,3bet,0,call,0,,0,100,Live Poker PREFLOP BIBLE,2024-04-30,10:59,"SUPERSEDED by 2026 'BB vs AGGRO OPEN' (same coach, newer video wins).",no
BB VS AGGRO OPEN,BB,vs_open,any,loose-aggressive rec opener (~30%),A4o,3bet,0,call,0,,0,100,Live Poker PREFLOP BIBLE,2024-04-30,10:59,"SUPERSEDED by 2026 'BB vs AGGRO OPEN' (same coach, newer video wins).",no
BB VS AGGRO OPEN,BB,vs_open,any,loose-aggressive rec opener (~30%),K4o,3bet,0,call,0,,0,100,Live Poker PREFLOP BIBLE,2024-04-30,10:59,"SUPERSEDED by 2026 'BB vs AGGRO OPEN' (same coach, newer video wins).",no
BB VS AGGRO OPEN,BB,vs_open,any,loose-aggressive rec opener (~30%),Q4o,3bet,0,call,0,,0,100,Live Poker PREFLOP BIBLE,2024-04-30,10:59,"SUPERSEDED by 2026 'BB vs AGGRO OPEN' (same coach, newer video wins).",no
BB VS AGGRO OPEN,BB,vs_open,any,loose-aggressive rec opener (~30%),J4o,3bet,0,call,0,,0,100,Live Poker PREFLOP BIBLE,2024-04-30,10:59,"SUPERSEDED by 2026 'BB vs AGGRO OPEN' (same coach, newer video wins).",no
BB VS AGGRO OPEN,BB,vs_open,any,loose-aggressive rec opener (~30%),T4o,3bet,0,call,0,,0,100,Live Poker PREFLOP BIBLE,2024-04-30,10:59,"SUPERSEDED by 2026 'BB vs AGGRO OPEN' (same coach, newer video wins).",no
BB VS AGGRO OPEN,BB,vs_open,any,loose-aggressive rec opener (~30%),94o,3bet,0,call,0,,0,100,Live Poker PREFLOP BIBLE,2024-04-30,10:59,"SUPERSEDED by 2026 'BB vs AGGRO OPEN' (same coach, newer video wins).",no
BB VS AGGRO OPEN,BB,vs_open,any,loose-aggressive rec opener (~30%),84o,3bet,0,call,0,,0,100,Live Poker PREFLOP BIBLE,2024-04-30,10:59,"SUPERSEDED by 2026 'BB vs AGGRO OPEN' (same coach, newer video wins).",no
BB VS AGGRO OPEN,BB,vs_open,any,loose-aggressive rec opener (~30%),74o,3bet,0,call,0,,0,100,Live Poker PREFLOP BIBLE,2024-04-30,10:59,"SUPERSEDED by 2026 'BB vs AGGRO OPEN' (same coach, newer video wins).",no
BB VS AGGRO OPEN,BB,vs_open,any,loose-aggressive rec opener (~30%),64o,3bet,0,call,0,,0,100,Live Poker PREFLOP BIBLE,2024-04-30,10:59,"SUPERSEDED by 2026 'BB vs AGGRO OPEN' (same coach, newer video wins).",no
BB VS AGGRO OPEN,BB,vs_open,any,loose-aggressive rec opener (~30%),54o,3bet,0,call,0,,0,100,Live Poker PREFLOP BIBLE,2024-04-30,10:59,"SUPERSEDED by 2026 'BB vs AGGRO OPEN' (same coach, newer video wins).",no
BB VS AGGRO OPEN,BB,vs_open,any,loose-aggressive rec opener (~30%),44,3bet,50,call,50,,0,0,Live Poker PREFLOP BIBLE,2024-04-30,10:59,"SUPERSEDED by 2026 'BB vs AGGRO OPEN' (same coach, newer video wins). SITUATIONAL (Mark 2024): a 'partial' - don't randomize; lean to the aggressive action with a bigger skill edge, deeper stacks, or a weaker/more predictable opponent.",yes
BB VS AGGRO OPEN,BB,vs_open,any,loose-aggressive rec opener (~30%),43s,3bet,50,call,50,,0,0,Live Poker PREFLOP BIBLE,2024-04-30,10:59,"SUPERSEDED by 2026 'BB vs AGGRO OPEN' (same coach, newer video wins). SITUATIONAL (Mark 2024): a 'partial' - don't randomize; lean to the aggressive action with a bigger skill edge, deeper stacks, or a weaker/more predictable opponent.",yes
BB VS AGGRO OPEN,BB,vs_open,any,loose-aggressive rec opener (~30%),42s,3bet,0,call,100,,0,0,Live Poker PREFLOP BIBLE,2024-04-30,10:59,"SUPERSEDED by 2026 'BB vs AGGRO OPEN' (same coach, newer video wins).",no
BB VS AGGRO OPEN,BB,vs_open,any,loose-aggressive rec opener (~30%),A3o,3bet,0,call,0,,0,100,Live Poker PREFLOP BIBLE,2024-04-30,10:59,"SUPERSEDED by 2026 'BB vs AGGRO OPEN' (same coach, newer video wins).",no
BB VS AGGRO OPEN,BB,vs_open,any,loose-aggressive rec opener (~30%),K3o,3bet,0,call,0,,0,100,Live Poker PREFLOP BIBLE,2024-04-30,10:59,"SUPERSEDED by 2026 'BB vs AGGRO OPEN' (same coach, newer video wins).",no
BB VS AGGRO OPEN,BB,vs_open,any,loose-aggressive rec opener (~30%),Q3o,3bet,0,call,0,,0,100,Live Poker PREFLOP BIBLE,2024-04-30,10:59,"SUPERSEDED by 2026 'BB vs AGGRO OPEN' (same coach, newer video wins).",no
BB VS AGGRO OPEN,BB,vs_open,any,loose-aggressive rec opener (~30%),J3o,3bet,0,call,0,,0,100,Live Poker PREFLOP BIBLE,2024-04-30,10:59,"SUPERSEDED by 2026 'BB vs AGGRO OPEN' (same coach, newer video wins).",no
BB VS AGGRO OPEN,BB,vs_open,any,loose-aggressive rec opener (~30%),T3o,3bet,0,call,0,,0,100,Live Poker PREFLOP BIBLE,2024-04-30,10:59,"SUPERSEDED by 2026 'BB vs AGGRO OPEN' (same coach, newer video wins).",no
BB VS AGGRO OPEN,BB,vs_open,any,loose-aggressive rec opener (~30%),93o,3bet,0,call,0,,0,100,Live Poker PREFLOP BIBLE,2024-04-30,10:59,"SUPERSEDED by 2026 'BB vs AGGRO OPEN' (same coach, newer video wins).",no
BB VS AGGRO OPEN,BB,vs_open,any,loose-aggressive rec opener (~30%),83o,3bet,0,call,0,,0,100,Live Poker PREFLOP BIBLE,2024-04-30,10:59,"SUPERSEDED by 2026 'BB vs AGGRO OPEN' (same coach, newer video wins).",no
BB VS AGGRO OPEN,BB,vs_open,any,loose-aggressive rec opener (~30%),73o,3bet,0,call,0,,0,100,Live Poker PREFLOP BIBLE,2024-04-30,10:59,"SUPERSEDED by 2026 'BB vs AGGRO OPEN' (same coach, newer video wins).",no
BB VS AGGRO OPEN,BB,vs_open,any,loose-aggressive rec opener (~30%),63o,3bet,0,call,0,,0,100,Live Poker PREFLOP BIBLE,2024-04-30,10:59,"SUPERSEDED by 2026 'BB vs AGGRO OPEN' (same coach, newer video wins).",no
BB VS AGGRO OPEN,BB,vs_open,any,loose-aggressive rec opener (~30%),53o,3bet,0,call,0,,0,100,Live Poker PREFLOP BIBLE,2024-04-30,10:59,"SUPERSEDED by 2026 'BB vs AGGRO OPEN' (same coach, newer video wins).",no
BB VS AGGRO OPEN,BB,vs_open,any,loose-aggressive rec opener (~30%),43o,3bet,0,call,0,,0,100,Live Poker PREFLOP BIBLE,2024-04-30,10:59,"SUPERSEDED by 2026 'BB vs AGGRO OPEN' (same coach, newer video wins).",no
BB VS AGGRO OPEN,BB,vs_open,any,loose-aggressive rec opener (~30%),33,3bet,50,call,50,,0,0,Live Poker PREFLOP BIBLE,2024-04-30,10:59,"SUPERSEDED by 2026 'BB vs AGGRO OPEN' (same coach, newer video wins). SITUATIONAL (Mark 2024): a 'partial' - don't randomize; lean to the aggressive action with a bigger skill edge, deeper stacks, or a weaker/more predictable opponent.",yes
BB VS AGGRO OPEN,BB,vs_open,any,loose-aggressive rec opener (~30%),32s,3bet,0,call,100,,0,0,Live Poker PREFLOP BIBLE,2024-04-30,10:59,"SUPERSEDED by 2026 'BB vs AGGRO OPEN' (same coach, newer video wins).",no
BB VS AGGRO OPEN,BB,vs_open,any,loose-aggressive rec opener (~30%),A2o,3bet,0,call,0,,0,100,Live Poker PREFLOP BIBLE,2024-04-30,10:59,"SUPERSEDED by 2026 'BB vs AGGRO OPEN' (same coach, newer video wins).",no
BB VS AGGRO OPEN,BB,vs_open,any,loose-aggressive rec opener (~30%),K2o,3bet,0,call,0,,0,100,Live Poker PREFLOP BIBLE,2024-04-30,10:59,"SUPERSEDED by 2026 'BB vs AGGRO OPEN' (same coach, newer video wins).",no
BB VS AGGRO OPEN,BB,vs_open,any,loose-aggressive rec opener (~30%),Q2o,3bet,0,call,0,,0,100,Live Poker PREFLOP BIBLE,2024-04-30,10:59,"SUPERSEDED by 2026 'BB vs AGGRO OPEN' (same coach, newer video wins).",no
BB VS AGGRO OPEN,BB,vs_open,any,loose-aggressive rec opener (~30%),J2o,3bet,0,call,0,,0,100,Live Poker PREFLOP BIBLE,2024-04-30,10:59,"SUPERSEDED by 2026 'BB vs AGGRO OPEN' (same coach, newer video wins).",no
BB VS AGGRO OPEN,BB,vs_open,any,loose-aggressive rec opener (~30%),T2o,3bet,0,call,0,,0,100,Live Poker PREFLOP BIBLE,2024-04-30,10:59,"SUPERSEDED by 2026 'BB vs AGGRO OPEN' (same coach, newer video wins).",no
BB VS AGGRO OPEN,BB,vs_open,any,loose-aggressive rec opener (~30%),92o,3bet,0,call,0,,0,100,Live Poker PREFLOP BIBLE,2024-04-30,10:59,"SUPERSEDED by 2026 'BB vs AGGRO OPEN' (same coach, newer video wins).",no
BB VS AGGRO OPEN,BB,vs_open,any,loose-aggressive rec opener (~30%),82o,3bet,0,call,0,,0,100,Live Poker PREFLOP BIBLE,2024-04-30,10:59,"SUPERSEDED by 2026 'BB vs AGGRO OPEN' (same coach, newer video wins).",no
BB VS AGGRO OPEN,BB,vs_open,any,loose-aggressive rec opener (~30%),72o,3bet,0,call,0,,0,100,Live Poker PREFLOP BIBLE,2024-04-30,10:59,"SUPERSEDED by 2026 'BB vs AGGRO OPEN' (same coach, newer video wins).",no
BB VS AGGRO OPEN,BB,vs_open,any,loose-aggressive rec opener (~30%),62o,3bet,0,call,0,,0,100,Live Poker PREFLOP BIBLE,2024-04-30,10:59,"SUPERSEDED by 2026 'BB vs AGGRO OPEN' (same coach, newer video wins).",no
BB VS AGGRO OPEN,BB,vs_open,any,loose-aggressive rec opener (~30%),52o,3bet,0,call,0,,0,100,Live Poker PREFLOP BIBLE,2024-04-30,10:59,"SUPERSEDED by 2026 'BB vs AGGRO OPEN' (same coach, newer video wins).",no
BB VS AGGRO OPEN,BB,vs_open,any,loose-aggressive rec opener (~30%),42o,3bet,0,call,0,,0,100,Live Poker PREFLOP BIBLE,2024-04-30,10:59,"SUPERSEDED by 2026 'BB vs AGGRO OPEN' (same coach, newer video wins).",no
BB VS AGGRO OPEN,BB,vs_open,any,loose-aggressive rec opener (~30%),32o,3bet,0,call,0,,0,100,Live Poker PREFLOP BIBLE,2024-04-30,10:59,"SUPERSEDED by 2026 'BB vs AGGRO OPEN' (same coach, newer video wins).",no
BB VS AGGRO OPEN,BB,vs_open,any,loose-aggressive rec opener (~30%),22,3bet,50,call,50,,0,0,Live Poker PREFLOP BIBLE,2024-04-30,10:59,"SUPERSEDED by 2026 'BB vs AGGRO OPEN' (same coach, newer video wins). SITUATIONAL (Mark 2024): a 'partial' - don't randomize; lean to the aggressive action with a bigger skill edge, deeper stacks, or a weaker/more predictable opponent.",yes
BTN SQUEEZE RANGE,BTN,squeeze,HJ open + CO cold call,,AA,squeeze,100,call,0,,0,0,Live Poker PREFLOP BIBLE,2024-04-30,12:20,"SUPERSEDED by 2026 'BTN SQZ vs MP OPEN & COLD CALL' (same coach, newer video wins).",no
BTN SQUEEZE RANGE,BTN,squeeze,HJ open + CO cold call,,AKs,squeeze,100,call,0,,0,0,Live Poker PREFLOP BIBLE,2024-04-30,12:20,"SUPERSEDED by 2026 'BTN SQZ vs MP OPEN & COLD CALL' (same coach, newer video wins).",no
BTN SQUEEZE RANGE,BTN,squeeze,HJ open + CO cold call,,AQs,squeeze,100,call,0,,0,0,Live Poker PREFLOP BIBLE,2024-04-30,12:20,"SUPERSEDED by 2026 'BTN SQZ vs MP OPEN & COLD CALL' (same coach, newer video wins).",no
BTN SQUEEZE RANGE,BTN,squeeze,HJ open + CO cold call,,AJs,squeeze,100,call,0,,0,0,Live Poker PREFLOP BIBLE,2024-04-30,12:20,"SUPERSEDED by 2026 'BTN SQZ vs MP OPEN & COLD CALL' (same coach, newer video wins).",no
BTN SQUEEZE RANGE,BTN,squeeze,HJ open + CO cold call,,ATs,squeeze,100,call,0,,0,0,Live Poker PREFLOP BIBLE,2024-04-30,12:20,"SUPERSEDED by 2026 'BTN SQZ vs MP OPEN & COLD CALL' (same coach, newer video wins).",no
BTN SQUEEZE RANGE,BTN,squeeze,HJ open + CO cold call,,A9s,squeeze,100,call,0,,0,0,Live Poker PREFLOP BIBLE,2024-04-30,12:20,"SUPERSEDED by 2026 'BTN SQZ vs MP OPEN & COLD CALL' (same coach, newer video wins).",no
BTN SQUEEZE RANGE,BTN,squeeze,HJ open + CO cold call,,A8s,squeeze,0,call,100,,0,0,Live Poker PREFLOP BIBLE,2024-04-30,12:20,"SUPERSEDED by 2026 'BTN SQZ vs MP OPEN & COLD CALL' (same coach, newer video wins).",no
BTN SQUEEZE RANGE,BTN,squeeze,HJ open + CO cold call,,A7s,squeeze,0,call,100,,0,0,Live Poker PREFLOP BIBLE,2024-04-30,12:20,"SUPERSEDED by 2026 'BTN SQZ vs MP OPEN & COLD CALL' (same coach, newer video wins).",no
BTN SQUEEZE RANGE,BTN,squeeze,HJ open + CO cold call,,A6s,squeeze,0,call,100,,0,0,Live Poker PREFLOP BIBLE,2024-04-30,12:20,"SUPERSEDED by 2026 'BTN SQZ vs MP OPEN & COLD CALL' (same coach, newer video wins).",no
BTN SQUEEZE RANGE,BTN,squeeze,HJ open + CO cold call,,A5s,squeeze,50,call,50,,0,0,Live Poker PREFLOP BIBLE,2024-04-30,12:20,"SUPERSEDED by 2026 'BTN SQZ vs MP OPEN & COLD CALL' (same coach, newer video wins). SITUATIONAL (Mark 2024): a 'partial' - don't randomize; lean to the aggressive action with a bigger skill edge, deeper stacks, or a weaker/more predictable opponent.",yes
BTN SQUEEZE RANGE,BTN,squeeze,HJ open + CO cold call,,A4s,squeeze,0,call,100,,0,0,Live Poker PREFLOP BIBLE,2024-04-30,12:20,"SUPERSEDED by 2026 'BTN SQZ vs MP OPEN & COLD CALL' (same coach, newer video wins).",no
BTN SQUEEZE RANGE,BTN,squeeze,HJ open + CO cold call,,A3s,squeeze,0,call,100,,0,0,Live Poker PREFLOP BIBLE,2024-04-30,12:20,"SUPERSEDED by 2026 'BTN SQZ vs MP OPEN & COLD CALL' (same coach, newer video wins).",no
BTN SQUEEZE RANGE,BTN,squeeze,HJ open + CO cold call,,A2s,squeeze,0,call,100,,0,0,Live Poker PREFLOP BIBLE,2024-04-30,12:20,"SUPERSEDED by 2026 'BTN SQZ vs MP OPEN & COLD CALL' (same coach, newer video wins).",no
BTN SQUEEZE RANGE,BTN,squeeze,HJ open + CO cold call,,AKo,squeeze,100,call,0,,0,0,Live Poker PREFLOP BIBLE,2024-04-30,12:20,"SUPERSEDED by 2026 'BTN SQZ vs MP OPEN & COLD CALL' (same coach, newer video wins).",no
BTN SQUEEZE RANGE,BTN,squeeze,HJ open + CO cold call,,KK,squeeze,100,call,0,,0,0,Live Poker PREFLOP BIBLE,2024-04-30,12:20,"SUPERSEDED by 2026 'BTN SQZ vs MP OPEN & COLD CALL' (same coach, newer video wins).",no
BTN SQUEEZE RANGE,BTN,squeeze,HJ open + CO cold call,,KQs,squeeze,100,call,0,,0,0,Live Poker PREFLOP BIBLE,2024-04-30,12:20,"SUPERSEDED by 2026 'BTN SQZ vs MP OPEN & COLD CALL' (same coach, newer video wins).",no
BTN SQUEEZE RANGE,BTN,squeeze,HJ open + CO cold call,,KJs,squeeze,100,call,0,,0,0,Live Poker PREFLOP BIBLE,2024-04-30,12:20,"SUPERSEDED by 2026 'BTN SQZ vs MP OPEN & COLD CALL' (same coach, newer video wins).",no
BTN SQUEEZE RANGE,BTN,squeeze,HJ open + CO cold call,,KTs,squeeze,100,call,0,,0,0,Live Poker PREFLOP BIBLE,2024-04-30,12:20,"SUPERSEDED by 2026 'BTN SQZ vs MP OPEN & COLD CALL' (same coach, newer video wins).",no
BTN SQUEEZE RANGE,BTN,squeeze,HJ open + CO cold call,,K9s,squeeze,50,call,50,,0,0,Live Poker PREFLOP BIBLE,2024-04-30,12:20,"SUPERSEDED by 2026 'BTN SQZ vs MP OPEN & COLD CALL' (same coach, newer video wins). SITUATIONAL (Mark 2024): a 'partial' - don't randomize; lean to the aggressive action with a bigger skill edge, deeper stacks, or a weaker/more predictable opponent.",yes
BTN SQUEEZE RANGE,BTN,squeeze,HJ open + CO cold call,,K8s,squeeze,0,call,100,,0,0,Live Poker PREFLOP BIBLE,2024-04-30,12:20,"SUPERSEDED by 2026 'BTN SQZ vs MP OPEN & COLD CALL' (same coach, newer video wins).",no
BTN SQUEEZE RANGE,BTN,squeeze,HJ open + CO cold call,,K7s,squeeze,0,call,0,,0,100,Live Poker PREFLOP BIBLE,2024-04-30,12:20,"SUPERSEDED by 2026 'BTN SQZ vs MP OPEN & COLD CALL' (same coach, newer video wins).",no
BTN SQUEEZE RANGE,BTN,squeeze,HJ open + CO cold call,,K6s,squeeze,0,call,0,,0,100,Live Poker PREFLOP BIBLE,2024-04-30,12:20,"SUPERSEDED by 2026 'BTN SQZ vs MP OPEN & COLD CALL' (same coach, newer video wins).",no
BTN SQUEEZE RANGE,BTN,squeeze,HJ open + CO cold call,,K5s,squeeze,0,call,0,,0,100,Live Poker PREFLOP BIBLE,2024-04-30,12:20,"SUPERSEDED by 2026 'BTN SQZ vs MP OPEN & COLD CALL' (same coach, newer video wins).",no
BTN SQUEEZE RANGE,BTN,squeeze,HJ open + CO cold call,,K4s,squeeze,0,call,0,,0,100,Live Poker PREFLOP BIBLE,2024-04-30,12:20,"SUPERSEDED by 2026 'BTN SQZ vs MP OPEN & COLD CALL' (same coach, newer video wins).",no
BTN SQUEEZE RANGE,BTN,squeeze,HJ open + CO cold call,,K3s,squeeze,0,call,0,,0,100,Live Poker PREFLOP BIBLE,2024-04-30,12:20,"SUPERSEDED by 2026 'BTN SQZ vs MP OPEN & COLD CALL' (same coach, newer video wins).",no
BTN SQUEEZE RANGE,BTN,squeeze,HJ open + CO cold call,,K2s,squeeze,0,call,0,,0,100,Live Poker PREFLOP BIBLE,2024-04-30,12:20,"SUPERSEDED by 2026 'BTN SQZ vs MP OPEN & COLD CALL' (same coach, newer video wins).",no
BTN SQUEEZE RANGE,BTN,squeeze,HJ open + CO cold call,,AQo,squeeze,100,call,0,,0,0,Live Poker PREFLOP BIBLE,2024-04-30,12:20,"SUPERSEDED by 2026 'BTN SQZ vs MP OPEN & COLD CALL' (same coach, newer video wins).",no
BTN SQUEEZE RANGE,BTN,squeeze,HJ open + CO cold call,,KQo,squeeze,100,call,0,,0,0,Live Poker PREFLOP BIBLE,2024-04-30,12:20,"SUPERSEDED by 2026 'BTN SQZ vs MP OPEN & COLD CALL' (same coach, newer video wins).",no
BTN SQUEEZE RANGE,BTN,squeeze,HJ open + CO cold call,,QQ,squeeze,100,call,0,,0,0,Live Poker PREFLOP BIBLE,2024-04-30,12:20,"SUPERSEDED by 2026 'BTN SQZ vs MP OPEN & COLD CALL' (same coach, newer video wins).",no
BTN SQUEEZE RANGE,BTN,squeeze,HJ open + CO cold call,,QJs,squeeze,100,call,0,,0,0,Live Poker PREFLOP BIBLE,2024-04-30,12:20,"SUPERSEDED by 2026 'BTN SQZ vs MP OPEN & COLD CALL' (same coach, newer video wins).",no
BTN SQUEEZE RANGE,BTN,squeeze,HJ open + CO cold call,,QTs,squeeze,50,call,50,,0,0,Live Poker PREFLOP BIBLE,2024-04-30,12:20,"SUPERSEDED by 2026 'BTN SQZ vs MP OPEN & COLD CALL' (same coach, newer video wins). SITUATIONAL (Mark 2024): a 'partial' - don't randomize; lean to the aggressive action with a bigger skill edge, deeper stacks, or a weaker/more predictable opponent.",yes
BTN SQUEEZE RANGE,BTN,squeeze,HJ open + CO cold call,,Q9s,squeeze,0,call,100,,0,0,Live Poker PREFLOP BIBLE,2024-04-30,12:20,"SUPERSEDED by 2026 'BTN SQZ vs MP OPEN & COLD CALL' (same coach, newer video wins).",no
BTN SQUEEZE RANGE,BTN,squeeze,HJ open + CO cold call,,Q8s,squeeze,0,call,0,,0,100,Live Poker PREFLOP BIBLE,2024-04-30,12:20,"SUPERSEDED by 2026 'BTN SQZ vs MP OPEN & COLD CALL' (same coach, newer video wins).",no
BTN SQUEEZE RANGE,BTN,squeeze,HJ open + CO cold call,,Q7s,squeeze,0,call,0,,0,100,Live Poker PREFLOP BIBLE,2024-04-30,12:20,"SUPERSEDED by 2026 'BTN SQZ vs MP OPEN & COLD CALL' (same coach, newer video wins).",no
BTN SQUEEZE RANGE,BTN,squeeze,HJ open + CO cold call,,Q6s,squeeze,0,call,0,,0,100,Live Poker PREFLOP BIBLE,2024-04-30,12:20,"SUPERSEDED by 2026 'BTN SQZ vs MP OPEN & COLD CALL' (same coach, newer video wins).",no
BTN SQUEEZE RANGE,BTN,squeeze,HJ open + CO cold call,,Q5s,squeeze,0,call,0,,0,100,Live Poker PREFLOP BIBLE,2024-04-30,12:20,"SUPERSEDED by 2026 'BTN SQZ vs MP OPEN & COLD CALL' (same coach, newer video wins).",no
BTN SQUEEZE RANGE,BTN,squeeze,HJ open + CO cold call,,Q4s,squeeze,0,call,0,,0,100,Live Poker PREFLOP BIBLE,2024-04-30,12:20,"SUPERSEDED by 2026 'BTN SQZ vs MP OPEN & COLD CALL' (same coach, newer video wins).",no
BTN SQUEEZE RANGE,BTN,squeeze,HJ open + CO cold call,,Q3s,squeeze,0,call,0,,0,100,Live Poker PREFLOP BIBLE,2024-04-30,12:20,"SUPERSEDED by 2026 'BTN SQZ vs MP OPEN & COLD CALL' (same coach, newer video wins).",no
BTN SQUEEZE RANGE,BTN,squeeze,HJ open + CO cold call,,Q2s,squeeze,0,call,0,,0,100,Live Poker PREFLOP BIBLE,2024-04-30,12:20,"SUPERSEDED by 2026 'BTN SQZ vs MP OPEN & COLD CALL' (same coach, newer video wins).",no
BTN SQUEEZE RANGE,BTN,squeeze,HJ open + CO cold call,,AJo,squeeze,50,call,50,,0,0,Live Poker PREFLOP BIBLE,2024-04-30,12:20,"SUPERSEDED by 2026 'BTN SQZ vs MP OPEN & COLD CALL' (same coach, newer video wins). SITUATIONAL (Mark 2024): a 'partial' - don't randomize; lean to the aggressive action with a bigger skill edge, deeper stacks, or a weaker/more predictable opponent.",yes
BTN SQUEEZE RANGE,BTN,squeeze,HJ open + CO cold call,,KJo,squeeze,50,call,50,,0,0,Live Poker PREFLOP BIBLE,2024-04-30,12:20,"SUPERSEDED by 2026 'BTN SQZ vs MP OPEN & COLD CALL' (same coach, newer video wins). SITUATIONAL (Mark 2024): a 'partial' - don't randomize; lean to the aggressive action with a bigger skill edge, deeper stacks, or a weaker/more predictable opponent.",yes
BTN SQUEEZE RANGE,BTN,squeeze,HJ open + CO cold call,,QJo,squeeze,0,call,0,,0,100,Live Poker PREFLOP BIBLE,2024-04-30,12:20,"SUPERSEDED by 2026 'BTN SQZ vs MP OPEN & COLD CALL' (same coach, newer video wins).",no
BTN SQUEEZE RANGE,BTN,squeeze,HJ open + CO cold call,,JJ,squeeze,100,call,0,,0,0,Live Poker PREFLOP BIBLE,2024-04-30,12:20,"SUPERSEDED by 2026 'BTN SQZ vs MP OPEN & COLD CALL' (same coach, newer video wins).",no
BTN SQUEEZE RANGE,BTN,squeeze,HJ open + CO cold call,,JTs,squeeze,50,call,50,,0,0,Live Poker PREFLOP BIBLE,2024-04-30,12:20,"SUPERSEDED by 2026 'BTN SQZ vs MP OPEN & COLD CALL' (same coach, newer video wins). SITUATIONAL (Mark 2024): a 'partial' - don't randomize; lean to the aggressive action with a bigger skill edge, deeper stacks, or a weaker/more predictable opponent.",yes
BTN SQUEEZE RANGE,BTN,squeeze,HJ open + CO cold call,,J9s,squeeze,0,call,100,,0,0,Live Poker PREFLOP BIBLE,2024-04-30,12:20,"SUPERSEDED by 2026 'BTN SQZ vs MP OPEN & COLD CALL' (same coach, newer video wins).",no
BTN SQUEEZE RANGE,BTN,squeeze,HJ open + CO cold call,,J8s,squeeze,0,call,0,,0,100,Live Poker PREFLOP BIBLE,2024-04-30,12:20,"SUPERSEDED by 2026 'BTN SQZ vs MP OPEN & COLD CALL' (same coach, newer video wins).",no
BTN SQUEEZE RANGE,BTN,squeeze,HJ open + CO cold call,,J7s,squeeze,0,call,0,,0,100,Live Poker PREFLOP BIBLE,2024-04-30,12:20,"SUPERSEDED by 2026 'BTN SQZ vs MP OPEN & COLD CALL' (same coach, newer video wins).",no
BTN SQUEEZE RANGE,BTN,squeeze,HJ open + CO cold call,,J6s,squeeze,0,call,0,,0,100,Live Poker PREFLOP BIBLE,2024-04-30,12:20,"SUPERSEDED by 2026 'BTN SQZ vs MP OPEN & COLD CALL' (same coach, newer video wins).",no
BTN SQUEEZE RANGE,BTN,squeeze,HJ open + CO cold call,,J5s,squeeze,0,call,0,,0,100,Live Poker PREFLOP BIBLE,2024-04-30,12:20,"SUPERSEDED by 2026 'BTN SQZ vs MP OPEN & COLD CALL' (same coach, newer video wins).",no
BTN SQUEEZE RANGE,BTN,squeeze,HJ open + CO cold call,,J4s,squeeze,0,call,0,,0,100,Live Poker PREFLOP BIBLE,2024-04-30,12:20,"SUPERSEDED by 2026 'BTN SQZ vs MP OPEN & COLD CALL' (same coach, newer video wins).",no
BTN SQUEEZE RANGE,BTN,squeeze,HJ open + CO cold call,,J3s,squeeze,0,call,0,,0,100,Live Poker PREFLOP BIBLE,2024-04-30,12:20,"SUPERSEDED by 2026 'BTN SQZ vs MP OPEN & COLD CALL' (same coach, newer video wins).",no
BTN SQUEEZE RANGE,BTN,squeeze,HJ open + CO cold call,,J2s,squeeze,0,call,0,,0,100,Live Poker PREFLOP BIBLE,2024-04-30,12:20,"SUPERSEDED by 2026 'BTN SQZ vs MP OPEN & COLD CALL' (same coach, newer video wins).",no
BTN SQUEEZE RANGE,BTN,squeeze,HJ open + CO cold call,,ATo,squeeze,0,call,0,,0,100,Live Poker PREFLOP BIBLE,2024-04-30,12:20,"SUPERSEDED by 2026 'BTN SQZ vs MP OPEN & COLD CALL' (same coach, newer video wins).",no
BTN SQUEEZE RANGE,BTN,squeeze,HJ open + CO cold call,,KTo,squeeze,0,call,0,,0,100,Live Poker PREFLOP BIBLE,2024-04-30,12:20,"SUPERSEDED by 2026 'BTN SQZ vs MP OPEN & COLD CALL' (same coach, newer video wins).",no
BTN SQUEEZE RANGE,BTN,squeeze,HJ open + CO cold call,,QTo,squeeze,0,call,0,,0,100,Live Poker PREFLOP BIBLE,2024-04-30,12:20,"SUPERSEDED by 2026 'BTN SQZ vs MP OPEN & COLD CALL' (same coach, newer video wins).",no
BTN SQUEEZE RANGE,BTN,squeeze,HJ open + CO cold call,,JTo,squeeze,0,call,0,,0,100,Live Poker PREFLOP BIBLE,2024-04-30,12:20,"SUPERSEDED by 2026 'BTN SQZ vs MP OPEN & COLD CALL' (same coach, newer video wins).",no
BTN SQUEEZE RANGE,BTN,squeeze,HJ open + CO cold call,,TT,squeeze,100,call,0,,0,0,Live Poker PREFLOP BIBLE,2024-04-30,12:20,"SUPERSEDED by 2026 'BTN SQZ vs MP OPEN & COLD CALL' (same coach, newer video wins).",no
BTN SQUEEZE RANGE,BTN,squeeze,HJ open + CO cold call,,T9s,squeeze,50,call,50,,0,0,Live Poker PREFLOP BIBLE,2024-04-30,12:20,"SUPERSEDED by 2026 'BTN SQZ vs MP OPEN & COLD CALL' (same coach, newer video wins). SITUATIONAL (Mark 2024): a 'partial' - don't randomize; lean to the aggressive action with a bigger skill edge, deeper stacks, or a weaker/more predictable opponent.",yes
BTN SQUEEZE RANGE,BTN,squeeze,HJ open + CO cold call,,T8s,squeeze,0,call,0,,0,100,Live Poker PREFLOP BIBLE,2024-04-30,12:20,"SUPERSEDED by 2026 'BTN SQZ vs MP OPEN & COLD CALL' (same coach, newer video wins).",no
BTN SQUEEZE RANGE,BTN,squeeze,HJ open + CO cold call,,T7s,squeeze,0,call,0,,0,100,Live Poker PREFLOP BIBLE,2024-04-30,12:20,"SUPERSEDED by 2026 'BTN SQZ vs MP OPEN & COLD CALL' (same coach, newer video wins).",no
BTN SQUEEZE RANGE,BTN,squeeze,HJ open + CO cold call,,T6s,squeeze,0,call,0,,0,100,Live Poker PREFLOP BIBLE,2024-04-30,12:20,"SUPERSEDED by 2026 'BTN SQZ vs MP OPEN & COLD CALL' (same coach, newer video wins).",no
BTN SQUEEZE RANGE,BTN,squeeze,HJ open + CO cold call,,T5s,squeeze,0,call,0,,0,100,Live Poker PREFLOP BIBLE,2024-04-30,12:20,"SUPERSEDED by 2026 'BTN SQZ vs MP OPEN & COLD CALL' (same coach, newer video wins).",no
BTN SQUEEZE RANGE,BTN,squeeze,HJ open + CO cold call,,T4s,squeeze,0,call,0,,0,100,Live Poker PREFLOP BIBLE,2024-04-30,12:20,"SUPERSEDED by 2026 'BTN SQZ vs MP OPEN & COLD CALL' (same coach, newer video wins).",no
BTN SQUEEZE RANGE,BTN,squeeze,HJ open + CO cold call,,T3s,squeeze,0,call,0,,0,100,Live Poker PREFLOP BIBLE,2024-04-30,12:20,"SUPERSEDED by 2026 'BTN SQZ vs MP OPEN & COLD CALL' (same coach, newer video wins).",no
BTN SQUEEZE RANGE,BTN,squeeze,HJ open + CO cold call,,T2s,squeeze,0,call,0,,0,100,Live Poker PREFLOP BIBLE,2024-04-30,12:20,"SUPERSEDED by 2026 'BTN SQZ vs MP OPEN & COLD CALL' (same coach, newer video wins).",no
BTN SQUEEZE RANGE,BTN,squeeze,HJ open + CO cold call,,A9o,squeeze,0,call,0,,0,100,Live Poker PREFLOP BIBLE,2024-04-30,12:20,"SUPERSEDED by 2026 'BTN SQZ vs MP OPEN & COLD CALL' (same coach, newer video wins).",no
BTN SQUEEZE RANGE,BTN,squeeze,HJ open + CO cold call,,K9o,squeeze,0,call,0,,0,100,Live Poker PREFLOP BIBLE,2024-04-30,12:20,"SUPERSEDED by 2026 'BTN SQZ vs MP OPEN & COLD CALL' (same coach, newer video wins).",no
BTN SQUEEZE RANGE,BTN,squeeze,HJ open + CO cold call,,Q9o,squeeze,0,call,0,,0,100,Live Poker PREFLOP BIBLE,2024-04-30,12:20,"SUPERSEDED by 2026 'BTN SQZ vs MP OPEN & COLD CALL' (same coach, newer video wins).",no
BTN SQUEEZE RANGE,BTN,squeeze,HJ open + CO cold call,,J9o,squeeze,0,call,0,,0,100,Live Poker PREFLOP BIBLE,2024-04-30,12:20,"SUPERSEDED by 2026 'BTN SQZ vs MP OPEN & COLD CALL' (same coach, newer video wins).",no
BTN SQUEEZE RANGE,BTN,squeeze,HJ open + CO cold call,,T9o,squeeze,0,call,0,,0,100,Live Poker PREFLOP BIBLE,2024-04-30,12:20,"SUPERSEDED by 2026 'BTN SQZ vs MP OPEN & COLD CALL' (same coach, newer video wins).",no
BTN SQUEEZE RANGE,BTN,squeeze,HJ open + CO cold call,,99,squeeze,100,call,0,,0,0,Live Poker PREFLOP BIBLE,2024-04-30,12:20,"SUPERSEDED by 2026 'BTN SQZ vs MP OPEN & COLD CALL' (same coach, newer video wins).",no
BTN SQUEEZE RANGE,BTN,squeeze,HJ open + CO cold call,,98s,squeeze,0,call,100,,0,0,Live Poker PREFLOP BIBLE,2024-04-30,12:20,"SUPERSEDED by 2026 'BTN SQZ vs MP OPEN & COLD CALL' (same coach, newer video wins).",no
BTN SQUEEZE RANGE,BTN,squeeze,HJ open + CO cold call,,97s,squeeze,0,call,0,,0,100,Live Poker PREFLOP BIBLE,2024-04-30,12:20,"SUPERSEDED by 2026 'BTN SQZ vs MP OPEN & COLD CALL' (same coach, newer video wins).",no
BTN SQUEEZE RANGE,BTN,squeeze,HJ open + CO cold call,,96s,squeeze,0,call,0,,0,100,Live Poker PREFLOP BIBLE,2024-04-30,12:20,"SUPERSEDED by 2026 'BTN SQZ vs MP OPEN & COLD CALL' (same coach, newer video wins).",no
BTN SQUEEZE RANGE,BTN,squeeze,HJ open + CO cold call,,95s,squeeze,0,call,0,,0,100,Live Poker PREFLOP BIBLE,2024-04-30,12:20,"SUPERSEDED by 2026 'BTN SQZ vs MP OPEN & COLD CALL' (same coach, newer video wins).",no
BTN SQUEEZE RANGE,BTN,squeeze,HJ open + CO cold call,,94s,squeeze,0,call,0,,0,100,Live Poker PREFLOP BIBLE,2024-04-30,12:20,"SUPERSEDED by 2026 'BTN SQZ vs MP OPEN & COLD CALL' (same coach, newer video wins).",no
BTN SQUEEZE RANGE,BTN,squeeze,HJ open + CO cold call,,93s,squeeze,0,call,0,,0,100,Live Poker PREFLOP BIBLE,2024-04-30,12:20,"SUPERSEDED by 2026 'BTN SQZ vs MP OPEN & COLD CALL' (same coach, newer video wins).",no
BTN SQUEEZE RANGE,BTN,squeeze,HJ open + CO cold call,,92s,squeeze,0,call,0,,0,100,Live Poker PREFLOP BIBLE,2024-04-30,12:20,"SUPERSEDED by 2026 'BTN SQZ vs MP OPEN & COLD CALL' (same coach, newer video wins).",no
BTN SQUEEZE RANGE,BTN,squeeze,HJ open + CO cold call,,A8o,squeeze,0,call,0,,0,100,Live Poker PREFLOP BIBLE,2024-04-30,12:20,"SUPERSEDED by 2026 'BTN SQZ vs MP OPEN & COLD CALL' (same coach, newer video wins).",no
BTN SQUEEZE RANGE,BTN,squeeze,HJ open + CO cold call,,K8o,squeeze,0,call,0,,0,100,Live Poker PREFLOP BIBLE,2024-04-30,12:20,"SUPERSEDED by 2026 'BTN SQZ vs MP OPEN & COLD CALL' (same coach, newer video wins).",no
BTN SQUEEZE RANGE,BTN,squeeze,HJ open + CO cold call,,Q8o,squeeze,0,call,0,,0,100,Live Poker PREFLOP BIBLE,2024-04-30,12:20,"SUPERSEDED by 2026 'BTN SQZ vs MP OPEN & COLD CALL' (same coach, newer video wins).",no
BTN SQUEEZE RANGE,BTN,squeeze,HJ open + CO cold call,,J8o,squeeze,0,call,0,,0,100,Live Poker PREFLOP BIBLE,2024-04-30,12:20,"SUPERSEDED by 2026 'BTN SQZ vs MP OPEN & COLD CALL' (same coach, newer video wins).",no
BTN SQUEEZE RANGE,BTN,squeeze,HJ open + CO cold call,,T8o,squeeze,0,call,0,,0,100,Live Poker PREFLOP BIBLE,2024-04-30,12:20,"SUPERSEDED by 2026 'BTN SQZ vs MP OPEN & COLD CALL' (same coach, newer video wins).",no
BTN SQUEEZE RANGE,BTN,squeeze,HJ open + CO cold call,,98o,squeeze,0,call,0,,0,100,Live Poker PREFLOP BIBLE,2024-04-30,12:20,"SUPERSEDED by 2026 'BTN SQZ vs MP OPEN & COLD CALL' (same coach, newer video wins).",no
BTN SQUEEZE RANGE,BTN,squeeze,HJ open + CO cold call,,88,squeeze,100,call,0,,0,0,Live Poker PREFLOP BIBLE,2024-04-30,12:20,"SUPERSEDED by 2026 'BTN SQZ vs MP OPEN & COLD CALL' (same coach, newer video wins).",no
BTN SQUEEZE RANGE,BTN,squeeze,HJ open + CO cold call,,87s,squeeze,0,call,100,,0,0,Live Poker PREFLOP BIBLE,2024-04-30,12:20,"SUPERSEDED by 2026 'BTN SQZ vs MP OPEN & COLD CALL' (same coach, newer video wins).",no
BTN SQUEEZE RANGE,BTN,squeeze,HJ open + CO cold call,,86s,squeeze,0,call,0,,0,100,Live Poker PREFLOP BIBLE,2024-04-30,12:20,"SUPERSEDED by 2026 'BTN SQZ vs MP OPEN & COLD CALL' (same coach, newer video wins).",no
BTN SQUEEZE RANGE,BTN,squeeze,HJ open + CO cold call,,85s,squeeze,0,call,0,,0,100,Live Poker PREFLOP BIBLE,2024-04-30,12:20,"SUPERSEDED by 2026 'BTN SQZ vs MP OPEN & COLD CALL' (same coach, newer video wins).",no
BTN SQUEEZE RANGE,BTN,squeeze,HJ open + CO cold call,,84s,squeeze,0,call,0,,0,100,Live Poker PREFLOP BIBLE,2024-04-30,12:20,"SUPERSEDED by 2026 'BTN SQZ vs MP OPEN & COLD CALL' (same coach, newer video wins).",no
BTN SQUEEZE RANGE,BTN,squeeze,HJ open + CO cold call,,83s,squeeze,0,call,0,,0,100,Live Poker PREFLOP BIBLE,2024-04-30,12:20,"SUPERSEDED by 2026 'BTN SQZ vs MP OPEN & COLD CALL' (same coach, newer video wins).",no
BTN SQUEEZE RANGE,BTN,squeeze,HJ open + CO cold call,,82s,squeeze,0,call,0,,0,100,Live Poker PREFLOP BIBLE,2024-04-30,12:20,"SUPERSEDED by 2026 'BTN SQZ vs MP OPEN & COLD CALL' (same coach, newer video wins).",no
BTN SQUEEZE RANGE,BTN,squeeze,HJ open + CO cold call,,A7o,squeeze,0,call,0,,0,100,Live Poker PREFLOP BIBLE,2024-04-30,12:20,"SUPERSEDED by 2026 'BTN SQZ vs MP OPEN & COLD CALL' (same coach, newer video wins).",no
BTN SQUEEZE RANGE,BTN,squeeze,HJ open + CO cold call,,K7o,squeeze,0,call,0,,0,100,Live Poker PREFLOP BIBLE,2024-04-30,12:20,"SUPERSEDED by 2026 'BTN SQZ vs MP OPEN & COLD CALL' (same coach, newer video wins).",no
BTN SQUEEZE RANGE,BTN,squeeze,HJ open + CO cold call,,Q7o,squeeze,0,call,0,,0,100,Live Poker PREFLOP BIBLE,2024-04-30,12:20,"SUPERSEDED by 2026 'BTN SQZ vs MP OPEN & COLD CALL' (same coach, newer video wins).",no
BTN SQUEEZE RANGE,BTN,squeeze,HJ open + CO cold call,,J7o,squeeze,0,call,0,,0,100,Live Poker PREFLOP BIBLE,2024-04-30,12:20,"SUPERSEDED by 2026 'BTN SQZ vs MP OPEN & COLD CALL' (same coach, newer video wins).",no
BTN SQUEEZE RANGE,BTN,squeeze,HJ open + CO cold call,,T7o,squeeze,0,call,0,,0,100,Live Poker PREFLOP BIBLE,2024-04-30,12:20,"SUPERSEDED by 2026 'BTN SQZ vs MP OPEN & COLD CALL' (same coach, newer video wins).",no
BTN SQUEEZE RANGE,BTN,squeeze,HJ open + CO cold call,,97o,squeeze,0,call,0,,0,100,Live Poker PREFLOP BIBLE,2024-04-30,12:20,"SUPERSEDED by 2026 'BTN SQZ vs MP OPEN & COLD CALL' (same coach, newer video wins).",no
BTN SQUEEZE RANGE,BTN,squeeze,HJ open + CO cold call,,87o,squeeze,0,call,0,,0,100,Live Poker PREFLOP BIBLE,2024-04-30,12:20,"SUPERSEDED by 2026 'BTN SQZ vs MP OPEN & COLD CALL' (same coach, newer video wins).",no
BTN SQUEEZE RANGE,BTN,squeeze,HJ open + CO cold call,,77,squeeze,50,call,50,,0,0,Live Poker PREFLOP BIBLE,2024-04-30,12:20,"SUPERSEDED by 2026 'BTN SQZ vs MP OPEN & COLD CALL' (same coach, newer video wins). SITUATIONAL (Mark 2024): a 'partial' - don't randomize; lean to the aggressive action with a bigger skill edge, deeper stacks, or a weaker/more predictable opponent.",yes
BTN SQUEEZE RANGE,BTN,squeeze,HJ open + CO cold call,,76s,squeeze,0,call,100,,0,0,Live Poker PREFLOP BIBLE,2024-04-30,12:20,"SUPERSEDED by 2026 'BTN SQZ vs MP OPEN & COLD CALL' (same coach, newer video wins).",no
BTN SQUEEZE RANGE,BTN,squeeze,HJ open + CO cold call,,75s,squeeze,0,call,0,,0,100,Live Poker PREFLOP BIBLE,2024-04-30,12:20,"SUPERSEDED by 2026 'BTN SQZ vs MP OPEN & COLD CALL' (same coach, newer video wins).",no
BTN SQUEEZE RANGE,BTN,squeeze,HJ open + CO cold call,,74s,squeeze,0,call,0,,0,100,Live Poker PREFLOP BIBLE,2024-04-30,12:20,"SUPERSEDED by 2026 'BTN SQZ vs MP OPEN & COLD CALL' (same coach, newer video wins).",no
BTN SQUEEZE RANGE,BTN,squeeze,HJ open + CO cold call,,73s,squeeze,0,call,0,,0,100,Live Poker PREFLOP BIBLE,2024-04-30,12:20,"SUPERSEDED by 2026 'BTN SQZ vs MP OPEN & COLD CALL' (same coach, newer video wins).",no
BTN SQUEEZE RANGE,BTN,squeeze,HJ open + CO cold call,,72s,squeeze,0,call,0,,0,100,Live Poker PREFLOP BIBLE,2024-04-30,12:20,"SUPERSEDED by 2026 'BTN SQZ vs MP OPEN & COLD CALL' (same coach, newer video wins).",no
BTN SQUEEZE RANGE,BTN,squeeze,HJ open + CO cold call,,A6o,squeeze,0,call,0,,0,100,Live Poker PREFLOP BIBLE,2024-04-30,12:20,"SUPERSEDED by 2026 'BTN SQZ vs MP OPEN & COLD CALL' (same coach, newer video wins).",no
BTN SQUEEZE RANGE,BTN,squeeze,HJ open + CO cold call,,K6o,squeeze,0,call,0,,0,100,Live Poker PREFLOP BIBLE,2024-04-30,12:20,"SUPERSEDED by 2026 'BTN SQZ vs MP OPEN & COLD CALL' (same coach, newer video wins).",no
BTN SQUEEZE RANGE,BTN,squeeze,HJ open + CO cold call,,Q6o,squeeze,0,call,0,,0,100,Live Poker PREFLOP BIBLE,2024-04-30,12:20,"SUPERSEDED by 2026 'BTN SQZ vs MP OPEN & COLD CALL' (same coach, newer video wins).",no
BTN SQUEEZE RANGE,BTN,squeeze,HJ open + CO cold call,,J6o,squeeze,0,call,0,,0,100,Live Poker PREFLOP BIBLE,2024-04-30,12:20,"SUPERSEDED by 2026 'BTN SQZ vs MP OPEN & COLD CALL' (same coach, newer video wins).",no
BTN SQUEEZE RANGE,BTN,squeeze,HJ open + CO cold call,,T6o,squeeze,0,call,0,,0,100,Live Poker PREFLOP BIBLE,2024-04-30,12:20,"SUPERSEDED by 2026 'BTN SQZ vs MP OPEN & COLD CALL' (same coach, newer video wins).",no
BTN SQUEEZE RANGE,BTN,squeeze,HJ open + CO cold call,,96o,squeeze,0,call,0,,0,100,Live Poker PREFLOP BIBLE,2024-04-30,12:20,"SUPERSEDED by 2026 'BTN SQZ vs MP OPEN & COLD CALL' (same coach, newer video wins).",no
BTN SQUEEZE RANGE,BTN,squeeze,HJ open + CO cold call,,86o,squeeze,0,call,0,,0,100,Live Poker PREFLOP BIBLE,2024-04-30,12:20,"SUPERSEDED by 2026 'BTN SQZ vs MP OPEN & COLD CALL' (same coach, newer video wins).",no
BTN SQUEEZE RANGE,BTN,squeeze,HJ open + CO cold call,,76o,squeeze,0,call,0,,0,100,Live Poker PREFLOP BIBLE,2024-04-30,12:20,"SUPERSEDED by 2026 'BTN SQZ vs MP OPEN & COLD CALL' (same coach, newer video wins).",no
BTN SQUEEZE RANGE,BTN,squeeze,HJ open + CO cold call,,66,squeeze,50,call,50,,0,0,Live Poker PREFLOP BIBLE,2024-04-30,12:20,"SUPERSEDED by 2026 'BTN SQZ vs MP OPEN & COLD CALL' (same coach, newer video wins). SITUATIONAL (Mark 2024): a 'partial' - don't randomize; lean to the aggressive action with a bigger skill edge, deeper stacks, or a weaker/more predictable opponent.",yes
BTN SQUEEZE RANGE,BTN,squeeze,HJ open + CO cold call,,65s,squeeze,0,call,100,,0,0,Live Poker PREFLOP BIBLE,2024-04-30,12:20,"SUPERSEDED by 2026 'BTN SQZ vs MP OPEN & COLD CALL' (same coach, newer video wins).",no
BTN SQUEEZE RANGE,BTN,squeeze,HJ open + CO cold call,,64s,squeeze,0,call,0,,0,100,Live Poker PREFLOP BIBLE,2024-04-30,12:20,"SUPERSEDED by 2026 'BTN SQZ vs MP OPEN & COLD CALL' (same coach, newer video wins).",no
BTN SQUEEZE RANGE,BTN,squeeze,HJ open + CO cold call,,63s,squeeze,0,call,0,,0,100,Live Poker PREFLOP BIBLE,2024-04-30,12:20,"SUPERSEDED by 2026 'BTN SQZ vs MP OPEN & COLD CALL' (same coach, newer video wins).",no
BTN SQUEEZE RANGE,BTN,squeeze,HJ open + CO cold call,,62s,squeeze,0,call,0,,0,100,Live Poker PREFLOP BIBLE,2024-04-30,12:20,"SUPERSEDED by 2026 'BTN SQZ vs MP OPEN & COLD CALL' (same coach, newer video wins).",no
BTN SQUEEZE RANGE,BTN,squeeze,HJ open + CO cold call,,A5o,squeeze,0,call,0,,0,100,Live Poker PREFLOP BIBLE,2024-04-30,12:20,"SUPERSEDED by 2026 'BTN SQZ vs MP OPEN & COLD CALL' (same coach, newer video wins).",no
BTN SQUEEZE RANGE,BTN,squeeze,HJ open + CO cold call,,K5o,squeeze,0,call,0,,0,100,Live Poker PREFLOP BIBLE,2024-04-30,12:20,"SUPERSEDED by 2026 'BTN SQZ vs MP OPEN & COLD CALL' (same coach, newer video wins).",no
BTN SQUEEZE RANGE,BTN,squeeze,HJ open + CO cold call,,Q5o,squeeze,0,call,0,,0,100,Live Poker PREFLOP BIBLE,2024-04-30,12:20,"SUPERSEDED by 2026 'BTN SQZ vs MP OPEN & COLD CALL' (same coach, newer video wins).",no
BTN SQUEEZE RANGE,BTN,squeeze,HJ open + CO cold call,,J5o,squeeze,0,call,0,,0,100,Live Poker PREFLOP BIBLE,2024-04-30,12:20,"SUPERSEDED by 2026 'BTN SQZ vs MP OPEN & COLD CALL' (same coach, newer video wins).",no
BTN SQUEEZE RANGE,BTN,squeeze,HJ open + CO cold call,,T5o,squeeze,0,call,0,,0,100,Live Poker PREFLOP BIBLE,2024-04-30,12:20,"SUPERSEDED by 2026 'BTN SQZ vs MP OPEN & COLD CALL' (same coach, newer video wins).",no
BTN SQUEEZE RANGE,BTN,squeeze,HJ open + CO cold call,,95o,squeeze,0,call,0,,0,100,Live Poker PREFLOP BIBLE,2024-04-30,12:20,"SUPERSEDED by 2026 'BTN SQZ vs MP OPEN & COLD CALL' (same coach, newer video wins).",no
BTN SQUEEZE RANGE,BTN,squeeze,HJ open + CO cold call,,85o,squeeze,0,call,0,,0,100,Live Poker PREFLOP BIBLE,2024-04-30,12:20,"SUPERSEDED by 2026 'BTN SQZ vs MP OPEN & COLD CALL' (same coach, newer video wins).",no
BTN SQUEEZE RANGE,BTN,squeeze,HJ open + CO cold call,,75o,squeeze,0,call,0,,0,100,Live Poker PREFLOP BIBLE,2024-04-30,12:20,"SUPERSEDED by 2026 'BTN SQZ vs MP OPEN & COLD CALL' (same coach, newer video wins).",no
BTN SQUEEZE RANGE,BTN,squeeze,HJ open + CO cold call,,65o,squeeze,0,call,0,,0,100,Live Poker PREFLOP BIBLE,2024-04-30,12:20,"SUPERSEDED by 2026 'BTN SQZ vs MP OPEN & COLD CALL' (same coach, newer video wins).",no
BTN SQUEEZE RANGE,BTN,squeeze,HJ open + CO cold call,,55,squeeze,50,call,50,,0,0,Live Poker PREFLOP BIBLE,2024-04-30,12:20,"SUPERSEDED by 2026 'BTN SQZ vs MP OPEN & COLD CALL' (same coach, newer video wins). SITUATIONAL (Mark 2024): a 'partial' - don't randomize; lean to the aggressive action with a bigger skill edge, deeper stacks, or a weaker/more predictable opponent.",yes
BTN SQUEEZE RANGE,BTN,squeeze,HJ open + CO cold call,,54s,squeeze,0,call,0,,0,100,Live Poker PREFLOP BIBLE,2024-04-30,12:20,"SUPERSEDED by 2026 'BTN SQZ vs MP OPEN & COLD CALL' (same coach, newer video wins).",no
BTN SQUEEZE RANGE,BTN,squeeze,HJ open + CO cold call,,53s,squeeze,0,call,0,,0,100,Live Poker PREFLOP BIBLE,2024-04-30,12:20,"SUPERSEDED by 2026 'BTN SQZ vs MP OPEN & COLD CALL' (same coach, newer video wins).",no
BTN SQUEEZE RANGE,BTN,squeeze,HJ open + CO cold call,,52s,squeeze,0,call,0,,0,100,Live Poker PREFLOP BIBLE,2024-04-30,12:20,"SUPERSEDED by 2026 'BTN SQZ vs MP OPEN & COLD CALL' (same coach, newer video wins).",no
BTN SQUEEZE RANGE,BTN,squeeze,HJ open + CO cold call,,A4o,squeeze,0,call,0,,0,100,Live Poker PREFLOP BIBLE,2024-04-30,12:20,"SUPERSEDED by 2026 'BTN SQZ vs MP OPEN & COLD CALL' (same coach, newer video wins).",no
BTN SQUEEZE RANGE,BTN,squeeze,HJ open + CO cold call,,K4o,squeeze,0,call,0,,0,100,Live Poker PREFLOP BIBLE,2024-04-30,12:20,"SUPERSEDED by 2026 'BTN SQZ vs MP OPEN & COLD CALL' (same coach, newer video wins).",no
BTN SQUEEZE RANGE,BTN,squeeze,HJ open + CO cold call,,Q4o,squeeze,0,call,0,,0,100,Live Poker PREFLOP BIBLE,2024-04-30,12:20,"SUPERSEDED by 2026 'BTN SQZ vs MP OPEN & COLD CALL' (same coach, newer video wins).",no
BTN SQUEEZE RANGE,BTN,squeeze,HJ open + CO cold call,,J4o,squeeze,0,call,0,,0,100,Live Poker PREFLOP BIBLE,2024-04-30,12:20,"SUPERSEDED by 2026 'BTN SQZ vs MP OPEN & COLD CALL' (same coach, newer video wins).",no
BTN SQUEEZE RANGE,BTN,squeeze,HJ open + CO cold call,,T4o,squeeze,0,call,0,,0,100,Live Poker PREFLOP BIBLE,2024-04-30,12:20,"SUPERSEDED by 2026 'BTN SQZ vs MP OPEN & COLD CALL' (same coach, newer video wins).",no
BTN SQUEEZE RANGE,BTN,squeeze,HJ open + CO cold call,,94o,squeeze,0,call,0,,0,100,Live Poker PREFLOP BIBLE,2024-04-30,12:20,"SUPERSEDED by 2026 'BTN SQZ vs MP OPEN & COLD CALL' (same coach, newer video wins).",no
BTN SQUEEZE RANGE,BTN,squeeze,HJ open + CO cold call,,84o,squeeze,0,call,0,,0,100,Live Poker PREFLOP BIBLE,2024-04-30,12:20,"SUPERSEDED by 2026 'BTN SQZ vs MP OPEN & COLD CALL' (same coach, newer video wins).",no
BTN SQUEEZE RANGE,BTN,squeeze,HJ open + CO cold call,,74o,squeeze,0,call,0,,0,100,Live Poker PREFLOP BIBLE,2024-04-30,12:20,"SUPERSEDED by 2026 'BTN SQZ vs MP OPEN & COLD CALL' (same coach, newer video wins).",no
BTN SQUEEZE RANGE,BTN,squeeze,HJ open + CO cold call,,64o,squeeze,0,call,0,,0,100,Live Poker PREFLOP BIBLE,2024-04-30,12:20,"SUPERSEDED by 2026 'BTN SQZ vs MP OPEN & COLD CALL' (same coach, newer video wins).",no
BTN SQUEEZE RANGE,BTN,squeeze,HJ open + CO cold call,,54o,squeeze,0,call,0,,0,100,Live Poker PREFLOP BIBLE,2024-04-30,12:20,"SUPERSEDED by 2026 'BTN SQZ vs MP OPEN & COLD CALL' (same coach, newer video wins).",no
BTN SQUEEZE RANGE,BTN,squeeze,HJ open + CO cold call,,44,squeeze,0,call,100,,0,0,Live Poker PREFLOP BIBLE,2024-04-30,12:20,"SUPERSEDED by 2026 'BTN SQZ vs MP OPEN & COLD CALL' (same coach, newer video wins).",no
BTN SQUEEZE RANGE,BTN,squeeze,HJ open + CO cold call,,43s,squeeze,0,call,0,,0,100,Live Poker PREFLOP BIBLE,2024-04-30,12:20,"SUPERSEDED by 2026 'BTN SQZ vs MP OPEN & COLD CALL' (same coach, newer video wins).",no
BTN SQUEEZE RANGE,BTN,squeeze,HJ open + CO cold call,,42s,squeeze,0,call,0,,0,100,Live Poker PREFLOP BIBLE,2024-04-30,12:20,"SUPERSEDED by 2026 'BTN SQZ vs MP OPEN & COLD CALL' (same coach, newer video wins).",no
BTN SQUEEZE RANGE,BTN,squeeze,HJ open + CO cold call,,A3o,squeeze,0,call,0,,0,100,Live Poker PREFLOP BIBLE,2024-04-30,12:20,"SUPERSEDED by 2026 'BTN SQZ vs MP OPEN & COLD CALL' (same coach, newer video wins).",no
BTN SQUEEZE RANGE,BTN,squeeze,HJ open + CO cold call,,K3o,squeeze,0,call,0,,0,100,Live Poker PREFLOP BIBLE,2024-04-30,12:20,"SUPERSEDED by 2026 'BTN SQZ vs MP OPEN & COLD CALL' (same coach, newer video wins).",no
BTN SQUEEZE RANGE,BTN,squeeze,HJ open + CO cold call,,Q3o,squeeze,0,call,0,,0,100,Live Poker PREFLOP BIBLE,2024-04-30,12:20,"SUPERSEDED by 2026 'BTN SQZ vs MP OPEN & COLD CALL' (same coach, newer video wins).",no
BTN SQUEEZE RANGE,BTN,squeeze,HJ open + CO cold call,,J3o,squeeze,0,call,0,,0,100,Live Poker PREFLOP BIBLE,2024-04-30,12:20,"SUPERSEDED by 2026 'BTN SQZ vs MP OPEN & COLD CALL' (same coach, newer video wins).",no
BTN SQUEEZE RANGE,BTN,squeeze,HJ open + CO cold call,,T3o,squeeze,0,call,0,,0,100,Live Poker PREFLOP BIBLE,2024-04-30,12:20,"SUPERSEDED by 2026 'BTN SQZ vs MP OPEN & COLD CALL' (same coach, newer video wins).",no
BTN SQUEEZE RANGE,BTN,squeeze,HJ open + CO cold call,,93o,squeeze,0,call,0,,0,100,Live Poker PREFLOP BIBLE,2024-04-30,12:20,"SUPERSEDED by 2026 'BTN SQZ vs MP OPEN & COLD CALL' (same coach, newer video wins).",no
BTN SQUEEZE RANGE,BTN,squeeze,HJ open + CO cold call,,83o,squeeze,0,call,0,,0,100,Live Poker PREFLOP BIBLE,2024-04-30,12:20,"SUPERSEDED by 2026 'BTN SQZ vs MP OPEN & COLD CALL' (same coach, newer video wins).",no
BTN SQUEEZE RANGE,BTN,squeeze,HJ open + CO cold call,,73o,squeeze,0,call,0,,0,100,Live Poker PREFLOP BIBLE,2024-04-30,12:20,"SUPERSEDED by 2026 'BTN SQZ vs MP OPEN & COLD CALL' (same coach, newer video wins).",no
BTN SQUEEZE RANGE,BTN,squeeze,HJ open + CO cold call,,63o,squeeze,0,call,0,,0,100,Live Poker PREFLOP BIBLE,2024-04-30,12:20,"SUPERSEDED by 2026 'BTN SQZ vs MP OPEN & COLD CALL' (same coach, newer video wins).",no
BTN SQUEEZE RANGE,BTN,squeeze,HJ open + CO cold call,,53o,squeeze,0,call,0,,0,100,Live Poker PREFLOP BIBLE,2024-04-30,12:20,"SUPERSEDED by 2026 'BTN SQZ vs MP OPEN & COLD CALL' (same coach, newer video wins).",no
BTN SQUEEZE RANGE,BTN,squeeze,HJ open + CO cold call,,43o,squeeze,0,call,0,,0,100,Live Poker PREFLOP BIBLE,2024-04-30,12:20,"SUPERSEDED by 2026 'BTN SQZ vs MP OPEN & COLD CALL' (same coach, newer video wins).",no
BTN SQUEEZE RANGE,BTN,squeeze,HJ open + CO cold call,,33,squeeze,0,call,100,,0,0,Live Poker PREFLOP BIBLE,2024-04-30,12:20,"SUPERSEDED by 2026 'BTN SQZ vs MP OPEN & COLD CALL' (same coach, newer video wins).",no
BTN SQUEEZE RANGE,BTN,squeeze,HJ open + CO cold call,,32s,squeeze,0,call,0,,0,100,Live Poker PREFLOP BIBLE,2024-04-30,12:20,"SUPERSEDED by 2026 'BTN SQZ vs MP OPEN & COLD CALL' (same coach, newer video wins).",no
BTN SQUEEZE RANGE,BTN,squeeze,HJ open + CO cold call,,A2o,squeeze,0,call,0,,0,100,Live Poker PREFLOP BIBLE,2024-04-30,12:20,"SUPERSEDED by 2026 'BTN SQZ vs MP OPEN & COLD CALL' (same coach, newer video wins).",no
BTN SQUEEZE RANGE,BTN,squeeze,HJ open + CO cold call,,K2o,squeeze,0,call,0,,0,100,Live Poker PREFLOP BIBLE,2024-04-30,12:20,"SUPERSEDED by 2026 'BTN SQZ vs MP OPEN & COLD CALL' (same coach, newer video wins).",no
BTN SQUEEZE RANGE,BTN,squeeze,HJ open + CO cold call,,Q2o,squeeze,0,call,0,,0,100,Live Poker PREFLOP BIBLE,2024-04-30,12:20,"SUPERSEDED by 2026 'BTN SQZ vs MP OPEN & COLD CALL' (same coach, newer video wins).",no
BTN SQUEEZE RANGE,BTN,squeeze,HJ open + CO cold call,,J2o,squeeze,0,call,0,,0,100,Live Poker PREFLOP BIBLE,2024-04-30,12:20,"SUPERSEDED by 2026 'BTN SQZ vs MP OPEN & COLD CALL' (same coach, newer video wins).",no
BTN SQUEEZE RANGE,BTN,squeeze,HJ open + CO cold call,,T2o,squeeze,0,call,0,,0,100,Live Poker PREFLOP BIBLE,2024-04-30,12:20,"SUPERSEDED by 2026 'BTN SQZ vs MP OPEN & COLD CALL' (same coach, newer video wins).",no
BTN SQUEEZE RANGE,BTN,squeeze,HJ open + CO cold call,,92o,squeeze,0,call,0,,0,100,Live Poker PREFLOP BIBLE,2024-04-30,12:20,"SUPERSEDED by 2026 'BTN SQZ vs MP OPEN & COLD CALL' (same coach, newer video wins).",no
BTN SQUEEZE RANGE,BTN,squeeze,HJ open + CO cold call,,82o,squeeze,0,call,0,,0,100,Live Poker PREFLOP BIBLE,2024-04-30,12:20,"SUPERSEDED by 2026 'BTN SQZ vs MP OPEN & COLD CALL' (same coach, newer video wins).",no
BTN SQUEEZE RANGE,BTN,squeeze,HJ open + CO cold call,,72o,squeeze,0,call,0,,0,100,Live Poker PREFLOP BIBLE,2024-04-30,12:20,"SUPERSEDED by 2026 'BTN SQZ vs MP OPEN & COLD CALL' (same coach, newer video wins).",no
BTN SQUEEZE RANGE,BTN,squeeze,HJ open + CO cold call,,62o,squeeze,0,call,0,,0,100,Live Poker PREFLOP BIBLE,2024-04-30,12:20,"SUPERSEDED by 2026 'BTN SQZ vs MP OPEN & COLD CALL' (same coach, newer video wins).",no
BTN SQUEEZE RANGE,BTN,squeeze,HJ open + CO cold call,,52o,squeeze,0,call,0,,0,100,Live Poker PREFLOP BIBLE,2024-04-30,12:20,"SUPERSEDED by 2026 'BTN SQZ vs MP OPEN & COLD CALL' (same coach, newer video wins).",no
BTN SQUEEZE RANGE,BTN,squeeze,HJ open + CO cold call,,42o,squeeze,0,call,0,,0,100,Live Poker PREFLOP BIBLE,2024-04-30,12:20,"SUPERSEDED by 2026 'BTN SQZ vs MP OPEN & COLD CALL' (same coach, newer video wins).",no
BTN SQUEEZE RANGE,BTN,squeeze,HJ open + CO cold call,,32o,squeeze,0,call,0,,0,100,Live Poker PREFLOP BIBLE,2024-04-30,12:20,"SUPERSEDED by 2026 'BTN SQZ vs MP OPEN & COLD CALL' (same coach, newer video wins).",no
BTN SQUEEZE RANGE,BTN,squeeze,HJ open + CO cold call,,22,squeeze,0,call,100,,0,0,Live Poker PREFLOP BIBLE,2024-04-30,12:20,"SUPERSEDED by 2026 'BTN SQZ vs MP OPEN & COLD CALL' (same coach, newer video wins).",no
OOP VS PASSIVE 3B,opener OOP,vs_3bet,3bettor IP,passive 3bettor,AA,4bet,100,call,0,,0,0,Live Poker PREFLOP BIBLE,2024-04-30,13:22,"SUPERSEDED by 2026 'OOP vs PASSIVE 3BET' (same coach, newer video wins).",no
OOP VS PASSIVE 3B,opener OOP,vs_3bet,3bettor IP,passive 3bettor,AKs,4bet,100,call,0,,0,0,Live Poker PREFLOP BIBLE,2024-04-30,13:22,"SUPERSEDED by 2026 'OOP vs PASSIVE 3BET' (same coach, newer video wins).",no
OOP VS PASSIVE 3B,opener OOP,vs_3bet,3bettor IP,passive 3bettor,AQs,4bet,50,call,50,,0,0,Live Poker PREFLOP BIBLE,2024-04-30,13:22,"SUPERSEDED by 2026 'OOP vs PASSIVE 3BET' (same coach, newer video wins). SITUATIONAL (Mark 2024): a 'partial' - don't randomize; lean to the aggressive action with a bigger skill edge, deeper stacks, or a weaker/more predictable opponent.",yes
OOP VS PASSIVE 3B,opener OOP,vs_3bet,3bettor IP,passive 3bettor,AJs,4bet,0,call,50,,0,50,Live Poker PREFLOP BIBLE,2024-04-30,13:22,"SUPERSEDED by 2026 'OOP vs PASSIVE 3BET' (same coach, newer video wins). SITUATIONAL (Mark 2024): a 'partial' - don't randomize; lean to the aggressive action with a bigger skill edge, deeper stacks, or a weaker/more predictable opponent.",yes
OOP VS PASSIVE 3B,opener OOP,vs_3bet,3bettor IP,passive 3bettor,ATs,4bet,0,call,50,,0,50,Live Poker PREFLOP BIBLE,2024-04-30,13:22,"SUPERSEDED by 2026 'OOP vs PASSIVE 3BET' (same coach, newer video wins). SITUATIONAL (Mark 2024): a 'partial' - don't randomize; lean to the aggressive action with a bigger skill edge, deeper stacks, or a weaker/more predictable opponent.",yes
OOP VS PASSIVE 3B,opener OOP,vs_3bet,3bettor IP,passive 3bettor,A9s,4bet,0,call,50,,0,50,Live Poker PREFLOP BIBLE,2024-04-30,13:22,"SUPERSEDED by 2026 'OOP vs PASSIVE 3BET' (same coach, newer video wins). SITUATIONAL (Mark 2024): a 'partial' - don't randomize; lean to the aggressive action with a bigger skill edge, deeper stacks, or a weaker/more predictable opponent.",yes
OOP VS PASSIVE 3B,opener OOP,vs_3bet,3bettor IP,passive 3bettor,A8s,4bet,0,call,0,,0,100,Live Poker PREFLOP BIBLE,2024-04-30,13:22,"SUPERSEDED by 2026 'OOP vs PASSIVE 3BET' (same coach, newer video wins).",no
OOP VS PASSIVE 3B,opener OOP,vs_3bet,3bettor IP,passive 3bettor,A7s,4bet,0,call,0,,0,100,Live Poker PREFLOP BIBLE,2024-04-30,13:22,"SUPERSEDED by 2026 'OOP vs PASSIVE 3BET' (same coach, newer video wins).",no
OOP VS PASSIVE 3B,opener OOP,vs_3bet,3bettor IP,passive 3bettor,A6s,4bet,0,call,0,,0,100,Live Poker PREFLOP BIBLE,2024-04-30,13:22,"SUPERSEDED by 2026 'OOP vs PASSIVE 3BET' (same coach, newer video wins).",no
OOP VS PASSIVE 3B,opener OOP,vs_3bet,3bettor IP,passive 3bettor,A5s,4bet,0,call,0,,0,100,Live Poker PREFLOP BIBLE,2024-04-30,13:22,"SUPERSEDED by 2026 'OOP vs PASSIVE 3BET' (same coach, newer video wins).",no
OOP VS PASSIVE 3B,opener OOP,vs_3bet,3bettor IP,passive 3bettor,A4s,4bet,0,call,0,,0,100,Live Poker PREFLOP BIBLE,2024-04-30,13:22,"SUPERSEDED by 2026 'OOP vs PASSIVE 3BET' (same coach, newer video wins).",no
OOP VS PASSIVE 3B,opener OOP,vs_3bet,3bettor IP,passive 3bettor,A3s,4bet,0,call,0,,0,100,Live Poker PREFLOP BIBLE,2024-04-30,13:22,"SUPERSEDED by 2026 'OOP vs PASSIVE 3BET' (same coach, newer video wins).",no
OOP VS PASSIVE 3B,opener OOP,vs_3bet,3bettor IP,passive 3bettor,A2s,4bet,0,call,0,,0,100,Live Poker PREFLOP BIBLE,2024-04-30,13:22,"SUPERSEDED by 2026 'OOP vs PASSIVE 3BET' (same coach, newer video wins).",no
OOP VS PASSIVE 3B,opener OOP,vs_3bet,3bettor IP,passive 3bettor,AKo,4bet,50,call,50,,0,0,Live Poker PREFLOP BIBLE,2024-04-30,13:22,"SUPERSEDED by 2026 'OOP vs PASSIVE 3BET' (same coach, newer video wins). SITUATIONAL (Mark 2024): a 'partial' - don't randomize; lean to the aggressive action with a bigger skill edge, deeper stacks, or a weaker/more predictable opponent.",yes
OOP VS PASSIVE 3B,opener OOP,vs_3bet,3bettor IP,passive 3bettor,KK,4bet,100,call,0,,0,0,Live Poker PREFLOP BIBLE,2024-04-30,13:22,"SUPERSEDED by 2026 'OOP vs PASSIVE 3BET' (same coach, newer video wins).",no
OOP VS PASSIVE 3B,opener OOP,vs_3bet,3bettor IP,passive 3bettor,KQs,4bet,0,call,100,,0,0,Live Poker PREFLOP BIBLE,2024-04-30,13:22,"SUPERSEDED by 2026 'OOP vs PASSIVE 3BET' (same coach, newer video wins).",no
OOP VS PASSIVE 3B,opener OOP,vs_3bet,3bettor IP,passive 3bettor,KJs,4bet,0,call,50,,0,50,Live Poker PREFLOP BIBLE,2024-04-30,13:22,"SUPERSEDED by 2026 'OOP vs PASSIVE 3BET' (same coach, newer video wins). SITUATIONAL (Mark 2024): a 'partial' - don't randomize; lean to the aggressive action with a bigger skill edge, deeper stacks, or a weaker/more predictable opponent.",yes
OOP VS PASSIVE 3B,opener OOP,vs_3bet,3bettor IP,passive 3bettor,KTs,4bet,0,call,50,,0,50,Live Poker PREFLOP BIBLE,2024-04-30,13:22,"SUPERSEDED by 2026 'OOP vs PASSIVE 3BET' (same coach, newer video wins). SITUATIONAL (Mark 2024): a 'partial' - don't randomize; lean to the aggressive action with a bigger skill edge, deeper stacks, or a weaker/more predictable opponent.",yes
OOP VS PASSIVE 3B,opener OOP,vs_3bet,3bettor IP,passive 3bettor,K9s,4bet,0,call,0,,0,100,Live Poker PREFLOP BIBLE,2024-04-30,13:22,"SUPERSEDED by 2026 'OOP vs PASSIVE 3BET' (same coach, newer video wins).",no
OOP VS PASSIVE 3B,opener OOP,vs_3bet,3bettor IP,passive 3bettor,K8s,4bet,0,call,0,,0,100,Live Poker PREFLOP BIBLE,2024-04-30,13:22,"SUPERSEDED by 2026 'OOP vs PASSIVE 3BET' (same coach, newer video wins).",no
OOP VS PASSIVE 3B,opener OOP,vs_3bet,3bettor IP,passive 3bettor,K7s,4bet,0,call,0,,0,100,Live Poker PREFLOP BIBLE,2024-04-30,13:22,"SUPERSEDED by 2026 'OOP vs PASSIVE 3BET' (same coach, newer video wins).",no
OOP VS PASSIVE 3B,opener OOP,vs_3bet,3bettor IP,passive 3bettor,K6s,4bet,0,call,0,,0,100,Live Poker PREFLOP BIBLE,2024-04-30,13:22,"SUPERSEDED by 2026 'OOP vs PASSIVE 3BET' (same coach, newer video wins).",no
OOP VS PASSIVE 3B,opener OOP,vs_3bet,3bettor IP,passive 3bettor,K5s,4bet,0,call,0,,0,100,Live Poker PREFLOP BIBLE,2024-04-30,13:22,"SUPERSEDED by 2026 'OOP vs PASSIVE 3BET' (same coach, newer video wins).",no
OOP VS PASSIVE 3B,opener OOP,vs_3bet,3bettor IP,passive 3bettor,K4s,4bet,0,call,0,,0,100,Live Poker PREFLOP BIBLE,2024-04-30,13:22,"SUPERSEDED by 2026 'OOP vs PASSIVE 3BET' (same coach, newer video wins).",no
OOP VS PASSIVE 3B,opener OOP,vs_3bet,3bettor IP,passive 3bettor,K3s,4bet,0,call,0,,0,100,Live Poker PREFLOP BIBLE,2024-04-30,13:22,"SUPERSEDED by 2026 'OOP vs PASSIVE 3BET' (same coach, newer video wins).",no
OOP VS PASSIVE 3B,opener OOP,vs_3bet,3bettor IP,passive 3bettor,K2s,4bet,0,call,0,,0,100,Live Poker PREFLOP BIBLE,2024-04-30,13:22,"SUPERSEDED by 2026 'OOP vs PASSIVE 3BET' (same coach, newer video wins).",no
OOP VS PASSIVE 3B,opener OOP,vs_3bet,3bettor IP,passive 3bettor,AQo,4bet,0,call,0,,0,100,Live Poker PREFLOP BIBLE,2024-04-30,13:22,"SUPERSEDED by 2026 'OOP vs PASSIVE 3BET' (same coach, newer video wins).",no
OOP VS PASSIVE 3B,opener OOP,vs_3bet,3bettor IP,passive 3bettor,KQo,4bet,0,call,0,,0,100,Live Poker PREFLOP BIBLE,2024-04-30,13:22,"SUPERSEDED by 2026 'OOP vs PASSIVE 3BET' (same coach, newer video wins).",no
OOP VS PASSIVE 3B,opener OOP,vs_3bet,3bettor IP,passive 3bettor,QQ,4bet,50,call,50,,0,0,Live Poker PREFLOP BIBLE,2024-04-30,13:22,"SUPERSEDED by 2026 'OOP vs PASSIVE 3BET' (same coach, newer video wins). SITUATIONAL (Mark 2024): a 'partial' - don't randomize; lean to the aggressive action with a bigger skill edge, deeper stacks, or a weaker/more predictable opponent.",yes
OOP VS PASSIVE 3B,opener OOP,vs_3bet,3bettor IP,passive 3bettor,QJs,4bet,0,call,100,,0,0,Live Poker PREFLOP BIBLE,2024-04-30,13:22,"SUPERSEDED by 2026 'OOP vs PASSIVE 3BET' (same coach, newer video wins).",no
OOP VS PASSIVE 3B,opener OOP,vs_3bet,3bettor IP,passive 3bettor,QTs,4bet,0,call,50,,0,50,Live Poker PREFLOP BIBLE,2024-04-30,13:22,"SUPERSEDED by 2026 'OOP vs PASSIVE 3BET' (same coach, newer video wins). SITUATIONAL (Mark 2024): a 'partial' - don't randomize; lean to the aggressive action with a bigger skill edge, deeper stacks, or a weaker/more predictable opponent.",yes
OOP VS PASSIVE 3B,opener OOP,vs_3bet,3bettor IP,passive 3bettor,Q9s,4bet,0,call,50,,0,50,Live Poker PREFLOP BIBLE,2024-04-30,13:22,"SUPERSEDED by 2026 'OOP vs PASSIVE 3BET' (same coach, newer video wins). SITUATIONAL (Mark 2024): a 'partial' - don't randomize; lean to the aggressive action with a bigger skill edge, deeper stacks, or a weaker/more predictable opponent.",yes
OOP VS PASSIVE 3B,opener OOP,vs_3bet,3bettor IP,passive 3bettor,Q8s,4bet,0,call,0,,0,100,Live Poker PREFLOP BIBLE,2024-04-30,13:22,"SUPERSEDED by 2026 'OOP vs PASSIVE 3BET' (same coach, newer video wins).",no
OOP VS PASSIVE 3B,opener OOP,vs_3bet,3bettor IP,passive 3bettor,Q7s,4bet,0,call,0,,0,100,Live Poker PREFLOP BIBLE,2024-04-30,13:22,"SUPERSEDED by 2026 'OOP vs PASSIVE 3BET' (same coach, newer video wins).",no
OOP VS PASSIVE 3B,opener OOP,vs_3bet,3bettor IP,passive 3bettor,Q6s,4bet,0,call,0,,0,100,Live Poker PREFLOP BIBLE,2024-04-30,13:22,"SUPERSEDED by 2026 'OOP vs PASSIVE 3BET' (same coach, newer video wins).",no
OOP VS PASSIVE 3B,opener OOP,vs_3bet,3bettor IP,passive 3bettor,Q5s,4bet,0,call,0,,0,100,Live Poker PREFLOP BIBLE,2024-04-30,13:22,"SUPERSEDED by 2026 'OOP vs PASSIVE 3BET' (same coach, newer video wins).",no
OOP VS PASSIVE 3B,opener OOP,vs_3bet,3bettor IP,passive 3bettor,Q4s,4bet,0,call,0,,0,100,Live Poker PREFLOP BIBLE,2024-04-30,13:22,"SUPERSEDED by 2026 'OOP vs PASSIVE 3BET' (same coach, newer video wins).",no
OOP VS PASSIVE 3B,opener OOP,vs_3bet,3bettor IP,passive 3bettor,Q3s,4bet,0,call,0,,0,100,Live Poker PREFLOP BIBLE,2024-04-30,13:22,"SUPERSEDED by 2026 'OOP vs PASSIVE 3BET' (same coach, newer video wins).",no
OOP VS PASSIVE 3B,opener OOP,vs_3bet,3bettor IP,passive 3bettor,Q2s,4bet,0,call,0,,0,100,Live Poker PREFLOP BIBLE,2024-04-30,13:22,"SUPERSEDED by 2026 'OOP vs PASSIVE 3BET' (same coach, newer video wins).",no
OOP VS PASSIVE 3B,opener OOP,vs_3bet,3bettor IP,passive 3bettor,AJo,4bet,0,call,0,,0,100,Live Poker PREFLOP BIBLE,2024-04-30,13:22,"SUPERSEDED by 2026 'OOP vs PASSIVE 3BET' (same coach, newer video wins).",no
OOP VS PASSIVE 3B,opener OOP,vs_3bet,3bettor IP,passive 3bettor,KJo,4bet,0,call,0,,0,100,Live Poker PREFLOP BIBLE,2024-04-30,13:22,"SUPERSEDED by 2026 'OOP vs PASSIVE 3BET' (same coach, newer video wins).",no
OOP VS PASSIVE 3B,opener OOP,vs_3bet,3bettor IP,passive 3bettor,QJo,4bet,0,call,0,,0,100,Live Poker PREFLOP BIBLE,2024-04-30,13:22,"SUPERSEDED by 2026 'OOP vs PASSIVE 3BET' (same coach, newer video wins).",no
OOP VS PASSIVE 3B,opener OOP,vs_3bet,3bettor IP,passive 3bettor,JJ,4bet,50,call,50,,0,0,Live Poker PREFLOP BIBLE,2024-04-30,13:22,"SUPERSEDED by 2026 'OOP vs PASSIVE 3BET' (same coach, newer video wins). SITUATIONAL (Mark 2024): a 'partial' - don't randomize; lean to the aggressive action with a bigger skill edge, deeper stacks, or a weaker/more predictable opponent.",yes
OOP VS PASSIVE 3B,opener OOP,vs_3bet,3bettor IP,passive 3bettor,JTs,4bet,0,call,100,,0,0,Live Poker PREFLOP BIBLE,2024-04-30,13:22,"SUPERSEDED by 2026 'OOP vs PASSIVE 3BET' (same coach, newer video wins).",no
OOP VS PASSIVE 3B,opener OOP,vs_3bet,3bettor IP,passive 3bettor,J9s,4bet,0,call,50,,0,50,Live Poker PREFLOP BIBLE,2024-04-30,13:22,"SUPERSEDED by 2026 'OOP vs PASSIVE 3BET' (same coach, newer video wins). SITUATIONAL (Mark 2024): a 'partial' - don't randomize; lean to the aggressive action with a bigger skill edge, deeper stacks, or a weaker/more predictable opponent.",yes
OOP VS PASSIVE 3B,opener OOP,vs_3bet,3bettor IP,passive 3bettor,J8s,4bet,0,call,0,,0,100,Live Poker PREFLOP BIBLE,2024-04-30,13:22,"SUPERSEDED by 2026 'OOP vs PASSIVE 3BET' (same coach, newer video wins).",no
OOP VS PASSIVE 3B,opener OOP,vs_3bet,3bettor IP,passive 3bettor,J7s,4bet,0,call,0,,0,100,Live Poker PREFLOP BIBLE,2024-04-30,13:22,"SUPERSEDED by 2026 'OOP vs PASSIVE 3BET' (same coach, newer video wins).",no
OOP VS PASSIVE 3B,opener OOP,vs_3bet,3bettor IP,passive 3bettor,J6s,4bet,0,call,0,,0,100,Live Poker PREFLOP BIBLE,2024-04-30,13:22,"SUPERSEDED by 2026 'OOP vs PASSIVE 3BET' (same coach, newer video wins).",no
OOP VS PASSIVE 3B,opener OOP,vs_3bet,3bettor IP,passive 3bettor,J5s,4bet,0,call,0,,0,100,Live Poker PREFLOP BIBLE,2024-04-30,13:22,"SUPERSEDED by 2026 'OOP vs PASSIVE 3BET' (same coach, newer video wins).",no
OOP VS PASSIVE 3B,opener OOP,vs_3bet,3bettor IP,passive 3bettor,J4s,4bet,0,call,0,,0,100,Live Poker PREFLOP BIBLE,2024-04-30,13:22,"SUPERSEDED by 2026 'OOP vs PASSIVE 3BET' (same coach, newer video wins).",no
OOP VS PASSIVE 3B,opener OOP,vs_3bet,3bettor IP,passive 3bettor,J3s,4bet,0,call,0,,0,100,Live Poker PREFLOP BIBLE,2024-04-30,13:22,"SUPERSEDED by 2026 'OOP vs PASSIVE 3BET' (same coach, newer video wins).",no
OOP VS PASSIVE 3B,opener OOP,vs_3bet,3bettor IP,passive 3bettor,J2s,4bet,0,call,0,,0,100,Live Poker PREFLOP BIBLE,2024-04-30,13:22,"SUPERSEDED by 2026 'OOP vs PASSIVE 3BET' (same coach, newer video wins).",no
OOP VS PASSIVE 3B,opener OOP,vs_3bet,3bettor IP,passive 3bettor,ATo,4bet,0,call,0,,0,100,Live Poker PREFLOP BIBLE,2024-04-30,13:22,"SUPERSEDED by 2026 'OOP vs PASSIVE 3BET' (same coach, newer video wins).",no
OOP VS PASSIVE 3B,opener OOP,vs_3bet,3bettor IP,passive 3bettor,KTo,4bet,0,call,0,,0,100,Live Poker PREFLOP BIBLE,2024-04-30,13:22,"SUPERSEDED by 2026 'OOP vs PASSIVE 3BET' (same coach, newer video wins).",no
OOP VS PASSIVE 3B,opener OOP,vs_3bet,3bettor IP,passive 3bettor,QTo,4bet,0,call,0,,0,100,Live Poker PREFLOP BIBLE,2024-04-30,13:22,"SUPERSEDED by 2026 'OOP vs PASSIVE 3BET' (same coach, newer video wins).",no
OOP VS PASSIVE 3B,opener OOP,vs_3bet,3bettor IP,passive 3bettor,JTo,4bet,0,call,0,,0,100,Live Poker PREFLOP BIBLE,2024-04-30,13:22,"SUPERSEDED by 2026 'OOP vs PASSIVE 3BET' (same coach, newer video wins).",no
OOP VS PASSIVE 3B,opener OOP,vs_3bet,3bettor IP,passive 3bettor,TT,4bet,0,call,100,,0,0,Live Poker PREFLOP BIBLE,2024-04-30,13:22,"SUPERSEDED by 2026 'OOP vs PASSIVE 3BET' (same coach, newer video wins).",no
OOP VS PASSIVE 3B,opener OOP,vs_3bet,3bettor IP,passive 3bettor,T9s,4bet,0,call,50,,0,50,Live Poker PREFLOP BIBLE,2024-04-30,13:22,"SUPERSEDED by 2026 'OOP vs PASSIVE 3BET' (same coach, newer video wins). SITUATIONAL (Mark 2024): a 'partial' - don't randomize; lean to the aggressive action with a bigger skill edge, deeper stacks, or a weaker/more predictable opponent.",yes
OOP VS PASSIVE 3B,opener OOP,vs_3bet,3bettor IP,passive 3bettor,T8s,4bet,0,call,50,,0,50,Live Poker PREFLOP BIBLE,2024-04-30,13:22,"SUPERSEDED by 2026 'OOP vs PASSIVE 3BET' (same coach, newer video wins). SITUATIONAL (Mark 2024): a 'partial' - don't randomize; lean to the aggressive action with a bigger skill edge, deeper stacks, or a weaker/more predictable opponent.",yes
OOP VS PASSIVE 3B,opener OOP,vs_3bet,3bettor IP,passive 3bettor,T7s,4bet,0,call,0,,0,100,Live Poker PREFLOP BIBLE,2024-04-30,13:22,"SUPERSEDED by 2026 'OOP vs PASSIVE 3BET' (same coach, newer video wins).",no
OOP VS PASSIVE 3B,opener OOP,vs_3bet,3bettor IP,passive 3bettor,T6s,4bet,0,call,0,,0,100,Live Poker PREFLOP BIBLE,2024-04-30,13:22,"SUPERSEDED by 2026 'OOP vs PASSIVE 3BET' (same coach, newer video wins).",no
OOP VS PASSIVE 3B,opener OOP,vs_3bet,3bettor IP,passive 3bettor,T5s,4bet,0,call,0,,0,100,Live Poker PREFLOP BIBLE,2024-04-30,13:22,"SUPERSEDED by 2026 'OOP vs PASSIVE 3BET' (same coach, newer video wins).",no
OOP VS PASSIVE 3B,opener OOP,vs_3bet,3bettor IP,passive 3bettor,T4s,4bet,0,call,0,,0,100,Live Poker PREFLOP BIBLE,2024-04-30,13:22,"SUPERSEDED by 2026 'OOP vs PASSIVE 3BET' (same coach, newer video wins).",no
OOP VS PASSIVE 3B,opener OOP,vs_3bet,3bettor IP,passive 3bettor,T3s,4bet,0,call,0,,0,100,Live Poker PREFLOP BIBLE,2024-04-30,13:22,"SUPERSEDED by 2026 'OOP vs PASSIVE 3BET' (same coach, newer video wins).",no
OOP VS PASSIVE 3B,opener OOP,vs_3bet,3bettor IP,passive 3bettor,T2s,4bet,0,call,0,,0,100,Live Poker PREFLOP BIBLE,2024-04-30,13:22,"SUPERSEDED by 2026 'OOP vs PASSIVE 3BET' (same coach, newer video wins).",no
OOP VS PASSIVE 3B,opener OOP,vs_3bet,3bettor IP,passive 3bettor,A9o,4bet,0,call,0,,0,100,Live Poker PREFLOP BIBLE,2024-04-30,13:22,"SUPERSEDED by 2026 'OOP vs PASSIVE 3BET' (same coach, newer video wins).",no
OOP VS PASSIVE 3B,opener OOP,vs_3bet,3bettor IP,passive 3bettor,K9o,4bet,0,call,0,,0,100,Live Poker PREFLOP BIBLE,2024-04-30,13:22,"SUPERSEDED by 2026 'OOP vs PASSIVE 3BET' (same coach, newer video wins).",no
OOP VS PASSIVE 3B,opener OOP,vs_3bet,3bettor IP,passive 3bettor,Q9o,4bet,0,call,0,,0,100,Live Poker PREFLOP BIBLE,2024-04-30,13:22,"SUPERSEDED by 2026 'OOP vs PASSIVE 3BET' (same coach, newer video wins).",no
OOP VS PASSIVE 3B,opener OOP,vs_3bet,3bettor IP,passive 3bettor,J9o,4bet,0,call,0,,0,100,Live Poker PREFLOP BIBLE,2024-04-30,13:22,"SUPERSEDED by 2026 'OOP vs PASSIVE 3BET' (same coach, newer video wins).",no
OOP VS PASSIVE 3B,opener OOP,vs_3bet,3bettor IP,passive 3bettor,T9o,4bet,0,call,0,,0,100,Live Poker PREFLOP BIBLE,2024-04-30,13:22,"SUPERSEDED by 2026 'OOP vs PASSIVE 3BET' (same coach, newer video wins).",no
OOP VS PASSIVE 3B,opener OOP,vs_3bet,3bettor IP,passive 3bettor,99,4bet,0,call,100,,0,0,Live Poker PREFLOP BIBLE,2024-04-30,13:22,"SUPERSEDED by 2026 'OOP vs PASSIVE 3BET' (same coach, newer video wins).",no
OOP VS PASSIVE 3B,opener OOP,vs_3bet,3bettor IP,passive 3bettor,98s,4bet,0,call,50,,0,50,Live Poker PREFLOP BIBLE,2024-04-30,13:22,"SUPERSEDED by 2026 'OOP vs PASSIVE 3BET' (same coach, newer video wins). SITUATIONAL (Mark 2024): a 'partial' - don't randomize; lean to the aggressive action with a bigger skill edge, deeper stacks, or a weaker/more predictable opponent.",yes
OOP VS PASSIVE 3B,opener OOP,vs_3bet,3bettor IP,passive 3bettor,97s,4bet,0,call,0,,0,100,Live Poker PREFLOP BIBLE,2024-04-30,13:22,"SUPERSEDED by 2026 'OOP vs PASSIVE 3BET' (same coach, newer video wins).",no
OOP VS PASSIVE 3B,opener OOP,vs_3bet,3bettor IP,passive 3bettor,96s,4bet,0,call,0,,0,100,Live Poker PREFLOP BIBLE,2024-04-30,13:22,"SUPERSEDED by 2026 'OOP vs PASSIVE 3BET' (same coach, newer video wins).",no
OOP VS PASSIVE 3B,opener OOP,vs_3bet,3bettor IP,passive 3bettor,95s,4bet,0,call,0,,0,100,Live Poker PREFLOP BIBLE,2024-04-30,13:22,"SUPERSEDED by 2026 'OOP vs PASSIVE 3BET' (same coach, newer video wins).",no
OOP VS PASSIVE 3B,opener OOP,vs_3bet,3bettor IP,passive 3bettor,94s,4bet,0,call,0,,0,100,Live Poker PREFLOP BIBLE,2024-04-30,13:22,"SUPERSEDED by 2026 'OOP vs PASSIVE 3BET' (same coach, newer video wins).",no
OOP VS PASSIVE 3B,opener OOP,vs_3bet,3bettor IP,passive 3bettor,93s,4bet,0,call,0,,0,100,Live Poker PREFLOP BIBLE,2024-04-30,13:22,"SUPERSEDED by 2026 'OOP vs PASSIVE 3BET' (same coach, newer video wins).",no
OOP VS PASSIVE 3B,opener OOP,vs_3bet,3bettor IP,passive 3bettor,92s,4bet,0,call,0,,0,100,Live Poker PREFLOP BIBLE,2024-04-30,13:22,"SUPERSEDED by 2026 'OOP vs PASSIVE 3BET' (same coach, newer video wins).",no
OOP VS PASSIVE 3B,opener OOP,vs_3bet,3bettor IP,passive 3bettor,A8o,4bet,0,call,0,,0,100,Live Poker PREFLOP BIBLE,2024-04-30,13:22,"SUPERSEDED by 2026 'OOP vs PASSIVE 3BET' (same coach, newer video wins).",no
OOP VS PASSIVE 3B,opener OOP,vs_3bet,3bettor IP,passive 3bettor,K8o,4bet,0,call,0,,0,100,Live Poker PREFLOP BIBLE,2024-04-30,13:22,"SUPERSEDED by 2026 'OOP vs PASSIVE 3BET' (same coach, newer video wins).",no
OOP VS PASSIVE 3B,opener OOP,vs_3bet,3bettor IP,passive 3bettor,Q8o,4bet,0,call,0,,0,100,Live Poker PREFLOP BIBLE,2024-04-30,13:22,"SUPERSEDED by 2026 'OOP vs PASSIVE 3BET' (same coach, newer video wins).",no
OOP VS PASSIVE 3B,opener OOP,vs_3bet,3bettor IP,passive 3bettor,J8o,4bet,0,call,0,,0,100,Live Poker PREFLOP BIBLE,2024-04-30,13:22,"SUPERSEDED by 2026 'OOP vs PASSIVE 3BET' (same coach, newer video wins).",no
OOP VS PASSIVE 3B,opener OOP,vs_3bet,3bettor IP,passive 3bettor,T8o,4bet,0,call,0,,0,100,Live Poker PREFLOP BIBLE,2024-04-30,13:22,"SUPERSEDED by 2026 'OOP vs PASSIVE 3BET' (same coach, newer video wins).",no
OOP VS PASSIVE 3B,opener OOP,vs_3bet,3bettor IP,passive 3bettor,98o,4bet,0,call,0,,0,100,Live Poker PREFLOP BIBLE,2024-04-30,13:22,"SUPERSEDED by 2026 'OOP vs PASSIVE 3BET' (same coach, newer video wins).",no
OOP VS PASSIVE 3B,opener OOP,vs_3bet,3bettor IP,passive 3bettor,88,4bet,0,call,100,,0,0,Live Poker PREFLOP BIBLE,2024-04-30,13:22,"SUPERSEDED by 2026 'OOP vs PASSIVE 3BET' (same coach, newer video wins).",no
OOP VS PASSIVE 3B,opener OOP,vs_3bet,3bettor IP,passive 3bettor,87s,4bet,0,call,50,,0,50,Live Poker PREFLOP BIBLE,2024-04-30,13:22,"SUPERSEDED by 2026 'OOP vs PASSIVE 3BET' (same coach, newer video wins). SITUATIONAL (Mark 2024): a 'partial' - don't randomize; lean to the aggressive action with a bigger skill edge, deeper stacks, or a weaker/more predictable opponent.",yes
OOP VS PASSIVE 3B,opener OOP,vs_3bet,3bettor IP,passive 3bettor,86s,4bet,0,call,0,,0,100,Live Poker PREFLOP BIBLE,2024-04-30,13:22,"SUPERSEDED by 2026 'OOP vs PASSIVE 3BET' (same coach, newer video wins).",no
OOP VS PASSIVE 3B,opener OOP,vs_3bet,3bettor IP,passive 3bettor,85s,4bet,0,call,0,,0,100,Live Poker PREFLOP BIBLE,2024-04-30,13:22,"SUPERSEDED by 2026 'OOP vs PASSIVE 3BET' (same coach, newer video wins).",no
OOP VS PASSIVE 3B,opener OOP,vs_3bet,3bettor IP,passive 3bettor,84s,4bet,0,call,0,,0,100,Live Poker PREFLOP BIBLE,2024-04-30,13:22,"SUPERSEDED by 2026 'OOP vs PASSIVE 3BET' (same coach, newer video wins).",no
OOP VS PASSIVE 3B,opener OOP,vs_3bet,3bettor IP,passive 3bettor,83s,4bet,0,call,0,,0,100,Live Poker PREFLOP BIBLE,2024-04-30,13:22,"SUPERSEDED by 2026 'OOP vs PASSIVE 3BET' (same coach, newer video wins).",no
OOP VS PASSIVE 3B,opener OOP,vs_3bet,3bettor IP,passive 3bettor,82s,4bet,0,call,0,,0,100,Live Poker PREFLOP BIBLE,2024-04-30,13:22,"SUPERSEDED by 2026 'OOP vs PASSIVE 3BET' (same coach, newer video wins).",no
OOP VS PASSIVE 3B,opener OOP,vs_3bet,3bettor IP,passive 3bettor,A7o,4bet,0,call,0,,0,100,Live Poker PREFLOP BIBLE,2024-04-30,13:22,"SUPERSEDED by 2026 'OOP vs PASSIVE 3BET' (same coach, newer video wins).",no
OOP VS PASSIVE 3B,opener OOP,vs_3bet,3bettor IP,passive 3bettor,K7o,4bet,0,call,0,,0,100,Live Poker PREFLOP BIBLE,2024-04-30,13:22,"SUPERSEDED by 2026 'OOP vs PASSIVE 3BET' (same coach, newer video wins).",no
OOP VS PASSIVE 3B,opener OOP,vs_3bet,3bettor IP,passive 3bettor,Q7o,4bet,0,call,0,,0,100,Live Poker PREFLOP BIBLE,2024-04-30,13:22,"SUPERSEDED by 2026 'OOP vs PASSIVE 3BET' (same coach, newer video wins).",no
OOP VS PASSIVE 3B,opener OOP,vs_3bet,3bettor IP,passive 3bettor,J7o,4bet,0,call,0,,0,100,Live Poker PREFLOP BIBLE,2024-04-30,13:22,"SUPERSEDED by 2026 'OOP vs PASSIVE 3BET' (same coach, newer video wins).",no
OOP VS PASSIVE 3B,opener OOP,vs_3bet,3bettor IP,passive 3bettor,T7o,4bet,0,call,0,,0,100,Live Poker PREFLOP BIBLE,2024-04-30,13:22,"SUPERSEDED by 2026 'OOP vs PASSIVE 3BET' (same coach, newer video wins).",no
OOP VS PASSIVE 3B,opener OOP,vs_3bet,3bettor IP,passive 3bettor,97o,4bet,0,call,0,,0,100,Live Poker PREFLOP BIBLE,2024-04-30,13:22,"SUPERSEDED by 2026 'OOP vs PASSIVE 3BET' (same coach, newer video wins).",no
OOP VS PASSIVE 3B,opener OOP,vs_3bet,3bettor IP,passive 3bettor,87o,4bet,0,call,0,,0,100,Live Poker PREFLOP BIBLE,2024-04-30,13:22,"SUPERSEDED by 2026 'OOP vs PASSIVE 3BET' (same coach, newer video wins).",no
OOP VS PASSIVE 3B,opener OOP,vs_3bet,3bettor IP,passive 3bettor,77,4bet,0,call,100,,0,0,Live Poker PREFLOP BIBLE,2024-04-30,13:22,"SUPERSEDED by 2026 'OOP vs PASSIVE 3BET' (same coach, newer video wins).",no
OOP VS PASSIVE 3B,opener OOP,vs_3bet,3bettor IP,passive 3bettor,76s,4bet,0,call,50,,0,50,Live Poker PREFLOP BIBLE,2024-04-30,13:22,"SUPERSEDED by 2026 'OOP vs PASSIVE 3BET' (same coach, newer video wins). SITUATIONAL (Mark 2024): a 'partial' - don't randomize; lean to the aggressive action with a bigger skill edge, deeper stacks, or a weaker/more predictable opponent.",yes
OOP VS PASSIVE 3B,opener OOP,vs_3bet,3bettor IP,passive 3bettor,75s,4bet,0,call,0,,0,100,Live Poker PREFLOP BIBLE,2024-04-30,13:22,"SUPERSEDED by 2026 'OOP vs PASSIVE 3BET' (same coach, newer video wins).",no
OOP VS PASSIVE 3B,opener OOP,vs_3bet,3bettor IP,passive 3bettor,74s,4bet,0,call,0,,0,100,Live Poker PREFLOP BIBLE,2024-04-30,13:22,"SUPERSEDED by 2026 'OOP vs PASSIVE 3BET' (same coach, newer video wins).",no
OOP VS PASSIVE 3B,opener OOP,vs_3bet,3bettor IP,passive 3bettor,73s,4bet,0,call,0,,0,100,Live Poker PREFLOP BIBLE,2024-04-30,13:22,"SUPERSEDED by 2026 'OOP vs PASSIVE 3BET' (same coach, newer video wins).",no
OOP VS PASSIVE 3B,opener OOP,vs_3bet,3bettor IP,passive 3bettor,72s,4bet,0,call,0,,0,100,Live Poker PREFLOP BIBLE,2024-04-30,13:22,"SUPERSEDED by 2026 'OOP vs PASSIVE 3BET' (same coach, newer video wins).",no
OOP VS PASSIVE 3B,opener OOP,vs_3bet,3bettor IP,passive 3bettor,A6o,4bet,0,call,0,,0,100,Live Poker PREFLOP BIBLE,2024-04-30,13:22,"SUPERSEDED by 2026 'OOP vs PASSIVE 3BET' (same coach, newer video wins).",no
OOP VS PASSIVE 3B,opener OOP,vs_3bet,3bettor IP,passive 3bettor,K6o,4bet,0,call,0,,0,100,Live Poker PREFLOP BIBLE,2024-04-30,13:22,"SUPERSEDED by 2026 'OOP vs PASSIVE 3BET' (same coach, newer video wins).",no
OOP VS PASSIVE 3B,opener OOP,vs_3bet,3bettor IP,passive 3bettor,Q6o,4bet,0,call,0,,0,100,Live Poker PREFLOP BIBLE,2024-04-30,13:22,"SUPERSEDED by 2026 'OOP vs PASSIVE 3BET' (same coach, newer video wins).",no
OOP VS PASSIVE 3B,opener OOP,vs_3bet,3bettor IP,passive 3bettor,J6o,4bet,0,call,0,,0,100,Live Poker PREFLOP BIBLE,2024-04-30,13:22,"SUPERSEDED by 2026 'OOP vs PASSIVE 3BET' (same coach, newer video wins).",no
OOP VS PASSIVE 3B,opener OOP,vs_3bet,3bettor IP,passive 3bettor,T6o,4bet,0,call,0,,0,100,Live Poker PREFLOP BIBLE,2024-04-30,13:22,"SUPERSEDED by 2026 'OOP vs PASSIVE 3BET' (same coach, newer video wins).",no
OOP VS PASSIVE 3B,opener OOP,vs_3bet,3bettor IP,passive 3bettor,96o,4bet,0,call,0,,0,100,Live Poker PREFLOP BIBLE,2024-04-30,13:22,"SUPERSEDED by 2026 'OOP vs PASSIVE 3BET' (same coach, newer video wins).",no
OOP VS PASSIVE 3B,opener OOP,vs_3bet,3bettor IP,passive 3bettor,86o,4bet,0,call,0,,0,100,Live Poker PREFLOP BIBLE,2024-04-30,13:22,"SUPERSEDED by 2026 'OOP vs PASSIVE 3BET' (same coach, newer video wins).",no
OOP VS PASSIVE 3B,opener OOP,vs_3bet,3bettor IP,passive 3bettor,76o,4bet,0,call,0,,0,100,Live Poker PREFLOP BIBLE,2024-04-30,13:22,"SUPERSEDED by 2026 'OOP vs PASSIVE 3BET' (same coach, newer video wins).",no
OOP VS PASSIVE 3B,opener OOP,vs_3bet,3bettor IP,passive 3bettor,66,4bet,0,call,100,,0,0,Live Poker PREFLOP BIBLE,2024-04-30,13:22,"SUPERSEDED by 2026 'OOP vs PASSIVE 3BET' (same coach, newer video wins).",no
OOP VS PASSIVE 3B,opener OOP,vs_3bet,3bettor IP,passive 3bettor,65s,4bet,0,call,50,,0,50,Live Poker PREFLOP BIBLE,2024-04-30,13:22,"SUPERSEDED by 2026 'OOP vs PASSIVE 3BET' (same coach, newer video wins). SITUATIONAL (Mark 2024): a 'partial' - don't randomize; lean to the aggressive action with a bigger skill edge, deeper stacks, or a weaker/more predictable opponent.",yes
OOP VS PASSIVE 3B,opener OOP,vs_3bet,3bettor IP,passive 3bettor,64s,4bet,0,call,0,,0,100,Live Poker PREFLOP BIBLE,2024-04-30,13:22,"SUPERSEDED by 2026 'OOP vs PASSIVE 3BET' (same coach, newer video wins).",no
OOP VS PASSIVE 3B,opener OOP,vs_3bet,3bettor IP,passive 3bettor,63s,4bet,0,call,0,,0,100,Live Poker PREFLOP BIBLE,2024-04-30,13:22,"SUPERSEDED by 2026 'OOP vs PASSIVE 3BET' (same coach, newer video wins).",no
OOP VS PASSIVE 3B,opener OOP,vs_3bet,3bettor IP,passive 3bettor,62s,4bet,0,call,0,,0,100,Live Poker PREFLOP BIBLE,2024-04-30,13:22,"SUPERSEDED by 2026 'OOP vs PASSIVE 3BET' (same coach, newer video wins).",no
OOP VS PASSIVE 3B,opener OOP,vs_3bet,3bettor IP,passive 3bettor,A5o,4bet,0,call,0,,0,100,Live Poker PREFLOP BIBLE,2024-04-30,13:22,"SUPERSEDED by 2026 'OOP vs PASSIVE 3BET' (same coach, newer video wins).",no
OOP VS PASSIVE 3B,opener OOP,vs_3bet,3bettor IP,passive 3bettor,K5o,4bet,0,call,0,,0,100,Live Poker PREFLOP BIBLE,2024-04-30,13:22,"SUPERSEDED by 2026 'OOP vs PASSIVE 3BET' (same coach, newer video wins).",no
OOP VS PASSIVE 3B,opener OOP,vs_3bet,3bettor IP,passive 3bettor,Q5o,4bet,0,call,0,,0,100,Live Poker PREFLOP BIBLE,2024-04-30,13:22,"SUPERSEDED by 2026 'OOP vs PASSIVE 3BET' (same coach, newer video wins).",no
OOP VS PASSIVE 3B,opener OOP,vs_3bet,3bettor IP,passive 3bettor,J5o,4bet,0,call,0,,0,100,Live Poker PREFLOP BIBLE,2024-04-30,13:22,"SUPERSEDED by 2026 'OOP vs PASSIVE 3BET' (same coach, newer video wins).",no
OOP VS PASSIVE 3B,opener OOP,vs_3bet,3bettor IP,passive 3bettor,T5o,4bet,0,call,0,,0,100,Live Poker PREFLOP BIBLE,2024-04-30,13:22,"SUPERSEDED by 2026 'OOP vs PASSIVE 3BET' (same coach, newer video wins).",no
OOP VS PASSIVE 3B,opener OOP,vs_3bet,3bettor IP,passive 3bettor,95o,4bet,0,call,0,,0,100,Live Poker PREFLOP BIBLE,2024-04-30,13:22,"SUPERSEDED by 2026 'OOP vs PASSIVE 3BET' (same coach, newer video wins).",no
OOP VS PASSIVE 3B,opener OOP,vs_3bet,3bettor IP,passive 3bettor,85o,4bet,0,call,0,,0,100,Live Poker PREFLOP BIBLE,2024-04-30,13:22,"SUPERSEDED by 2026 'OOP vs PASSIVE 3BET' (same coach, newer video wins).",no
OOP VS PASSIVE 3B,opener OOP,vs_3bet,3bettor IP,passive 3bettor,75o,4bet,0,call,0,,0,100,Live Poker PREFLOP BIBLE,2024-04-30,13:22,"SUPERSEDED by 2026 'OOP vs PASSIVE 3BET' (same coach, newer video wins).",no
OOP VS PASSIVE 3B,opener OOP,vs_3bet,3bettor IP,passive 3bettor,65o,4bet,0,call,0,,0,100,Live Poker PREFLOP BIBLE,2024-04-30,13:22,"SUPERSEDED by 2026 'OOP vs PASSIVE 3BET' (same coach, newer video wins).",no
OOP VS PASSIVE 3B,opener OOP,vs_3bet,3bettor IP,passive 3bettor,55,4bet,0,call,100,,0,0,Live Poker PREFLOP BIBLE,2024-04-30,13:22,"SUPERSEDED by 2026 'OOP vs PASSIVE 3BET' (same coach, newer video wins).",no
OOP VS PASSIVE 3B,opener OOP,vs_3bet,3bettor IP,passive 3bettor,54s,4bet,0,call,100,,0,0,Live Poker PREFLOP BIBLE,2024-04-30,13:22,"SUPERSEDED by 2026 'OOP vs PASSIVE 3BET' (same coach, newer video wins).",no
OOP VS PASSIVE 3B,opener OOP,vs_3bet,3bettor IP,passive 3bettor,53s,4bet,0,call,0,,0,100,Live Poker PREFLOP BIBLE,2024-04-30,13:22,"SUPERSEDED by 2026 'OOP vs PASSIVE 3BET' (same coach, newer video wins).",no
OOP VS PASSIVE 3B,opener OOP,vs_3bet,3bettor IP,passive 3bettor,52s,4bet,0,call,0,,0,100,Live Poker PREFLOP BIBLE,2024-04-30,13:22,"SUPERSEDED by 2026 'OOP vs PASSIVE 3BET' (same coach, newer video wins).",no
OOP VS PASSIVE 3B,opener OOP,vs_3bet,3bettor IP,passive 3bettor,A4o,4bet,0,call,0,,0,100,Live Poker PREFLOP BIBLE,2024-04-30,13:22,"SUPERSEDED by 2026 'OOP vs PASSIVE 3BET' (same coach, newer video wins).",no
OOP VS PASSIVE 3B,opener OOP,vs_3bet,3bettor IP,passive 3bettor,K4o,4bet,0,call,0,,0,100,Live Poker PREFLOP BIBLE,2024-04-30,13:22,"SUPERSEDED by 2026 'OOP vs PASSIVE 3BET' (same coach, newer video wins).",no
OOP VS PASSIVE 3B,opener OOP,vs_3bet,3bettor IP,passive 3bettor,Q4o,4bet,0,call,0,,0,100,Live Poker PREFLOP BIBLE,2024-04-30,13:22,"SUPERSEDED by 2026 'OOP vs PASSIVE 3BET' (same coach, newer video wins).",no
OOP VS PASSIVE 3B,opener OOP,vs_3bet,3bettor IP,passive 3bettor,J4o,4bet,0,call,0,,0,100,Live Poker PREFLOP BIBLE,2024-04-30,13:22,"SUPERSEDED by 2026 'OOP vs PASSIVE 3BET' (same coach, newer video wins).",no
OOP VS PASSIVE 3B,opener OOP,vs_3bet,3bettor IP,passive 3bettor,T4o,4bet,0,call,0,,0,100,Live Poker PREFLOP BIBLE,2024-04-30,13:22,"SUPERSEDED by 2026 'OOP vs PASSIVE 3BET' (same coach, newer video wins).",no
OOP VS PASSIVE 3B,opener OOP,vs_3bet,3bettor IP,passive 3bettor,94o,4bet,0,call,0,,0,100,Live Poker PREFLOP BIBLE,2024-04-30,13:22,"SUPERSEDED by 2026 'OOP vs PASSIVE 3BET' (same coach, newer video wins).",no
OOP VS PASSIVE 3B,opener OOP,vs_3bet,3bettor IP,passive 3bettor,84o,4bet,0,call,0,,0,100,Live Poker PREFLOP BIBLE,2024-04-30,13:22,"SUPERSEDED by 2026 'OOP vs PASSIVE 3BET' (same coach, newer video wins).",no
OOP VS PASSIVE 3B,opener OOP,vs_3bet,3bettor IP,passive 3bettor,74o,4bet,0,call,0,,0,100,Live Poker PREFLOP BIBLE,2024-04-30,13:22,"SUPERSEDED by 2026 'OOP vs PASSIVE 3BET' (same coach, newer video wins).",no
OOP VS PASSIVE 3B,opener OOP,vs_3bet,3bettor IP,passive 3bettor,64o,4bet,0,call,0,,0,100,Live Poker PREFLOP BIBLE,2024-04-30,13:22,"SUPERSEDED by 2026 'OOP vs PASSIVE 3BET' (same coach, newer video wins).",no
OOP VS PASSIVE 3B,opener OOP,vs_3bet,3bettor IP,passive 3bettor,54o,4bet,0,call,0,,0,100,Live Poker PREFLOP BIBLE,2024-04-30,13:22,"SUPERSEDED by 2026 'OOP vs PASSIVE 3BET' (same coach, newer video wins).",no
OOP VS PASSIVE 3B,opener OOP,vs_3bet,3bettor IP,passive 3bettor,44,4bet,0,call,100,,0,0,Live Poker PREFLOP BIBLE,2024-04-30,13:22,"SUPERSEDED by 2026 'OOP vs PASSIVE 3BET' (same coach, newer video wins).",no
OOP VS PASSIVE 3B,opener OOP,vs_3bet,3bettor IP,passive 3bettor,43s,4bet,0,call,100,,0,0,Live Poker PREFLOP BIBLE,2024-04-30,13:22,"SUPERSEDED by 2026 'OOP vs PASSIVE 3BET' (same coach, newer video wins).",no
OOP VS PASSIVE 3B,opener OOP,vs_3bet,3bettor IP,passive 3bettor,42s,4bet,0,call,0,,0,100,Live Poker PREFLOP BIBLE,2024-04-30,13:22,"SUPERSEDED by 2026 'OOP vs PASSIVE 3BET' (same coach, newer video wins).",no
OOP VS PASSIVE 3B,opener OOP,vs_3bet,3bettor IP,passive 3bettor,A3o,4bet,0,call,0,,0,100,Live Poker PREFLOP BIBLE,2024-04-30,13:22,"SUPERSEDED by 2026 'OOP vs PASSIVE 3BET' (same coach, newer video wins).",no
OOP VS PASSIVE 3B,opener OOP,vs_3bet,3bettor IP,passive 3bettor,K3o,4bet,0,call,0,,0,100,Live Poker PREFLOP BIBLE,2024-04-30,13:22,"SUPERSEDED by 2026 'OOP vs PASSIVE 3BET' (same coach, newer video wins).",no
OOP VS PASSIVE 3B,opener OOP,vs_3bet,3bettor IP,passive 3bettor,Q3o,4bet,0,call,0,,0,100,Live Poker PREFLOP BIBLE,2024-04-30,13:22,"SUPERSEDED by 2026 'OOP vs PASSIVE 3BET' (same coach, newer video wins).",no
OOP VS PASSIVE 3B,opener OOP,vs_3bet,3bettor IP,passive 3bettor,J3o,4bet,0,call,0,,0,100,Live Poker PREFLOP BIBLE,2024-04-30,13:22,"SUPERSEDED by 2026 'OOP vs PASSIVE 3BET' (same coach, newer video wins).",no
OOP VS PASSIVE 3B,opener OOP,vs_3bet,3bettor IP,passive 3bettor,T3o,4bet,0,call,0,,0,100,Live Poker PREFLOP BIBLE,2024-04-30,13:22,"SUPERSEDED by 2026 'OOP vs PASSIVE 3BET' (same coach, newer video wins).",no
OOP VS PASSIVE 3B,opener OOP,vs_3bet,3bettor IP,passive 3bettor,93o,4bet,0,call,0,,0,100,Live Poker PREFLOP BIBLE,2024-04-30,13:22,"SUPERSEDED by 2026 'OOP vs PASSIVE 3BET' (same coach, newer video wins).",no
OOP VS PASSIVE 3B,opener OOP,vs_3bet,3bettor IP,passive 3bettor,83o,4bet,0,call,0,,0,100,Live Poker PREFLOP BIBLE,2024-04-30,13:22,"SUPERSEDED by 2026 'OOP vs PASSIVE 3BET' (same coach, newer video wins).",no
OOP VS PASSIVE 3B,opener OOP,vs_3bet,3bettor IP,passive 3bettor,73o,4bet,0,call,0,,0,100,Live Poker PREFLOP BIBLE,2024-04-30,13:22,"SUPERSEDED by 2026 'OOP vs PASSIVE 3BET' (same coach, newer video wins).",no
OOP VS PASSIVE 3B,opener OOP,vs_3bet,3bettor IP,passive 3bettor,63o,4bet,0,call,0,,0,100,Live Poker PREFLOP BIBLE,2024-04-30,13:22,"SUPERSEDED by 2026 'OOP vs PASSIVE 3BET' (same coach, newer video wins).",no
OOP VS PASSIVE 3B,opener OOP,vs_3bet,3bettor IP,passive 3bettor,53o,4bet,0,call,0,,0,100,Live Poker PREFLOP BIBLE,2024-04-30,13:22,"SUPERSEDED by 2026 'OOP vs PASSIVE 3BET' (same coach, newer video wins).",no
OOP VS PASSIVE 3B,opener OOP,vs_3bet,3bettor IP,passive 3bettor,43o,4bet,0,call,0,,0,100,Live Poker PREFLOP BIBLE,2024-04-30,13:22,"SUPERSEDED by 2026 'OOP vs PASSIVE 3BET' (same coach, newer video wins).",no
OOP VS PASSIVE 3B,opener OOP,vs_3bet,3bettor IP,passive 3bettor,33,4bet,0,call,100,,0,0,Live Poker PREFLOP BIBLE,2024-04-30,13:22,"SUPERSEDED by 2026 'OOP vs PASSIVE 3BET' (same coach, newer video wins).",no
OOP VS PASSIVE 3B,opener OOP,vs_3bet,3bettor IP,passive 3bettor,32s,4bet,0,call,0,,0,100,Live Poker PREFLOP BIBLE,2024-04-30,13:22,"SUPERSEDED by 2026 'OOP vs PASSIVE 3BET' (same coach, newer video wins).",no
OOP VS PASSIVE 3B,opener OOP,vs_3bet,3bettor IP,passive 3bettor,A2o,4bet,0,call,0,,0,100,Live Poker PREFLOP BIBLE,2024-04-30,13:22,"SUPERSEDED by 2026 'OOP vs PASSIVE 3BET' (same coach, newer video wins).",no
OOP VS PASSIVE 3B,opener OOP,vs_3bet,3bettor IP,passive 3bettor,K2o,4bet,0,call,0,,0,100,Live Poker PREFLOP BIBLE,2024-04-30,13:22,"SUPERSEDED by 2026 'OOP vs PASSIVE 3BET' (same coach, newer video wins).",no
OOP VS PASSIVE 3B,opener OOP,vs_3bet,3bettor IP,passive 3bettor,Q2o,4bet,0,call,0,,0,100,Live Poker PREFLOP BIBLE,2024-04-30,13:22,"SUPERSEDED by 2026 'OOP vs PASSIVE 3BET' (same coach, newer video wins).",no
OOP VS PASSIVE 3B,opener OOP,vs_3bet,3bettor IP,passive 3bettor,J2o,4bet,0,call,0,,0,100,Live Poker PREFLOP BIBLE,2024-04-30,13:22,"SUPERSEDED by 2026 'OOP vs PASSIVE 3BET' (same coach, newer video wins).",no
OOP VS PASSIVE 3B,opener OOP,vs_3bet,3bettor IP,passive 3bettor,T2o,4bet,0,call,0,,0,100,Live Poker PREFLOP BIBLE,2024-04-30,13:22,"SUPERSEDED by 2026 'OOP vs PASSIVE 3BET' (same coach, newer video wins).",no
OOP VS PASSIVE 3B,opener OOP,vs_3bet,3bettor IP,passive 3bettor,92o,4bet,0,call,0,,0,100,Live Poker PREFLOP BIBLE,2024-04-30,13:22,"SUPERSEDED by 2026 'OOP vs PASSIVE 3BET' (same coach, newer video wins).",no
OOP VS PASSIVE 3B,opener OOP,vs_3bet,3bettor IP,passive 3bettor,82o,4bet,0,call,0,,0,100,Live Poker PREFLOP BIBLE,2024-04-30,13:22,"SUPERSEDED by 2026 'OOP vs PASSIVE 3BET' (same coach, newer video wins).",no
OOP VS PASSIVE 3B,opener OOP,vs_3bet,3bettor IP,passive 3bettor,72o,4bet,0,call,0,,0,100,Live Poker PREFLOP BIBLE,2024-04-30,13:22,"SUPERSEDED by 2026 'OOP vs PASSIVE 3BET' (same coach, newer video wins).",no
OOP VS PASSIVE 3B,opener OOP,vs_3bet,3bettor IP,passive 3bettor,62o,4bet,0,call,0,,0,100,Live Poker PREFLOP BIBLE,2024-04-30,13:22,"SUPERSEDED by 2026 'OOP vs PASSIVE 3BET' (same coach, newer video wins).",no
OOP VS PASSIVE 3B,opener OOP,vs_3bet,3bettor IP,passive 3bettor,52o,4bet,0,call,0,,0,100,Live Poker PREFLOP BIBLE,2024-04-30,13:22,"SUPERSEDED by 2026 'OOP vs PASSIVE 3BET' (same coach, newer video wins).",no
OOP VS PASSIVE 3B,opener OOP,vs_3bet,3bettor IP,passive 3bettor,42o,4bet,0,call,0,,0,100,Live Poker PREFLOP BIBLE,2024-04-30,13:22,"SUPERSEDED by 2026 'OOP vs PASSIVE 3BET' (same coach, newer video wins).",no
OOP VS PASSIVE 3B,opener OOP,vs_3bet,3bettor IP,passive 3bettor,32o,4bet,0,call,0,,0,100,Live Poker PREFLOP BIBLE,2024-04-30,13:22,"SUPERSEDED by 2026 'OOP vs PASSIVE 3BET' (same coach, newer video wins).",no
OOP VS PASSIVE 3B,opener OOP,vs_3bet,3bettor IP,passive 3bettor,22,4bet,0,call,100,,0,0,Live Poker PREFLOP BIBLE,2024-04-30,13:22,"SUPERSEDED by 2026 'OOP vs PASSIVE 3BET' (same coach, newer video wins).",no
OOP VS AGGRO 3B,opener OOP,vs_3bet,3bettor IP,aggressive 3bettor,AA,4bet,100,call,0,,0,0,Live Poker PREFLOP BIBLE,2024-04-30,14:42,"SUPERSEDED by 2026 'OOP vs AGGRO 3BET' (same coach, newer video wins).",no
OOP VS AGGRO 3B,opener OOP,vs_3bet,3bettor IP,aggressive 3bettor,AKs,4bet,100,call,0,,0,0,Live Poker PREFLOP BIBLE,2024-04-30,14:42,"SUPERSEDED by 2026 'OOP vs AGGRO 3BET' (same coach, newer video wins).",no
OOP VS AGGRO 3B,opener OOP,vs_3bet,3bettor IP,aggressive 3bettor,AQs,4bet,50,call,50,,0,0,Live Poker PREFLOP BIBLE,2024-04-30,14:42,"SUPERSEDED by 2026 'OOP vs AGGRO 3BET' (same coach, newer video wins). SITUATIONAL (Mark 2024): a 'partial' - don't randomize; lean to the aggressive action with a bigger skill edge, deeper stacks, or a weaker/more predictable opponent.",yes
OOP VS AGGRO 3B,opener OOP,vs_3bet,3bettor IP,aggressive 3bettor,AJs,4bet,50,call,50,,0,0,Live Poker PREFLOP BIBLE,2024-04-30,14:42,"SUPERSEDED by 2026 'OOP vs AGGRO 3BET' (same coach, newer video wins). SITUATIONAL (Mark 2024): a 'partial' - don't randomize; lean to the aggressive action with a bigger skill edge, deeper stacks, or a weaker/more predictable opponent.",yes
OOP VS AGGRO 3B,opener OOP,vs_3bet,3bettor IP,aggressive 3bettor,ATs,4bet,50,call,50,,0,0,Live Poker PREFLOP BIBLE,2024-04-30,14:42,"SUPERSEDED by 2026 'OOP vs AGGRO 3BET' (same coach, newer video wins). SITUATIONAL (Mark 2024): a 'partial' - don't randomize; lean to the aggressive action with a bigger skill edge, deeper stacks, or a weaker/more predictable opponent.",yes
OOP VS AGGRO 3B,opener OOP,vs_3bet,3bettor IP,aggressive 3bettor,A9s,4bet,50,call,50,,0,0,Live Poker PREFLOP BIBLE,2024-04-30,14:42,"SUPERSEDED by 2026 'OOP vs AGGRO 3BET' (same coach, newer video wins). SITUATIONAL (Mark 2024): a 'partial' - don't randomize; lean to the aggressive action with a bigger skill edge, deeper stacks, or a weaker/more predictable opponent.",yes
OOP VS AGGRO 3B,opener OOP,vs_3bet,3bettor IP,aggressive 3bettor,A8s,4bet,0,call,0,,0,100,Live Poker PREFLOP BIBLE,2024-04-30,14:42,"SUPERSEDED by 2026 'OOP vs AGGRO 3BET' (same coach, newer video wins).",no
OOP VS AGGRO 3B,opener OOP,vs_3bet,3bettor IP,aggressive 3bettor,A7s,4bet,0,call,0,,0,100,Live Poker PREFLOP BIBLE,2024-04-30,14:42,"SUPERSEDED by 2026 'OOP vs AGGRO 3BET' (same coach, newer video wins).",no
OOP VS AGGRO 3B,opener OOP,vs_3bet,3bettor IP,aggressive 3bettor,A6s,4bet,0,call,0,,0,100,Live Poker PREFLOP BIBLE,2024-04-30,14:42,"SUPERSEDED by 2026 'OOP vs AGGRO 3BET' (same coach, newer video wins).",no
OOP VS AGGRO 3B,opener OOP,vs_3bet,3bettor IP,aggressive 3bettor,A5s,4bet,50,call,50,,0,0,Live Poker PREFLOP BIBLE,2024-04-30,14:42,"SUPERSEDED by 2026 'OOP vs AGGRO 3BET' (same coach, newer video wins). SITUATIONAL (Mark 2024): a 'partial' - don't randomize; lean to the aggressive action with a bigger skill edge, deeper stacks, or a weaker/more predictable opponent.",yes
OOP VS AGGRO 3B,opener OOP,vs_3bet,3bettor IP,aggressive 3bettor,A4s,4bet,0,call,0,,0,100,Live Poker PREFLOP BIBLE,2024-04-30,14:42,"SUPERSEDED by 2026 'OOP vs AGGRO 3BET' (same coach, newer video wins).",no
OOP VS AGGRO 3B,opener OOP,vs_3bet,3bettor IP,aggressive 3bettor,A3s,4bet,0,call,0,,0,100,Live Poker PREFLOP BIBLE,2024-04-30,14:42,"SUPERSEDED by 2026 'OOP vs AGGRO 3BET' (same coach, newer video wins).",no
OOP VS AGGRO 3B,opener OOP,vs_3bet,3bettor IP,aggressive 3bettor,A2s,4bet,0,call,0,,0,100,Live Poker PREFLOP BIBLE,2024-04-30,14:42,"SUPERSEDED by 2026 'OOP vs AGGRO 3BET' (same coach, newer video wins).",no
OOP VS AGGRO 3B,opener OOP,vs_3bet,3bettor IP,aggressive 3bettor,AKo,4bet,50,call,50,,0,0,Live Poker PREFLOP BIBLE,2024-04-30,14:42,"SUPERSEDED by 2026 'OOP vs AGGRO 3BET' (same coach, newer video wins). SITUATIONAL (Mark 2024): a 'partial' - don't randomize; lean to the aggressive action with a bigger skill edge, deeper stacks, or a weaker/more predictable opponent.",yes
OOP VS AGGRO 3B,opener OOP,vs_3bet,3bettor IP,aggressive 3bettor,KK,4bet,100,call,0,,0,0,Live Poker PREFLOP BIBLE,2024-04-30,14:42,"SUPERSEDED by 2026 'OOP vs AGGRO 3BET' (same coach, newer video wins).",no
OOP VS AGGRO 3B,opener OOP,vs_3bet,3bettor IP,aggressive 3bettor,KQs,4bet,50,call,50,,0,0,Live Poker PREFLOP BIBLE,2024-04-30,14:42,"SUPERSEDED by 2026 'OOP vs AGGRO 3BET' (same coach, newer video wins). SITUATIONAL (Mark 2024): a 'partial' - don't randomize; lean to the aggressive action with a bigger skill edge, deeper stacks, or a weaker/more predictable opponent.",yes
OOP VS AGGRO 3B,opener OOP,vs_3bet,3bettor IP,aggressive 3bettor,KJs,4bet,50,call,50,,0,0,Live Poker PREFLOP BIBLE,2024-04-30,14:42,"SUPERSEDED by 2026 'OOP vs AGGRO 3BET' (same coach, newer video wins). SITUATIONAL (Mark 2024): a 'partial' - don't randomize; lean to the aggressive action with a bigger skill edge, deeper stacks, or a weaker/more predictable opponent.",yes
OOP VS AGGRO 3B,opener OOP,vs_3bet,3bettor IP,aggressive 3bettor,KTs,4bet,50,call,50,,0,0,Live Poker PREFLOP BIBLE,2024-04-30,14:42,"SUPERSEDED by 2026 'OOP vs AGGRO 3BET' (same coach, newer video wins). SITUATIONAL (Mark 2024): a 'partial' - don't randomize; lean to the aggressive action with a bigger skill edge, deeper stacks, or a weaker/more predictable opponent.",yes
OOP VS AGGRO 3B,opener OOP,vs_3bet,3bettor IP,aggressive 3bettor,K9s,4bet,0,call,0,,0,100,Live Poker PREFLOP BIBLE,2024-04-30,14:42,"SUPERSEDED by 2026 'OOP vs AGGRO 3BET' (same coach, newer video wins).",no
OOP VS AGGRO 3B,opener OOP,vs_3bet,3bettor IP,aggressive 3bettor,K8s,4bet,0,call,0,,0,100,Live Poker PREFLOP BIBLE,2024-04-30,14:42,"SUPERSEDED by 2026 'OOP vs AGGRO 3BET' (same coach, newer video wins).",no
OOP VS AGGRO 3B,opener OOP,vs_3bet,3bettor IP,aggressive 3bettor,K7s,4bet,0,call,0,,0,100,Live Poker PREFLOP BIBLE,2024-04-30,14:42,"SUPERSEDED by 2026 'OOP vs AGGRO 3BET' (same coach, newer video wins).",no
OOP VS AGGRO 3B,opener OOP,vs_3bet,3bettor IP,aggressive 3bettor,K6s,4bet,0,call,0,,0,100,Live Poker PREFLOP BIBLE,2024-04-30,14:42,"SUPERSEDED by 2026 'OOP vs AGGRO 3BET' (same coach, newer video wins).",no
OOP VS AGGRO 3B,opener OOP,vs_3bet,3bettor IP,aggressive 3bettor,K5s,4bet,0,call,0,,0,100,Live Poker PREFLOP BIBLE,2024-04-30,14:42,"SUPERSEDED by 2026 'OOP vs AGGRO 3BET' (same coach, newer video wins).",no
OOP VS AGGRO 3B,opener OOP,vs_3bet,3bettor IP,aggressive 3bettor,K4s,4bet,0,call,0,,0,100,Live Poker PREFLOP BIBLE,2024-04-30,14:42,"SUPERSEDED by 2026 'OOP vs AGGRO 3BET' (same coach, newer video wins).",no
OOP VS AGGRO 3B,opener OOP,vs_3bet,3bettor IP,aggressive 3bettor,K3s,4bet,0,call,0,,0,100,Live Poker PREFLOP BIBLE,2024-04-30,14:42,"SUPERSEDED by 2026 'OOP vs AGGRO 3BET' (same coach, newer video wins).",no
OOP VS AGGRO 3B,opener OOP,vs_3bet,3bettor IP,aggressive 3bettor,K2s,4bet,0,call,0,,0,100,Live Poker PREFLOP BIBLE,2024-04-30,14:42,"SUPERSEDED by 2026 'OOP vs AGGRO 3BET' (same coach, newer video wins).",no
OOP VS AGGRO 3B,opener OOP,vs_3bet,3bettor IP,aggressive 3bettor,AQo,4bet,50,call,50,,0,0,Live Poker PREFLOP BIBLE,2024-04-30,14:42,"SUPERSEDED by 2026 'OOP vs AGGRO 3BET' (same coach, newer video wins). SITUATIONAL (Mark 2024): a 'partial' - don't randomize; lean to the aggressive action with a bigger skill edge, deeper stacks, or a weaker/more predictable opponent.",yes
OOP VS AGGRO 3B,opener OOP,vs_3bet,3bettor IP,aggressive 3bettor,KQo,4bet,50,call,50,,0,0,Live Poker PREFLOP BIBLE,2024-04-30,14:42,"SUPERSEDED by 2026 'OOP vs AGGRO 3BET' (same coach, newer video wins). SITUATIONAL (Mark 2024): a 'partial' - don't randomize; lean to the aggressive action with a bigger skill edge, deeper stacks, or a weaker/more predictable opponent.",yes
OOP VS AGGRO 3B,opener OOP,vs_3bet,3bettor IP,aggressive 3bettor,QQ,4bet,100,call,0,,0,0,Live Poker PREFLOP BIBLE,2024-04-30,14:42,"SUPERSEDED by 2026 'OOP vs AGGRO 3BET' (same coach, newer video wins).",no
OOP VS AGGRO 3B,opener OOP,vs_3bet,3bettor IP,aggressive 3bettor,QJs,4bet,50,call,50,,0,0,Live Poker PREFLOP BIBLE,2024-04-30,14:42,"SUPERSEDED by 2026 'OOP vs AGGRO 3BET' (same coach, newer video wins). SITUATIONAL (Mark 2024): a 'partial' - don't randomize; lean to the aggressive action with a bigger skill edge, deeper stacks, or a weaker/more predictable opponent.",yes
OOP VS AGGRO 3B,opener OOP,vs_3bet,3bettor IP,aggressive 3bettor,QTs,4bet,50,call,50,,0,0,Live Poker PREFLOP BIBLE,2024-04-30,14:42,"SUPERSEDED by 2026 'OOP vs AGGRO 3BET' (same coach, newer video wins). SITUATIONAL (Mark 2024): a 'partial' - don't randomize; lean to the aggressive action with a bigger skill edge, deeper stacks, or a weaker/more predictable opponent.",yes
OOP VS AGGRO 3B,opener OOP,vs_3bet,3bettor IP,aggressive 3bettor,Q9s,4bet,0,call,50,,0,50,Live Poker PREFLOP BIBLE,2024-04-30,14:42,"SUPERSEDED by 2026 'OOP vs AGGRO 3BET' (same coach, newer video wins). SITUATIONAL (Mark 2024): a 'partial' - don't randomize; lean to the aggressive action with a bigger skill edge, deeper stacks, or a weaker/more predictable opponent.",yes
OOP VS AGGRO 3B,opener OOP,vs_3bet,3bettor IP,aggressive 3bettor,Q8s,4bet,0,call,0,,0,100,Live Poker PREFLOP BIBLE,2024-04-30,14:42,"SUPERSEDED by 2026 'OOP vs AGGRO 3BET' (same coach, newer video wins).",no
OOP VS AGGRO 3B,opener OOP,vs_3bet,3bettor IP,aggressive 3bettor,Q7s,4bet,0,call,0,,0,100,Live Poker PREFLOP BIBLE,2024-04-30,14:42,"SUPERSEDED by 2026 'OOP vs AGGRO 3BET' (same coach, newer video wins).",no
OOP VS AGGRO 3B,opener OOP,vs_3bet,3bettor IP,aggressive 3bettor,Q6s,4bet,0,call,0,,0,100,Live Poker PREFLOP BIBLE,2024-04-30,14:42,"SUPERSEDED by 2026 'OOP vs AGGRO 3BET' (same coach, newer video wins).",no
OOP VS AGGRO 3B,opener OOP,vs_3bet,3bettor IP,aggressive 3bettor,Q5s,4bet,0,call,0,,0,100,Live Poker PREFLOP BIBLE,2024-04-30,14:42,"SUPERSEDED by 2026 'OOP vs AGGRO 3BET' (same coach, newer video wins).",no
OOP VS AGGRO 3B,opener OOP,vs_3bet,3bettor IP,aggressive 3bettor,Q4s,4bet,0,call,0,,0,100,Live Poker PREFLOP BIBLE,2024-04-30,14:42,"SUPERSEDED by 2026 'OOP vs AGGRO 3BET' (same coach, newer video wins).",no
OOP VS AGGRO 3B,opener OOP,vs_3bet,3bettor IP,aggressive 3bettor,Q3s,4bet,0,call,0,,0,100,Live Poker PREFLOP BIBLE,2024-04-30,14:42,"SUPERSEDED by 2026 'OOP vs AGGRO 3BET' (same coach, newer video wins).",no
OOP VS AGGRO 3B,opener OOP,vs_3bet,3bettor IP,aggressive 3bettor,Q2s,4bet,0,call,0,,0,100,Live Poker PREFLOP BIBLE,2024-04-30,14:42,"SUPERSEDED by 2026 'OOP vs AGGRO 3BET' (same coach, newer video wins).",no
OOP VS AGGRO 3B,opener OOP,vs_3bet,3bettor IP,aggressive 3bettor,AJo,4bet,0,call,0,,0,100,Live Poker PREFLOP BIBLE,2024-04-30,14:42,"SUPERSEDED by 2026 'OOP vs AGGRO 3BET' (same coach, newer video wins).",no
OOP VS AGGRO 3B,opener OOP,vs_3bet,3bettor IP,aggressive 3bettor,KJo,4bet,0,call,0,,0,100,Live Poker PREFLOP BIBLE,2024-04-30,14:42,"SUPERSEDED by 2026 'OOP vs AGGRO 3BET' (same coach, newer video wins).",no
OOP VS AGGRO 3B,opener OOP,vs_3bet,3bettor IP,aggressive 3bettor,QJo,4bet,0,call,0,,0,100,Live Poker PREFLOP BIBLE,2024-04-30,14:42,"SUPERSEDED by 2026 'OOP vs AGGRO 3BET' (same coach, newer video wins).",no
OOP VS AGGRO 3B,opener OOP,vs_3bet,3bettor IP,aggressive 3bettor,JJ,4bet,50,call,50,,0,0,Live Poker PREFLOP BIBLE,2024-04-30,14:42,"SUPERSEDED by 2026 'OOP vs AGGRO 3BET' (same coach, newer video wins). SITUATIONAL (Mark 2024): a 'partial' - don't randomize; lean to the aggressive action with a bigger skill edge, deeper stacks, or a weaker/more predictable opponent.",yes
OOP VS AGGRO 3B,opener OOP,vs_3bet,3bettor IP,aggressive 3bettor,JTs,4bet,50,call,50,,0,0,Live Poker PREFLOP BIBLE,2024-04-30,14:42,"SUPERSEDED by 2026 'OOP vs AGGRO 3BET' (same coach, newer video wins). SITUATIONAL (Mark 2024): a 'partial' - don't randomize; lean to the aggressive action with a bigger skill edge, deeper stacks, or a weaker/more predictable opponent.",yes
OOP VS AGGRO 3B,opener OOP,vs_3bet,3bettor IP,aggressive 3bettor,J9s,4bet,0,call,50,,0,50,Live Poker PREFLOP BIBLE,2024-04-30,14:42,"SUPERSEDED by 2026 'OOP vs AGGRO 3BET' (same coach, newer video wins). SITUATIONAL (Mark 2024): a 'partial' - don't randomize; lean to the aggressive action with a bigger skill edge, deeper stacks, or a weaker/more predictable opponent.",yes
OOP VS AGGRO 3B,opener OOP,vs_3bet,3bettor IP,aggressive 3bettor,J8s,4bet,0,call,0,,0,100,Live Poker PREFLOP BIBLE,2024-04-30,14:42,"SUPERSEDED by 2026 'OOP vs AGGRO 3BET' (same coach, newer video wins).",no
OOP VS AGGRO 3B,opener OOP,vs_3bet,3bettor IP,aggressive 3bettor,J7s,4bet,0,call,0,,0,100,Live Poker PREFLOP BIBLE,2024-04-30,14:42,"SUPERSEDED by 2026 'OOP vs AGGRO 3BET' (same coach, newer video wins).",no
OOP VS AGGRO 3B,opener OOP,vs_3bet,3bettor IP,aggressive 3bettor,J6s,4bet,0,call,0,,0,100,Live Poker PREFLOP BIBLE,2024-04-30,14:42,"SUPERSEDED by 2026 'OOP vs AGGRO 3BET' (same coach, newer video wins).",no
OOP VS AGGRO 3B,opener OOP,vs_3bet,3bettor IP,aggressive 3bettor,J5s,4bet,0,call,0,,0,100,Live Poker PREFLOP BIBLE,2024-04-30,14:42,"SUPERSEDED by 2026 'OOP vs AGGRO 3BET' (same coach, newer video wins).",no
OOP VS AGGRO 3B,opener OOP,vs_3bet,3bettor IP,aggressive 3bettor,J4s,4bet,0,call,0,,0,100,Live Poker PREFLOP BIBLE,2024-04-30,14:42,"SUPERSEDED by 2026 'OOP vs AGGRO 3BET' (same coach, newer video wins).",no
OOP VS AGGRO 3B,opener OOP,vs_3bet,3bettor IP,aggressive 3bettor,J3s,4bet,0,call,0,,0,100,Live Poker PREFLOP BIBLE,2024-04-30,14:42,"SUPERSEDED by 2026 'OOP vs AGGRO 3BET' (same coach, newer video wins).",no
OOP VS AGGRO 3B,opener OOP,vs_3bet,3bettor IP,aggressive 3bettor,J2s,4bet,0,call,0,,0,100,Live Poker PREFLOP BIBLE,2024-04-30,14:42,"SUPERSEDED by 2026 'OOP vs AGGRO 3BET' (same coach, newer video wins).",no
OOP VS AGGRO 3B,opener OOP,vs_3bet,3bettor IP,aggressive 3bettor,ATo,4bet,0,call,0,,0,100,Live Poker PREFLOP BIBLE,2024-04-30,14:42,"SUPERSEDED by 2026 'OOP vs AGGRO 3BET' (same coach, newer video wins).",no
OOP VS AGGRO 3B,opener OOP,vs_3bet,3bettor IP,aggressive 3bettor,KTo,4bet,0,call,0,,0,100,Live Poker PREFLOP BIBLE,2024-04-30,14:42,"SUPERSEDED by 2026 'OOP vs AGGRO 3BET' (same coach, newer video wins).",no
OOP VS AGGRO 3B,opener OOP,vs_3bet,3bettor IP,aggressive 3bettor,QTo,4bet,0,call,0,,0,100,Live Poker PREFLOP BIBLE,2024-04-30,14:42,"SUPERSEDED by 2026 'OOP vs AGGRO 3BET' (same coach, newer video wins).",no
OOP VS AGGRO 3B,opener OOP,vs_3bet,3bettor IP,aggressive 3bettor,JTo,4bet,0,call,0,,0,100,Live Poker PREFLOP BIBLE,2024-04-30,14:42,"SUPERSEDED by 2026 'OOP vs AGGRO 3BET' (same coach, newer video wins).",no
OOP VS AGGRO 3B,opener OOP,vs_3bet,3bettor IP,aggressive 3bettor,TT,4bet,50,call,50,,0,0,Live Poker PREFLOP BIBLE,2024-04-30,14:42,"SUPERSEDED by 2026 'OOP vs AGGRO 3BET' (same coach, newer video wins). SITUATIONAL (Mark 2024): a 'partial' - don't randomize; lean to the aggressive action with a bigger skill edge, deeper stacks, or a weaker/more predictable opponent.",yes
OOP VS AGGRO 3B,opener OOP,vs_3bet,3bettor IP,aggressive 3bettor,T9s,4bet,0,call,50,,0,50,Live Poker PREFLOP BIBLE,2024-04-30,14:42,"SUPERSEDED by 2026 'OOP vs AGGRO 3BET' (same coach, newer video wins). SITUATIONAL (Mark 2024): a 'partial' - don't randomize; lean to the aggressive action with a bigger skill edge, deeper stacks, or a weaker/more predictable opponent.",yes
OOP VS AGGRO 3B,opener OOP,vs_3bet,3bettor IP,aggressive 3bettor,T8s,4bet,0,call,50,,0,50,Live Poker PREFLOP BIBLE,2024-04-30,14:42,"SUPERSEDED by 2026 'OOP vs AGGRO 3BET' (same coach, newer video wins). SITUATIONAL (Mark 2024): a 'partial' - don't randomize; lean to the aggressive action with a bigger skill edge, deeper stacks, or a weaker/more predictable opponent.",yes
OOP VS AGGRO 3B,opener OOP,vs_3bet,3bettor IP,aggressive 3bettor,T7s,4bet,0,call,0,,0,100,Live Poker PREFLOP BIBLE,2024-04-30,14:42,"SUPERSEDED by 2026 'OOP vs AGGRO 3BET' (same coach, newer video wins).",no
OOP VS AGGRO 3B,opener OOP,vs_3bet,3bettor IP,aggressive 3bettor,T6s,4bet,0,call,0,,0,100,Live Poker PREFLOP BIBLE,2024-04-30,14:42,"SUPERSEDED by 2026 'OOP vs AGGRO 3BET' (same coach, newer video wins).",no
OOP VS AGGRO 3B,opener OOP,vs_3bet,3bettor IP,aggressive 3bettor,T5s,4bet,0,call,0,,0,100,Live Poker PREFLOP BIBLE,2024-04-30,14:42,"SUPERSEDED by 2026 'OOP vs AGGRO 3BET' (same coach, newer video wins).",no
OOP VS AGGRO 3B,opener OOP,vs_3bet,3bettor IP,aggressive 3bettor,T4s,4bet,0,call,0,,0,100,Live Poker PREFLOP BIBLE,2024-04-30,14:42,"SUPERSEDED by 2026 'OOP vs AGGRO 3BET' (same coach, newer video wins).",no
OOP VS AGGRO 3B,opener OOP,vs_3bet,3bettor IP,aggressive 3bettor,T3s,4bet,0,call,0,,0,100,Live Poker PREFLOP BIBLE,2024-04-30,14:42,"SUPERSEDED by 2026 'OOP vs AGGRO 3BET' (same coach, newer video wins).",no
OOP VS AGGRO 3B,opener OOP,vs_3bet,3bettor IP,aggressive 3bettor,T2s,4bet,0,call,0,,0,100,Live Poker PREFLOP BIBLE,2024-04-30,14:42,"SUPERSEDED by 2026 'OOP vs AGGRO 3BET' (same coach, newer video wins).",no
OOP VS AGGRO 3B,opener OOP,vs_3bet,3bettor IP,aggressive 3bettor,A9o,4bet,0,call,0,,0,100,Live Poker PREFLOP BIBLE,2024-04-30,14:42,"SUPERSEDED by 2026 'OOP vs AGGRO 3BET' (same coach, newer video wins).",no
OOP VS AGGRO 3B,opener OOP,vs_3bet,3bettor IP,aggressive 3bettor,K9o,4bet,0,call,0,,0,100,Live Poker PREFLOP BIBLE,2024-04-30,14:42,"SUPERSEDED by 2026 'OOP vs AGGRO 3BET' (same coach, newer video wins).",no
OOP VS AGGRO 3B,opener OOP,vs_3bet,3bettor IP,aggressive 3bettor,Q9o,4bet,0,call,0,,0,100,Live Poker PREFLOP BIBLE,2024-04-30,14:42,"SUPERSEDED by 2026 'OOP vs AGGRO 3BET' (same coach, newer video wins).",no
OOP VS AGGRO 3B,opener OOP,vs_3bet,3bettor IP,aggressive 3bettor,J9o,4bet,0,call,0,,0,100,Live Poker PREFLOP BIBLE,2024-04-30,14:42,"SUPERSEDED by 2026 'OOP vs AGGRO 3BET' (same coach, newer video wins).",no
OOP VS AGGRO 3B,opener OOP,vs_3bet,3bettor IP,aggressive 3bettor,T9o,4bet,0,call,0,,0,100,Live Poker PREFLOP BIBLE,2024-04-30,14:42,"SUPERSEDED by 2026 'OOP vs AGGRO 3BET' (same coach, newer video wins).",no
OOP VS AGGRO 3B,opener OOP,vs_3bet,3bettor IP,aggressive 3bettor,99,4bet,50,call,50,,0,0,Live Poker PREFLOP BIBLE,2024-04-30,14:42,"SUPERSEDED by 2026 'OOP vs AGGRO 3BET' (same coach, newer video wins). SITUATIONAL (Mark 2024): a 'partial' - don't randomize; lean to the aggressive action with a bigger skill edge, deeper stacks, or a weaker/more predictable opponent.",yes
OOP VS AGGRO 3B,opener OOP,vs_3bet,3bettor IP,aggressive 3bettor,98s,4bet,0,call,50,,0,50,Live Poker PREFLOP BIBLE,2024-04-30,14:42,"SUPERSEDED by 2026 'OOP vs AGGRO 3BET' (same coach, newer video wins). SITUATIONAL (Mark 2024): a 'partial' - don't randomize; lean to the aggressive action with a bigger skill edge, deeper stacks, or a weaker/more predictable opponent.",yes
OOP VS AGGRO 3B,opener OOP,vs_3bet,3bettor IP,aggressive 3bettor,97s,4bet,0,call,0,,0,100,Live Poker PREFLOP BIBLE,2024-04-30,14:42,"SUPERSEDED by 2026 'OOP vs AGGRO 3BET' (same coach, newer video wins).",no
OOP VS AGGRO 3B,opener OOP,vs_3bet,3bettor IP,aggressive 3bettor,96s,4bet,0,call,0,,0,100,Live Poker PREFLOP BIBLE,2024-04-30,14:42,"SUPERSEDED by 2026 'OOP vs AGGRO 3BET' (same coach, newer video wins).",no
OOP VS AGGRO 3B,opener OOP,vs_3bet,3bettor IP,aggressive 3bettor,95s,4bet,0,call,0,,0,100,Live Poker PREFLOP BIBLE,2024-04-30,14:42,"SUPERSEDED by 2026 'OOP vs AGGRO 3BET' (same coach, newer video wins).",no
OOP VS AGGRO 3B,opener OOP,vs_3bet,3bettor IP,aggressive 3bettor,94s,4bet,0,call,0,,0,100,Live Poker PREFLOP BIBLE,2024-04-30,14:42,"SUPERSEDED by 2026 'OOP vs AGGRO 3BET' (same coach, newer video wins).",no
OOP VS AGGRO 3B,opener OOP,vs_3bet,3bettor IP,aggressive 3bettor,93s,4bet,0,call,0,,0,100,Live Poker PREFLOP BIBLE,2024-04-30,14:42,"SUPERSEDED by 2026 'OOP vs AGGRO 3BET' (same coach, newer video wins).",no
OOP VS AGGRO 3B,opener OOP,vs_3bet,3bettor IP,aggressive 3bettor,92s,4bet,0,call,0,,0,100,Live Poker PREFLOP BIBLE,2024-04-30,14:42,"SUPERSEDED by 2026 'OOP vs AGGRO 3BET' (same coach, newer video wins).",no
OOP VS AGGRO 3B,opener OOP,vs_3bet,3bettor IP,aggressive 3bettor,A8o,4bet,0,call,0,,0,100,Live Poker PREFLOP BIBLE,2024-04-30,14:42,"SUPERSEDED by 2026 'OOP vs AGGRO 3BET' (same coach, newer video wins).",no
OOP VS AGGRO 3B,opener OOP,vs_3bet,3bettor IP,aggressive 3bettor,K8o,4bet,0,call,0,,0,100,Live Poker PREFLOP BIBLE,2024-04-30,14:42,"SUPERSEDED by 2026 'OOP vs AGGRO 3BET' (same coach, newer video wins).",no
OOP VS AGGRO 3B,opener OOP,vs_3bet,3bettor IP,aggressive 3bettor,Q8o,4bet,0,call,0,,0,100,Live Poker PREFLOP BIBLE,2024-04-30,14:42,"SUPERSEDED by 2026 'OOP vs AGGRO 3BET' (same coach, newer video wins).",no
OOP VS AGGRO 3B,opener OOP,vs_3bet,3bettor IP,aggressive 3bettor,J8o,4bet,0,call,0,,0,100,Live Poker PREFLOP BIBLE,2024-04-30,14:42,"SUPERSEDED by 2026 'OOP vs AGGRO 3BET' (same coach, newer video wins).",no
OOP VS AGGRO 3B,opener OOP,vs_3bet,3bettor IP,aggressive 3bettor,T8o,4bet,0,call,0,,0,100,Live Poker PREFLOP BIBLE,2024-04-30,14:42,"SUPERSEDED by 2026 'OOP vs AGGRO 3BET' (same coach, newer video wins).",no
OOP VS AGGRO 3B,opener OOP,vs_3bet,3bettor IP,aggressive 3bettor,98o,4bet,0,call,0,,0,100,Live Poker PREFLOP BIBLE,2024-04-30,14:42,"SUPERSEDED by 2026 'OOP vs AGGRO 3BET' (same coach, newer video wins).",no
OOP VS AGGRO 3B,opener OOP,vs_3bet,3bettor IP,aggressive 3bettor,88,4bet,0,call,100,,0,0,Live Poker PREFLOP BIBLE,2024-04-30,14:42,"SUPERSEDED by 2026 'OOP vs AGGRO 3BET' (same coach, newer video wins).",no
OOP VS AGGRO 3B,opener OOP,vs_3bet,3bettor IP,aggressive 3bettor,87s,4bet,0,call,100,,0,0,Live Poker PREFLOP BIBLE,2024-04-30,14:42,"SUPERSEDED by 2026 'OOP vs AGGRO 3BET' (same coach, newer video wins).",no
OOP VS AGGRO 3B,opener OOP,vs_3bet,3bettor IP,aggressive 3bettor,86s,4bet,0,call,0,,0,100,Live Poker PREFLOP BIBLE,2024-04-30,14:42,"SUPERSEDED by 2026 'OOP vs AGGRO 3BET' (same coach, newer video wins).",no
OOP VS AGGRO 3B,opener OOP,vs_3bet,3bettor IP,aggressive 3bettor,85s,4bet,0,call,0,,0,100,Live Poker PREFLOP BIBLE,2024-04-30,14:42,"SUPERSEDED by 2026 'OOP vs AGGRO 3BET' (same coach, newer video wins).",no
OOP VS AGGRO 3B,opener OOP,vs_3bet,3bettor IP,aggressive 3bettor,84s,4bet,0,call,0,,0,100,Live Poker PREFLOP BIBLE,2024-04-30,14:42,"SUPERSEDED by 2026 'OOP vs AGGRO 3BET' (same coach, newer video wins).",no
OOP VS AGGRO 3B,opener OOP,vs_3bet,3bettor IP,aggressive 3bettor,83s,4bet,0,call,0,,0,100,Live Poker PREFLOP BIBLE,2024-04-30,14:42,"SUPERSEDED by 2026 'OOP vs AGGRO 3BET' (same coach, newer video wins).",no
OOP VS AGGRO 3B,opener OOP,vs_3bet,3bettor IP,aggressive 3bettor,82s,4bet,0,call,0,,0,100,Live Poker PREFLOP BIBLE,2024-04-30,14:42,"SUPERSEDED by 2026 'OOP vs AGGRO 3BET' (same coach, newer video wins).",no
OOP VS AGGRO 3B,opener OOP,vs_3bet,3bettor IP,aggressive 3bettor,A7o,4bet,0,call,0,,0,100,Live Poker PREFLOP BIBLE,2024-04-30,14:42,"SUPERSEDED by 2026 'OOP vs AGGRO 3BET' (same coach, newer video wins).",no
OOP VS AGGRO 3B,opener OOP,vs_3bet,3bettor IP,aggressive 3bettor,K7o,4bet,0,call,0,,0,100,Live Poker PREFLOP BIBLE,2024-04-30,14:42,"SUPERSEDED by 2026 'OOP vs AGGRO 3BET' (same coach, newer video wins).",no
OOP VS AGGRO 3B,opener OOP,vs_3bet,3bettor IP,aggressive 3bettor,Q7o,4bet,0,call,0,,0,100,Live Poker PREFLOP BIBLE,2024-04-30,14:42,"SUPERSEDED by 2026 'OOP vs AGGRO 3BET' (same coach, newer video wins).",no
OOP VS AGGRO 3B,opener OOP,vs_3bet,3bettor IP,aggressive 3bettor,J7o,4bet,0,call,0,,0,100,Live Poker PREFLOP BIBLE,2024-04-30,14:42,"SUPERSEDED by 2026 'OOP vs AGGRO 3BET' (same coach, newer video wins).",no
OOP VS AGGRO 3B,opener OOP,vs_3bet,3bettor IP,aggressive 3bettor,T7o,4bet,0,call,0,,0,100,Live Poker PREFLOP BIBLE,2024-04-30,14:42,"SUPERSEDED by 2026 'OOP vs AGGRO 3BET' (same coach, newer video wins).",no
OOP VS AGGRO 3B,opener OOP,vs_3bet,3bettor IP,aggressive 3bettor,97o,4bet,0,call,0,,0,100,Live Poker PREFLOP BIBLE,2024-04-30,14:42,"SUPERSEDED by 2026 'OOP vs AGGRO 3BET' (same coach, newer video wins).",no
OOP VS AGGRO 3B,opener OOP,vs_3bet,3bettor IP,aggressive 3bettor,87o,4bet,0,call,0,,0,100,Live Poker PREFLOP BIBLE,2024-04-30,14:42,"SUPERSEDED by 2026 'OOP vs AGGRO 3BET' (same coach, newer video wins).",no
OOP VS AGGRO 3B,opener OOP,vs_3bet,3bettor IP,aggressive 3bettor,77,4bet,0,call,100,,0,0,Live Poker PREFLOP BIBLE,2024-04-30,14:42,"SUPERSEDED by 2026 'OOP vs AGGRO 3BET' (same coach, newer video wins).",no
OOP VS AGGRO 3B,opener OOP,vs_3bet,3bettor IP,aggressive 3bettor,76s,4bet,0,call,100,,0,0,Live Poker PREFLOP BIBLE,2024-04-30,14:42,"SUPERSEDED by 2026 'OOP vs AGGRO 3BET' (same coach, newer video wins).",no
OOP VS AGGRO 3B,opener OOP,vs_3bet,3bettor IP,aggressive 3bettor,75s,4bet,0,call,0,,0,100,Live Poker PREFLOP BIBLE,2024-04-30,14:42,"SUPERSEDED by 2026 'OOP vs AGGRO 3BET' (same coach, newer video wins).",no
OOP VS AGGRO 3B,opener OOP,vs_3bet,3bettor IP,aggressive 3bettor,74s,4bet,0,call,0,,0,100,Live Poker PREFLOP BIBLE,2024-04-30,14:42,"SUPERSEDED by 2026 'OOP vs AGGRO 3BET' (same coach, newer video wins).",no
OOP VS AGGRO 3B,opener OOP,vs_3bet,3bettor IP,aggressive 3bettor,73s,4bet,0,call,0,,0,100,Live Poker PREFLOP BIBLE,2024-04-30,14:42,"SUPERSEDED by 2026 'OOP vs AGGRO 3BET' (same coach, newer video wins).",no
OOP VS AGGRO 3B,opener OOP,vs_3bet,3bettor IP,aggressive 3bettor,72s,4bet,0,call,0,,0,100,Live Poker PREFLOP BIBLE,2024-04-30,14:42,"SUPERSEDED by 2026 'OOP vs AGGRO 3BET' (same coach, newer video wins).",no
OOP VS AGGRO 3B,opener OOP,vs_3bet,3bettor IP,aggressive 3bettor,A6o,4bet,0,call,0,,0,100,Live Poker PREFLOP BIBLE,2024-04-30,14:42,"SUPERSEDED by 2026 'OOP vs AGGRO 3BET' (same coach, newer video wins).",no
OOP VS AGGRO 3B,opener OOP,vs_3bet,3bettor IP,aggressive 3bettor,K6o,4bet,0,call,0,,0,100,Live Poker PREFLOP BIBLE,2024-04-30,14:42,"SUPERSEDED by 2026 'OOP vs AGGRO 3BET' (same coach, newer video wins).",no
OOP VS AGGRO 3B,opener OOP,vs_3bet,3bettor IP,aggressive 3bettor,Q6o,4bet,0,call,0,,0,100,Live Poker PREFLOP BIBLE,2024-04-30,14:42,"SUPERSEDED by 2026 'OOP vs AGGRO 3BET' (same coach, newer video wins).",no
OOP VS AGGRO 3B,opener OOP,vs_3bet,3bettor IP,aggressive 3bettor,J6o,4bet,0,call,0,,0,100,Live Poker PREFLOP BIBLE,2024-04-30,14:42,"SUPERSEDED by 2026 'OOP vs AGGRO 3BET' (same coach, newer video wins).",no
OOP VS AGGRO 3B,opener OOP,vs_3bet,3bettor IP,aggressive 3bettor,T6o,4bet,0,call,0,,0,100,Live Poker PREFLOP BIBLE,2024-04-30,14:42,"SUPERSEDED by 2026 'OOP vs AGGRO 3BET' (same coach, newer video wins).",no
OOP VS AGGRO 3B,opener OOP,vs_3bet,3bettor IP,aggressive 3bettor,96o,4bet,0,call,0,,0,100,Live Poker PREFLOP BIBLE,2024-04-30,14:42,"SUPERSEDED by 2026 'OOP vs AGGRO 3BET' (same coach, newer video wins).",no
OOP VS AGGRO 3B,opener OOP,vs_3bet,3bettor IP,aggressive 3bettor,86o,4bet,0,call,0,,0,100,Live Poker PREFLOP BIBLE,2024-04-30,14:42,"SUPERSEDED by 2026 'OOP vs AGGRO 3BET' (same coach, newer video wins).",no
OOP VS AGGRO 3B,opener OOP,vs_3bet,3bettor IP,aggressive 3bettor,76o,4bet,0,call,0,,0,100,Live Poker PREFLOP BIBLE,2024-04-30,14:42,"SUPERSEDED by 2026 'OOP vs AGGRO 3BET' (same coach, newer video wins).",no
OOP VS AGGRO 3B,opener OOP,vs_3bet,3bettor IP,aggressive 3bettor,66,4bet,0,call,100,,0,0,Live Poker PREFLOP BIBLE,2024-04-30,14:42,"SUPERSEDED by 2026 'OOP vs AGGRO 3BET' (same coach, newer video wins).",no
OOP VS AGGRO 3B,opener OOP,vs_3bet,3bettor IP,aggressive 3bettor,65s,4bet,0,call,100,,0,0,Live Poker PREFLOP BIBLE,2024-04-30,14:42,"SUPERSEDED by 2026 'OOP vs AGGRO 3BET' (same coach, newer video wins).",no
OOP VS AGGRO 3B,opener OOP,vs_3bet,3bettor IP,aggressive 3bettor,64s,4bet,0,call,0,,0,100,Live Poker PREFLOP BIBLE,2024-04-30,14:42,"SUPERSEDED by 2026 'OOP vs AGGRO 3BET' (same coach, newer video wins).",no
OOP VS AGGRO 3B,opener OOP,vs_3bet,3bettor IP,aggressive 3bettor,63s,4bet,0,call,0,,0,100,Live Poker PREFLOP BIBLE,2024-04-30,14:42,"SUPERSEDED by 2026 'OOP vs AGGRO 3BET' (same coach, newer video wins).",no
OOP VS AGGRO 3B,opener OOP,vs_3bet,3bettor IP,aggressive 3bettor,62s,4bet,0,call,0,,0,100,Live Poker PREFLOP BIBLE,2024-04-30,14:42,"SUPERSEDED by 2026 'OOP vs AGGRO 3BET' (same coach, newer video wins).",no
OOP VS AGGRO 3B,opener OOP,vs_3bet,3bettor IP,aggressive 3bettor,A5o,4bet,0,call,0,,0,100,Live Poker PREFLOP BIBLE,2024-04-30,14:42,"SUPERSEDED by 2026 'OOP vs AGGRO 3BET' (same coach, newer video wins).",no
OOP VS AGGRO 3B,opener OOP,vs_3bet,3bettor IP,aggressive 3bettor,K5o,4bet,0,call,0,,0,100,Live Poker PREFLOP BIBLE,2024-04-30,14:42,"SUPERSEDED by 2026 'OOP vs AGGRO 3BET' (same coach, newer video wins).",no
OOP VS AGGRO 3B,opener OOP,vs_3bet,3bettor IP,aggressive 3bettor,Q5o,4bet,0,call,0,,0,100,Live Poker PREFLOP BIBLE,2024-04-30,14:42,"SUPERSEDED by 2026 'OOP vs AGGRO 3BET' (same coach, newer video wins).",no
OOP VS AGGRO 3B,opener OOP,vs_3bet,3bettor IP,aggressive 3bettor,J5o,4bet,0,call,0,,0,100,Live Poker PREFLOP BIBLE,2024-04-30,14:42,"SUPERSEDED by 2026 'OOP vs AGGRO 3BET' (same coach, newer video wins).",no
OOP VS AGGRO 3B,opener OOP,vs_3bet,3bettor IP,aggressive 3bettor,T5o,4bet,0,call,0,,0,100,Live Poker PREFLOP BIBLE,2024-04-30,14:42,"SUPERSEDED by 2026 'OOP vs AGGRO 3BET' (same coach, newer video wins).",no
OOP VS AGGRO 3B,opener OOP,vs_3bet,3bettor IP,aggressive 3bettor,95o,4bet,0,call,0,,0,100,Live Poker PREFLOP BIBLE,2024-04-30,14:42,"SUPERSEDED by 2026 'OOP vs AGGRO 3BET' (same coach, newer video wins).",no
OOP VS AGGRO 3B,opener OOP,vs_3bet,3bettor IP,aggressive 3bettor,85o,4bet,0,call,0,,0,100,Live Poker PREFLOP BIBLE,2024-04-30,14:42,"SUPERSEDED by 2026 'OOP vs AGGRO 3BET' (same coach, newer video wins).",no
OOP VS AGGRO 3B,opener OOP,vs_3bet,3bettor IP,aggressive 3bettor,75o,4bet,0,call,0,,0,100,Live Poker PREFLOP BIBLE,2024-04-30,14:42,"SUPERSEDED by 2026 'OOP vs AGGRO 3BET' (same coach, newer video wins).",no
OOP VS AGGRO 3B,opener OOP,vs_3bet,3bettor IP,aggressive 3bettor,65o,4bet,0,call,0,,0,100,Live Poker PREFLOP BIBLE,2024-04-30,14:42,"SUPERSEDED by 2026 'OOP vs AGGRO 3BET' (same coach, newer video wins).",no
OOP VS AGGRO 3B,opener OOP,vs_3bet,3bettor IP,aggressive 3bettor,55,4bet,0,call,100,,0,0,Live Poker PREFLOP BIBLE,2024-04-30,14:42,"SUPERSEDED by 2026 'OOP vs AGGRO 3BET' (same coach, newer video wins).",no
OOP VS AGGRO 3B,opener OOP,vs_3bet,3bettor IP,aggressive 3bettor,54s,4bet,0,call,100,,0,0,Live Poker PREFLOP BIBLE,2024-04-30,14:42,"SUPERSEDED by 2026 'OOP vs AGGRO 3BET' (same coach, newer video wins).",no
OOP VS AGGRO 3B,opener OOP,vs_3bet,3bettor IP,aggressive 3bettor,53s,4bet,0,call,0,,0,100,Live Poker PREFLOP BIBLE,2024-04-30,14:42,"SUPERSEDED by 2026 'OOP vs AGGRO 3BET' (same coach, newer video wins).",no
OOP VS AGGRO 3B,opener OOP,vs_3bet,3bettor IP,aggressive 3bettor,52s,4bet,0,call,0,,0,100,Live Poker PREFLOP BIBLE,2024-04-30,14:42,"SUPERSEDED by 2026 'OOP vs AGGRO 3BET' (same coach, newer video wins).",no
OOP VS AGGRO 3B,opener OOP,vs_3bet,3bettor IP,aggressive 3bettor,A4o,4bet,0,call,0,,0,100,Live Poker PREFLOP BIBLE,2024-04-30,14:42,"SUPERSEDED by 2026 'OOP vs AGGRO 3BET' (same coach, newer video wins).",no
OOP VS AGGRO 3B,opener OOP,vs_3bet,3bettor IP,aggressive 3bettor,K4o,4bet,0,call,0,,0,100,Live Poker PREFLOP BIBLE,2024-04-30,14:42,"SUPERSEDED by 2026 'OOP vs AGGRO 3BET' (same coach, newer video wins).",no
OOP VS AGGRO 3B,opener OOP,vs_3bet,3bettor IP,aggressive 3bettor,Q4o,4bet,0,call,0,,0,100,Live Poker PREFLOP BIBLE,2024-04-30,14:42,"SUPERSEDED by 2026 'OOP vs AGGRO 3BET' (same coach, newer video wins).",no
OOP VS AGGRO 3B,opener OOP,vs_3bet,3bettor IP,aggressive 3bettor,J4o,4bet,0,call,0,,0,100,Live Poker PREFLOP BIBLE,2024-04-30,14:42,"SUPERSEDED by 2026 'OOP vs AGGRO 3BET' (same coach, newer video wins).",no
OOP VS AGGRO 3B,opener OOP,vs_3bet,3bettor IP,aggressive 3bettor,T4o,4bet,0,call,0,,0,100,Live Poker PREFLOP BIBLE,2024-04-30,14:42,"SUPERSEDED by 2026 'OOP vs AGGRO 3BET' (same coach, newer video wins).",no
OOP VS AGGRO 3B,opener OOP,vs_3bet,3bettor IP,aggressive 3bettor,94o,4bet,0,call,0,,0,100,Live Poker PREFLOP BIBLE,2024-04-30,14:42,"SUPERSEDED by 2026 'OOP vs AGGRO 3BET' (same coach, newer video wins).",no
OOP VS AGGRO 3B,opener OOP,vs_3bet,3bettor IP,aggressive 3bettor,84o,4bet,0,call,0,,0,100,Live Poker PREFLOP BIBLE,2024-04-30,14:42,"SUPERSEDED by 2026 'OOP vs AGGRO 3BET' (same coach, newer video wins).",no
OOP VS AGGRO 3B,opener OOP,vs_3bet,3bettor IP,aggressive 3bettor,74o,4bet,0,call,0,,0,100,Live Poker PREFLOP BIBLE,2024-04-30,14:42,"SUPERSEDED by 2026 'OOP vs AGGRO 3BET' (same coach, newer video wins).",no
OOP VS AGGRO 3B,opener OOP,vs_3bet,3bettor IP,aggressive 3bettor,64o,4bet,0,call,0,,0,100,Live Poker PREFLOP BIBLE,2024-04-30,14:42,"SUPERSEDED by 2026 'OOP vs AGGRO 3BET' (same coach, newer video wins).",no
OOP VS AGGRO 3B,opener OOP,vs_3bet,3bettor IP,aggressive 3bettor,54o,4bet,0,call,0,,0,100,Live Poker PREFLOP BIBLE,2024-04-30,14:42,"SUPERSEDED by 2026 'OOP vs AGGRO 3BET' (same coach, newer video wins).",no
OOP VS AGGRO 3B,opener OOP,vs_3bet,3bettor IP,aggressive 3bettor,44,4bet,0,call,100,,0,0,Live Poker PREFLOP BIBLE,2024-04-30,14:42,"SUPERSEDED by 2026 'OOP vs AGGRO 3BET' (same coach, newer video wins).",no
OOP VS AGGRO 3B,opener OOP,vs_3bet,3bettor IP,aggressive 3bettor,43s,4bet,0,call,50,,0,50,Live Poker PREFLOP BIBLE,2024-04-30,14:42,"SUPERSEDED by 2026 'OOP vs AGGRO 3BET' (same coach, newer video wins). SITUATIONAL (Mark 2024): a 'partial' - don't randomize; lean to the aggressive action with a bigger skill edge, deeper stacks, or a weaker/more predictable opponent.",yes
OOP VS AGGRO 3B,opener OOP,vs_3bet,3bettor IP,aggressive 3bettor,42s,4bet,0,call,0,,0,100,Live Poker PREFLOP BIBLE,2024-04-30,14:42,"SUPERSEDED by 2026 'OOP vs AGGRO 3BET' (same coach, newer video wins).",no
OOP VS AGGRO 3B,opener OOP,vs_3bet,3bettor IP,aggressive 3bettor,A3o,4bet,0,call,0,,0,100,Live Poker PREFLOP BIBLE,2024-04-30,14:42,"SUPERSEDED by 2026 'OOP vs AGGRO 3BET' (same coach, newer video wins).",no
OOP VS AGGRO 3B,opener OOP,vs_3bet,3bettor IP,aggressive 3bettor,K3o,4bet,0,call,0,,0,100,Live Poker PREFLOP BIBLE,2024-04-30,14:42,"SUPERSEDED by 2026 'OOP vs AGGRO 3BET' (same coach, newer video wins).",no
OOP VS AGGRO 3B,opener OOP,vs_3bet,3bettor IP,aggressive 3bettor,Q3o,4bet,0,call,0,,0,100,Live Poker PREFLOP BIBLE,2024-04-30,14:42,"SUPERSEDED by 2026 'OOP vs AGGRO 3BET' (same coach, newer video wins).",no
OOP VS AGGRO 3B,opener OOP,vs_3bet,3bettor IP,aggressive 3bettor,J3o,4bet,0,call,0,,0,100,Live Poker PREFLOP BIBLE,2024-04-30,14:42,"SUPERSEDED by 2026 'OOP vs AGGRO 3BET' (same coach, newer video wins).",no
OOP VS AGGRO 3B,opener OOP,vs_3bet,3bettor IP,aggressive 3bettor,T3o,4bet,0,call,0,,0,100,Live Poker PREFLOP BIBLE,2024-04-30,14:42,"SUPERSEDED by 2026 'OOP vs AGGRO 3BET' (same coach, newer video wins).",no
OOP VS AGGRO 3B,opener OOP,vs_3bet,3bettor IP,aggressive 3bettor,93o,4bet,0,call,0,,0,100,Live Poker PREFLOP BIBLE,2024-04-30,14:42,"SUPERSEDED by 2026 'OOP vs AGGRO 3BET' (same coach, newer video wins).",no
OOP VS AGGRO 3B,opener OOP,vs_3bet,3bettor IP,aggressive 3bettor,83o,4bet,0,call,0,,0,100,Live Poker PREFLOP BIBLE,2024-04-30,14:42,"SUPERSEDED by 2026 'OOP vs AGGRO 3BET' (same coach, newer video wins).",no
OOP VS AGGRO 3B,opener OOP,vs_3bet,3bettor IP,aggressive 3bettor,73o,4bet,0,call,0,,0,100,Live Poker PREFLOP BIBLE,2024-04-30,14:42,"SUPERSEDED by 2026 'OOP vs AGGRO 3BET' (same coach, newer video wins).",no
OOP VS AGGRO 3B,opener OOP,vs_3bet,3bettor IP,aggressive 3bettor,63o,4bet,0,call,0,,0,100,Live Poker PREFLOP BIBLE,2024-04-30,14:42,"SUPERSEDED by 2026 'OOP vs AGGRO 3BET' (same coach, newer video wins).",no
OOP VS AGGRO 3B,opener OOP,vs_3bet,3bettor IP,aggressive 3bettor,53o,4bet,0,call,0,,0,100,Live Poker PREFLOP BIBLE,2024-04-30,14:42,"SUPERSEDED by 2026 'OOP vs AGGRO 3BET' (same coach, newer video wins).",no
OOP VS AGGRO 3B,opener OOP,vs_3bet,3bettor IP,aggressive 3bettor,43o,4bet,0,call,0,,0,100,Live Poker PREFLOP BIBLE,2024-04-30,14:42,"SUPERSEDED by 2026 'OOP vs AGGRO 3BET' (same coach, newer video wins).",no
OOP VS AGGRO 3B,opener OOP,vs_3bet,3bettor IP,aggressive 3bettor,33,4bet,0,call,100,,0,0,Live Poker PREFLOP BIBLE,2024-04-30,14:42,"SUPERSEDED by 2026 'OOP vs AGGRO 3BET' (same coach, newer video wins).",no
OOP VS AGGRO 3B,opener OOP,vs_3bet,3bettor IP,aggressive 3bettor,32s,4bet,0,call,0,,0,100,Live Poker PREFLOP BIBLE,2024-04-30,14:42,"SUPERSEDED by 2026 'OOP vs AGGRO 3BET' (same coach, newer video wins).",no
OOP VS AGGRO 3B,opener OOP,vs_3bet,3bettor IP,aggressive 3bettor,A2o,4bet,0,call,0,,0,100,Live Poker PREFLOP BIBLE,2024-04-30,14:42,"SUPERSEDED by 2026 'OOP vs AGGRO 3BET' (same coach, newer video wins).",no
OOP VS AGGRO 3B,opener OOP,vs_3bet,3bettor IP,aggressive 3bettor,K2o,4bet,0,call,0,,0,100,Live Poker PREFLOP BIBLE,2024-04-30,14:42,"SUPERSEDED by 2026 'OOP vs AGGRO 3BET' (same coach, newer video wins).",no
OOP VS AGGRO 3B,opener OOP,vs_3bet,3bettor IP,aggressive 3bettor,Q2o,4bet,0,call,0,,0,100,Live Poker PREFLOP BIBLE,2024-04-30,14:42,"SUPERSEDED by 2026 'OOP vs AGGRO 3BET' (same coach, newer video wins).",no
OOP VS AGGRO 3B,opener OOP,vs_3bet,3bettor IP,aggressive 3bettor,J2o,4bet,0,call,0,,0,100,Live Poker PREFLOP BIBLE,2024-04-30,14:42,"SUPERSEDED by 2026 'OOP vs AGGRO 3BET' (same coach, newer video wins).",no
OOP VS AGGRO 3B,opener OOP,vs_3bet,3bettor IP,aggressive 3bettor,T2o,4bet,0,call,0,,0,100,Live Poker PREFLOP BIBLE,2024-04-30,14:42,"SUPERSEDED by 2026 'OOP vs AGGRO 3BET' (same coach, newer video wins).",no
OOP VS AGGRO 3B,opener OOP,vs_3bet,3bettor IP,aggressive 3bettor,92o,4bet,0,call,0,,0,100,Live Poker PREFLOP BIBLE,2024-04-30,14:42,"SUPERSEDED by 2026 'OOP vs AGGRO 3BET' (same coach, newer video wins).",no
OOP VS AGGRO 3B,opener OOP,vs_3bet,3bettor IP,aggressive 3bettor,82o,4bet,0,call,0,,0,100,Live Poker PREFLOP BIBLE,2024-04-30,14:42,"SUPERSEDED by 2026 'OOP vs AGGRO 3BET' (same coach, newer video wins).",no
OOP VS AGGRO 3B,opener OOP,vs_3bet,3bettor IP,aggressive 3bettor,72o,4bet,0,call,0,,0,100,Live Poker PREFLOP BIBLE,2024-04-30,14:42,"SUPERSEDED by 2026 'OOP vs AGGRO 3BET' (same coach, newer video wins).",no
OOP VS AGGRO 3B,opener OOP,vs_3bet,3bettor IP,aggressive 3bettor,62o,4bet,0,call,0,,0,100,Live Poker PREFLOP BIBLE,2024-04-30,14:42,"SUPERSEDED by 2026 'OOP vs AGGRO 3BET' (same coach, newer video wins).",no
OOP VS AGGRO 3B,opener OOP,vs_3bet,3bettor IP,aggressive 3bettor,52o,4bet,0,call,0,,0,100,Live Poker PREFLOP BIBLE,2024-04-30,14:42,"SUPERSEDED by 2026 'OOP vs AGGRO 3BET' (same coach, newer video wins).",no
OOP VS AGGRO 3B,opener OOP,vs_3bet,3bettor IP,aggressive 3bettor,42o,4bet,0,call,0,,0,100,Live Poker PREFLOP BIBLE,2024-04-30,14:42,"SUPERSEDED by 2026 'OOP vs AGGRO 3BET' (same coach, newer video wins).",no
OOP VS AGGRO 3B,opener OOP,vs_3bet,3bettor IP,aggressive 3bettor,32o,4bet,0,call,0,,0,100,Live Poker PREFLOP BIBLE,2024-04-30,14:42,"SUPERSEDED by 2026 'OOP vs AGGRO 3BET' (same coach, newer video wins).",no
OOP VS AGGRO 3B,opener OOP,vs_3bet,3bettor IP,aggressive 3bettor,22,4bet,0,call,100,,0,0,Live Poker PREFLOP BIBLE,2024-04-30,14:42,"SUPERSEDED by 2026 'OOP vs AGGRO 3BET' (same coach, newer video wins).",no
IP VS PASSIVE 3B,opener IP,vs_3bet,3bettor OOP,passive 3bettor,AA,4bet,100,call,0,,0,0,Live Poker PREFLOP BIBLE,2024-04-30,15:32,"SUPERSEDED by 2026 'IP vs PASSIVE 3BET' (same coach, newer video wins).",no
IP VS PASSIVE 3B,opener IP,vs_3bet,3bettor OOP,passive 3bettor,AKs,4bet,50,call,50,,0,0,Live Poker PREFLOP BIBLE,2024-04-30,15:32,"SUPERSEDED by 2026 'IP vs PASSIVE 3BET' (same coach, newer video wins). SITUATIONAL (Mark 2024): a 'partial' - don't randomize; lean to the aggressive action with a bigger skill edge, deeper stacks, or a weaker/more predictable opponent.",yes
IP VS PASSIVE 3B,opener IP,vs_3bet,3bettor OOP,passive 3bettor,AQs,4bet,0,call,100,,0,0,Live Poker PREFLOP BIBLE,2024-04-30,15:32,"SUPERSEDED by 2026 'IP vs PASSIVE 3BET' (same coach, newer video wins).",no
IP VS PASSIVE 3B,opener IP,vs_3bet,3bettor OOP,passive 3bettor,AJs,4bet,0,call,100,,0,0,Live Poker PREFLOP BIBLE,2024-04-30,15:32,"SUPERSEDED by 2026 'IP vs PASSIVE 3BET' (same coach, newer video wins).",no
IP VS PASSIVE 3B,opener IP,vs_3bet,3bettor OOP,passive 3bettor,ATs,4bet,0,call,100,,0,0,Live Poker PREFLOP BIBLE,2024-04-30,15:32,"SUPERSEDED by 2026 'IP vs PASSIVE 3BET' (same coach, newer video wins).",no
IP VS PASSIVE 3B,opener IP,vs_3bet,3bettor OOP,passive 3bettor,A9s,4bet,50,call,50,,0,0,Live Poker PREFLOP BIBLE,2024-04-30,15:32,"SUPERSEDED by 2026 'IP vs PASSIVE 3BET' (same coach, newer video wins). SITUATIONAL (Mark 2024): a 'partial' - don't randomize; lean to the aggressive action with a bigger skill edge, deeper stacks, or a weaker/more predictable opponent.",yes
IP VS PASSIVE 3B,opener IP,vs_3bet,3bettor OOP,passive 3bettor,A8s,4bet,0,call,0,,0,100,Live Poker PREFLOP BIBLE,2024-04-30,15:32,"SUPERSEDED by 2026 'IP vs PASSIVE 3BET' (same coach, newer video wins).",no
IP VS PASSIVE 3B,opener IP,vs_3bet,3bettor OOP,passive 3bettor,A7s,4bet,0,call,0,,0,100,Live Poker PREFLOP BIBLE,2024-04-30,15:32,"SUPERSEDED by 2026 'IP vs PASSIVE 3BET' (same coach, newer video wins).",no
IP VS PASSIVE 3B,opener IP,vs_3bet,3bettor OOP,passive 3bettor,A6s,4bet,0,call,0,,0,100,Live Poker PREFLOP BIBLE,2024-04-30,15:32,"SUPERSEDED by 2026 'IP vs PASSIVE 3BET' (same coach, newer video wins).",no
IP VS PASSIVE 3B,opener IP,vs_3bet,3bettor OOP,passive 3bettor,A5s,4bet,50,call,50,,0,0,Live Poker PREFLOP BIBLE,2024-04-30,15:32,"SUPERSEDED by 2026 'IP vs PASSIVE 3BET' (same coach, newer video wins). SITUATIONAL (Mark 2024): a 'partial' - don't randomize; lean to the aggressive action with a bigger skill edge, deeper stacks, or a weaker/more predictable opponent.",yes
IP VS PASSIVE 3B,opener IP,vs_3bet,3bettor OOP,passive 3bettor,A4s,4bet,0,call,0,,0,100,Live Poker PREFLOP BIBLE,2024-04-30,15:32,"SUPERSEDED by 2026 'IP vs PASSIVE 3BET' (same coach, newer video wins).",no
IP VS PASSIVE 3B,opener IP,vs_3bet,3bettor OOP,passive 3bettor,A3s,4bet,0,call,0,,0,100,Live Poker PREFLOP BIBLE,2024-04-30,15:32,"SUPERSEDED by 2026 'IP vs PASSIVE 3BET' (same coach, newer video wins).",no
IP VS PASSIVE 3B,opener IP,vs_3bet,3bettor OOP,passive 3bettor,A2s,4bet,0,call,0,,0,100,Live Poker PREFLOP BIBLE,2024-04-30,15:32,"SUPERSEDED by 2026 'IP vs PASSIVE 3BET' (same coach, newer video wins).",no
IP VS PASSIVE 3B,opener IP,vs_3bet,3bettor OOP,passive 3bettor,AKo,4bet,50,call,50,,0,0,Live Poker PREFLOP BIBLE,2024-04-30,15:32,"SUPERSEDED by 2026 'IP vs PASSIVE 3BET' (same coach, newer video wins). SITUATIONAL (Mark 2024): a 'partial' - don't randomize; lean to the aggressive action with a bigger skill edge, deeper stacks, or a weaker/more predictable opponent.",yes
IP VS PASSIVE 3B,opener IP,vs_3bet,3bettor OOP,passive 3bettor,KK,4bet,50,call,50,,0,0,Live Poker PREFLOP BIBLE,2024-04-30,15:32,"SUPERSEDED by 2026 'IP vs PASSIVE 3BET' (same coach, newer video wins). SITUATIONAL (Mark 2024): a 'partial' - don't randomize; lean to the aggressive action with a bigger skill edge, deeper stacks, or a weaker/more predictable opponent.",yes
IP VS PASSIVE 3B,opener IP,vs_3bet,3bettor OOP,passive 3bettor,KQs,4bet,0,call,100,,0,0,Live Poker PREFLOP BIBLE,2024-04-30,15:32,"SUPERSEDED by 2026 'IP vs PASSIVE 3BET' (same coach, newer video wins).",no
IP VS PASSIVE 3B,opener IP,vs_3bet,3bettor OOP,passive 3bettor,KJs,4bet,0,call,100,,0,0,Live Poker PREFLOP BIBLE,2024-04-30,15:32,"SUPERSEDED by 2026 'IP vs PASSIVE 3BET' (same coach, newer video wins).",no
IP VS PASSIVE 3B,opener IP,vs_3bet,3bettor OOP,passive 3bettor,KTs,4bet,50,call,50,,0,0,Live Poker PREFLOP BIBLE,2024-04-30,15:32,"SUPERSEDED by 2026 'IP vs PASSIVE 3BET' (same coach, newer video wins). SITUATIONAL (Mark 2024): a 'partial' - don't randomize; lean to the aggressive action with a bigger skill edge, deeper stacks, or a weaker/more predictable opponent.",yes
IP VS PASSIVE 3B,opener IP,vs_3bet,3bettor OOP,passive 3bettor,K9s,4bet,0,call,0,,0,100,Live Poker PREFLOP BIBLE,2024-04-30,15:32,"SUPERSEDED by 2026 'IP vs PASSIVE 3BET' (same coach, newer video wins).",no
IP VS PASSIVE 3B,opener IP,vs_3bet,3bettor OOP,passive 3bettor,K8s,4bet,0,call,0,,0,100,Live Poker PREFLOP BIBLE,2024-04-30,15:32,"SUPERSEDED by 2026 'IP vs PASSIVE 3BET' (same coach, newer video wins).",no
IP VS PASSIVE 3B,opener IP,vs_3bet,3bettor OOP,passive 3bettor,K7s,4bet,0,call,0,,0,100,Live Poker PREFLOP BIBLE,2024-04-30,15:32,"SUPERSEDED by 2026 'IP vs PASSIVE 3BET' (same coach, newer video wins).",no
IP VS PASSIVE 3B,opener IP,vs_3bet,3bettor OOP,passive 3bettor,K6s,4bet,0,call,0,,0,100,Live Poker PREFLOP BIBLE,2024-04-30,15:32,"SUPERSEDED by 2026 'IP vs PASSIVE 3BET' (same coach, newer video wins).",no
IP VS PASSIVE 3B,opener IP,vs_3bet,3bettor OOP,passive 3bettor,K5s,4bet,0,call,0,,0,100,Live Poker PREFLOP BIBLE,2024-04-30,15:32,"SUPERSEDED by 2026 'IP vs PASSIVE 3BET' (same coach, newer video wins).",no
IP VS PASSIVE 3B,opener IP,vs_3bet,3bettor OOP,passive 3bettor,K4s,4bet,0,call,0,,0,100,Live Poker PREFLOP BIBLE,2024-04-30,15:32,"SUPERSEDED by 2026 'IP vs PASSIVE 3BET' (same coach, newer video wins).",no
IP VS PASSIVE 3B,opener IP,vs_3bet,3bettor OOP,passive 3bettor,K3s,4bet,0,call,0,,0,100,Live Poker PREFLOP BIBLE,2024-04-30,15:32,"SUPERSEDED by 2026 'IP vs PASSIVE 3BET' (same coach, newer video wins).",no
IP VS PASSIVE 3B,opener IP,vs_3bet,3bettor OOP,passive 3bettor,K2s,4bet,0,call,0,,0,100,Live Poker PREFLOP BIBLE,2024-04-30,15:32,"SUPERSEDED by 2026 'IP vs PASSIVE 3BET' (same coach, newer video wins).",no
IP VS PASSIVE 3B,opener IP,vs_3bet,3bettor OOP,passive 3bettor,AQo,4bet,0,call,100,,0,0,Live Poker PREFLOP BIBLE,2024-04-30,15:32,"SUPERSEDED by 2026 'IP vs PASSIVE 3BET' (same coach, newer video wins).",no
IP VS PASSIVE 3B,opener IP,vs_3bet,3bettor OOP,passive 3bettor,KQo,4bet,0,call,0,,0,100,Live Poker PREFLOP BIBLE,2024-04-30,15:32,"SUPERSEDED by 2026 'IP vs PASSIVE 3BET' (same coach, newer video wins).",no
IP VS PASSIVE 3B,opener IP,vs_3bet,3bettor OOP,passive 3bettor,QQ,4bet,0,call,100,,0,0,Live Poker PREFLOP BIBLE,2024-04-30,15:32,"SUPERSEDED by 2026 'IP vs PASSIVE 3BET' (same coach, newer video wins).",no
IP VS PASSIVE 3B,opener IP,vs_3bet,3bettor OOP,passive 3bettor,QJs,4bet,0,call,100,,0,0,Live Poker PREFLOP BIBLE,2024-04-30,15:32,"SUPERSEDED by 2026 'IP vs PASSIVE 3BET' (same coach, newer video wins).",no
IP VS PASSIVE 3B,opener IP,vs_3bet,3bettor OOP,passive 3bettor,QTs,4bet,0,call,100,,0,0,Live Poker PREFLOP BIBLE,2024-04-30,15:32,"SUPERSEDED by 2026 'IP vs PASSIVE 3BET' (same coach, newer video wins).",no
IP VS PASSIVE 3B,opener IP,vs_3bet,3bettor OOP,passive 3bettor,Q9s,4bet,0,call,100,,0,0,Live Poker PREFLOP BIBLE,2024-04-30,15:32,"SUPERSEDED by 2026 'IP vs PASSIVE 3BET' (same coach, newer video wins).",no
IP VS PASSIVE 3B,opener IP,vs_3bet,3bettor OOP,passive 3bettor,Q8s,4bet,0,call,0,,0,100,Live Poker PREFLOP BIBLE,2024-04-30,15:32,"SUPERSEDED by 2026 'IP vs PASSIVE 3BET' (same coach, newer video wins).",no
IP VS PASSIVE 3B,opener IP,vs_3bet,3bettor OOP,passive 3bettor,Q7s,4bet,0,call,0,,0,100,Live Poker PREFLOP BIBLE,2024-04-30,15:32,"SUPERSEDED by 2026 'IP vs PASSIVE 3BET' (same coach, newer video wins).",no
IP VS PASSIVE 3B,opener IP,vs_3bet,3bettor OOP,passive 3bettor,Q6s,4bet,0,call,0,,0,100,Live Poker PREFLOP BIBLE,2024-04-30,15:32,"SUPERSEDED by 2026 'IP vs PASSIVE 3BET' (same coach, newer video wins).",no
IP VS PASSIVE 3B,opener IP,vs_3bet,3bettor OOP,passive 3bettor,Q5s,4bet,0,call,0,,0,100,Live Poker PREFLOP BIBLE,2024-04-30,15:32,"SUPERSEDED by 2026 'IP vs PASSIVE 3BET' (same coach, newer video wins).",no
IP VS PASSIVE 3B,opener IP,vs_3bet,3bettor OOP,passive 3bettor,Q4s,4bet,0,call,0,,0,100,Live Poker PREFLOP BIBLE,2024-04-30,15:32,"SUPERSEDED by 2026 'IP vs PASSIVE 3BET' (same coach, newer video wins).",no
IP VS PASSIVE 3B,opener IP,vs_3bet,3bettor OOP,passive 3bettor,Q3s,4bet,0,call,0,,0,100,Live Poker PREFLOP BIBLE,2024-04-30,15:32,"SUPERSEDED by 2026 'IP vs PASSIVE 3BET' (same coach, newer video wins).",no
IP VS PASSIVE 3B,opener IP,vs_3bet,3bettor OOP,passive 3bettor,Q2s,4bet,0,call,0,,0,100,Live Poker PREFLOP BIBLE,2024-04-30,15:32,"SUPERSEDED by 2026 'IP vs PASSIVE 3BET' (same coach, newer video wins).",no
IP VS PASSIVE 3B,opener IP,vs_3bet,3bettor OOP,passive 3bettor,AJo,4bet,0,call,0,,0,100,Live Poker PREFLOP BIBLE,2024-04-30,15:32,"SUPERSEDED by 2026 'IP vs PASSIVE 3BET' (same coach, newer video wins).",no
IP VS PASSIVE 3B,opener IP,vs_3bet,3bettor OOP,passive 3bettor,KJo,4bet,0,call,0,,0,100,Live Poker PREFLOP BIBLE,2024-04-30,15:32,"SUPERSEDED by 2026 'IP vs PASSIVE 3BET' (same coach, newer video wins).",no
IP VS PASSIVE 3B,opener IP,vs_3bet,3bettor OOP,passive 3bettor,QJo,4bet,0,call,0,,0,100,Live Poker PREFLOP BIBLE,2024-04-30,15:32,"SUPERSEDED by 2026 'IP vs PASSIVE 3BET' (same coach, newer video wins).",no
IP VS PASSIVE 3B,opener IP,vs_3bet,3bettor OOP,passive 3bettor,JJ,4bet,0,call,100,,0,0,Live Poker PREFLOP BIBLE,2024-04-30,15:32,"SUPERSEDED by 2026 'IP vs PASSIVE 3BET' (same coach, newer video wins).",no
IP VS PASSIVE 3B,opener IP,vs_3bet,3bettor OOP,passive 3bettor,JTs,4bet,0,call,100,,0,0,Live Poker PREFLOP BIBLE,2024-04-30,15:32,"SUPERSEDED by 2026 'IP vs PASSIVE 3BET' (same coach, newer video wins).",no
IP VS PASSIVE 3B,opener IP,vs_3bet,3bettor OOP,passive 3bettor,J9s,4bet,0,call,100,,0,0,Live Poker PREFLOP BIBLE,2024-04-30,15:32,"SUPERSEDED by 2026 'IP vs PASSIVE 3BET' (same coach, newer video wins).",no
IP VS PASSIVE 3B,opener IP,vs_3bet,3bettor OOP,passive 3bettor,J8s,4bet,0,call,0,,0,100,Live Poker PREFLOP BIBLE,2024-04-30,15:32,"SUPERSEDED by 2026 'IP vs PASSIVE 3BET' (same coach, newer video wins).",no
IP VS PASSIVE 3B,opener IP,vs_3bet,3bettor OOP,passive 3bettor,J7s,4bet,0,call,0,,0,100,Live Poker PREFLOP BIBLE,2024-04-30,15:32,"SUPERSEDED by 2026 'IP vs PASSIVE 3BET' (same coach, newer video wins).",no
IP VS PASSIVE 3B,opener IP,vs_3bet,3bettor OOP,passive 3bettor,J6s,4bet,0,call,0,,0,100,Live Poker PREFLOP BIBLE,2024-04-30,15:32,"SUPERSEDED by 2026 'IP vs PASSIVE 3BET' (same coach, newer video wins).",no
IP VS PASSIVE 3B,opener IP,vs_3bet,3bettor OOP,passive 3bettor,J5s,4bet,0,call,0,,0,100,Live Poker PREFLOP BIBLE,2024-04-30,15:32,"SUPERSEDED by 2026 'IP vs PASSIVE 3BET' (same coach, newer video wins).",no
IP VS PASSIVE 3B,opener IP,vs_3bet,3bettor OOP,passive 3bettor,J4s,4bet,0,call,0,,0,100,Live Poker PREFLOP BIBLE,2024-04-30,15:32,"SUPERSEDED by 2026 'IP vs PASSIVE 3BET' (same coach, newer video wins).",no
IP VS PASSIVE 3B,opener IP,vs_3bet,3bettor OOP,passive 3bettor,J3s,4bet,0,call,0,,0,100,Live Poker PREFLOP BIBLE,2024-04-30,15:32,"SUPERSEDED by 2026 'IP vs PASSIVE 3BET' (same coach, newer video wins).",no
IP VS PASSIVE 3B,opener IP,vs_3bet,3bettor OOP,passive 3bettor,J2s,4bet,0,call,0,,0,100,Live Poker PREFLOP BIBLE,2024-04-30,15:32,"SUPERSEDED by 2026 'IP vs PASSIVE 3BET' (same coach, newer video wins).",no
IP VS PASSIVE 3B,opener IP,vs_3bet,3bettor OOP,passive 3bettor,ATo,4bet,0,call,0,,0,100,Live Poker PREFLOP BIBLE,2024-04-30,15:32,"SUPERSEDED by 2026 'IP vs PASSIVE 3BET' (same coach, newer video wins).",no
IP VS PASSIVE 3B,opener IP,vs_3bet,3bettor OOP,passive 3bettor,KTo,4bet,0,call,0,,0,100,Live Poker PREFLOP BIBLE,2024-04-30,15:32,"SUPERSEDED by 2026 'IP vs PASSIVE 3BET' (same coach, newer video wins).",no
IP VS PASSIVE 3B,opener IP,vs_3bet,3bettor OOP,passive 3bettor,QTo,4bet,0,call,0,,0,100,Live Poker PREFLOP BIBLE,2024-04-30,15:32,"SUPERSEDED by 2026 'IP vs PASSIVE 3BET' (same coach, newer video wins).",no
IP VS PASSIVE 3B,opener IP,vs_3bet,3bettor OOP,passive 3bettor,JTo,4bet,0,call,0,,0,100,Live Poker PREFLOP BIBLE,2024-04-30,15:32,"SUPERSEDED by 2026 'IP vs PASSIVE 3BET' (same coach, newer video wins).",no
IP VS PASSIVE 3B,opener IP,vs_3bet,3bettor OOP,passive 3bettor,TT,4bet,0,call,100,,0,0,Live Poker PREFLOP BIBLE,2024-04-30,15:32,"SUPERSEDED by 2026 'IP vs PASSIVE 3BET' (same coach, newer video wins).",no
IP VS PASSIVE 3B,opener IP,vs_3bet,3bettor OOP,passive 3bettor,T9s,4bet,0,call,100,,0,0,Live Poker PREFLOP BIBLE,2024-04-30,15:32,"SUPERSEDED by 2026 'IP vs PASSIVE 3BET' (same coach, newer video wins).",no
IP VS PASSIVE 3B,opener IP,vs_3bet,3bettor OOP,passive 3bettor,T8s,4bet,0,call,100,,0,0,Live Poker PREFLOP BIBLE,2024-04-30,15:32,"SUPERSEDED by 2026 'IP vs PASSIVE 3BET' (same coach, newer video wins).",no
IP VS PASSIVE 3B,opener IP,vs_3bet,3bettor OOP,passive 3bettor,T7s,4bet,0,call,0,,0,100,Live Poker PREFLOP BIBLE,2024-04-30,15:32,"SUPERSEDED by 2026 'IP vs PASSIVE 3BET' (same coach, newer video wins).",no
IP VS PASSIVE 3B,opener IP,vs_3bet,3bettor OOP,passive 3bettor,T6s,4bet,0,call,0,,0,100,Live Poker PREFLOP BIBLE,2024-04-30,15:32,"SUPERSEDED by 2026 'IP vs PASSIVE 3BET' (same coach, newer video wins).",no
IP VS PASSIVE 3B,opener IP,vs_3bet,3bettor OOP,passive 3bettor,T5s,4bet,0,call,0,,0,100,Live Poker PREFLOP BIBLE,2024-04-30,15:32,"SUPERSEDED by 2026 'IP vs PASSIVE 3BET' (same coach, newer video wins).",no
IP VS PASSIVE 3B,opener IP,vs_3bet,3bettor OOP,passive 3bettor,T4s,4bet,0,call,0,,0,100,Live Poker PREFLOP BIBLE,2024-04-30,15:32,"SUPERSEDED by 2026 'IP vs PASSIVE 3BET' (same coach, newer video wins).",no
IP VS PASSIVE 3B,opener IP,vs_3bet,3bettor OOP,passive 3bettor,T3s,4bet,0,call,0,,0,100,Live Poker PREFLOP BIBLE,2024-04-30,15:32,"SUPERSEDED by 2026 'IP vs PASSIVE 3BET' (same coach, newer video wins).",no
IP VS PASSIVE 3B,opener IP,vs_3bet,3bettor OOP,passive 3bettor,T2s,4bet,0,call,0,,0,100,Live Poker PREFLOP BIBLE,2024-04-30,15:32,"SUPERSEDED by 2026 'IP vs PASSIVE 3BET' (same coach, newer video wins).",no
IP VS PASSIVE 3B,opener IP,vs_3bet,3bettor OOP,passive 3bettor,A9o,4bet,0,call,0,,0,100,Live Poker PREFLOP BIBLE,2024-04-30,15:32,"SUPERSEDED by 2026 'IP vs PASSIVE 3BET' (same coach, newer video wins).",no
IP VS PASSIVE 3B,opener IP,vs_3bet,3bettor OOP,passive 3bettor,K9o,4bet,0,call,0,,0,100,Live Poker PREFLOP BIBLE,2024-04-30,15:32,"SUPERSEDED by 2026 'IP vs PASSIVE 3BET' (same coach, newer video wins).",no
IP VS PASSIVE 3B,opener IP,vs_3bet,3bettor OOP,passive 3bettor,Q9o,4bet,0,call,0,,0,100,Live Poker PREFLOP BIBLE,2024-04-30,15:32,"SUPERSEDED by 2026 'IP vs PASSIVE 3BET' (same coach, newer video wins).",no
IP VS PASSIVE 3B,opener IP,vs_3bet,3bettor OOP,passive 3bettor,J9o,4bet,0,call,0,,0,100,Live Poker PREFLOP BIBLE,2024-04-30,15:32,"SUPERSEDED by 2026 'IP vs PASSIVE 3BET' (same coach, newer video wins).",no
IP VS PASSIVE 3B,opener IP,vs_3bet,3bettor OOP,passive 3bettor,T9o,4bet,0,call,0,,0,100,Live Poker PREFLOP BIBLE,2024-04-30,15:32,"SUPERSEDED by 2026 'IP vs PASSIVE 3BET' (same coach, newer video wins).",no
IP VS PASSIVE 3B,opener IP,vs_3bet,3bettor OOP,passive 3bettor,99,4bet,0,call,100,,0,0,Live Poker PREFLOP BIBLE,2024-04-30,15:32,"SUPERSEDED by 2026 'IP vs PASSIVE 3BET' (same coach, newer video wins).",no
IP VS PASSIVE 3B,opener IP,vs_3bet,3bettor OOP,passive 3bettor,98s,4bet,0,call,100,,0,0,Live Poker PREFLOP BIBLE,2024-04-30,15:32,"SUPERSEDED by 2026 'IP vs PASSIVE 3BET' (same coach, newer video wins).",no
IP VS PASSIVE 3B,opener IP,vs_3bet,3bettor OOP,passive 3bettor,97s,4bet,0,call,0,,0,100,Live Poker PREFLOP BIBLE,2024-04-30,15:32,"SUPERSEDED by 2026 'IP vs PASSIVE 3BET' (same coach, newer video wins).",no
IP VS PASSIVE 3B,opener IP,vs_3bet,3bettor OOP,passive 3bettor,96s,4bet,0,call,0,,0,100,Live Poker PREFLOP BIBLE,2024-04-30,15:32,"SUPERSEDED by 2026 'IP vs PASSIVE 3BET' (same coach, newer video wins).",no
IP VS PASSIVE 3B,opener IP,vs_3bet,3bettor OOP,passive 3bettor,95s,4bet,0,call,0,,0,100,Live Poker PREFLOP BIBLE,2024-04-30,15:32,"SUPERSEDED by 2026 'IP vs PASSIVE 3BET' (same coach, newer video wins).",no
IP VS PASSIVE 3B,opener IP,vs_3bet,3bettor OOP,passive 3bettor,94s,4bet,0,call,0,,0,100,Live Poker PREFLOP BIBLE,2024-04-30,15:32,"SUPERSEDED by 2026 'IP vs PASSIVE 3BET' (same coach, newer video wins).",no
IP VS PASSIVE 3B,opener IP,vs_3bet,3bettor OOP,passive 3bettor,93s,4bet,0,call,0,,0,100,Live Poker PREFLOP BIBLE,2024-04-30,15:32,"SUPERSEDED by 2026 'IP vs PASSIVE 3BET' (same coach, newer video wins).",no
IP VS PASSIVE 3B,opener IP,vs_3bet,3bettor OOP,passive 3bettor,92s,4bet,0,call,0,,0,100,Live Poker PREFLOP BIBLE,2024-04-30,15:32,"SUPERSEDED by 2026 'IP vs PASSIVE 3BET' (same coach, newer video wins).",no
IP VS PASSIVE 3B,opener IP,vs_3bet,3bettor OOP,passive 3bettor,A8o,4bet,0,call,0,,0,100,Live Poker PREFLOP BIBLE,2024-04-30,15:32,"SUPERSEDED by 2026 'IP vs PASSIVE 3BET' (same coach, newer video wins).",no
IP VS PASSIVE 3B,opener IP,vs_3bet,3bettor OOP,passive 3bettor,K8o,4bet,0,call,0,,0,100,Live Poker PREFLOP BIBLE,2024-04-30,15:32,"SUPERSEDED by 2026 'IP vs PASSIVE 3BET' (same coach, newer video wins).",no
IP VS PASSIVE 3B,opener IP,vs_3bet,3bettor OOP,passive 3bettor,Q8o,4bet,0,call,0,,0,100,Live Poker PREFLOP BIBLE,2024-04-30,15:32,"SUPERSEDED by 2026 'IP vs PASSIVE 3BET' (same coach, newer video wins).",no
IP VS PASSIVE 3B,opener IP,vs_3bet,3bettor OOP,passive 3bettor,J8o,4bet,0,call,0,,0,100,Live Poker PREFLOP BIBLE,2024-04-30,15:32,"SUPERSEDED by 2026 'IP vs PASSIVE 3BET' (same coach, newer video wins).",no
IP VS PASSIVE 3B,opener IP,vs_3bet,3bettor OOP,passive 3bettor,T8o,4bet,0,call,0,,0,100,Live Poker PREFLOP BIBLE,2024-04-30,15:32,"SUPERSEDED by 2026 'IP vs PASSIVE 3BET' (same coach, newer video wins).",no
IP VS PASSIVE 3B,opener IP,vs_3bet,3bettor OOP,passive 3bettor,98o,4bet,0,call,0,,0,100,Live Poker PREFLOP BIBLE,2024-04-30,15:32,"SUPERSEDED by 2026 'IP vs PASSIVE 3BET' (same coach, newer video wins).",no
IP VS PASSIVE 3B,opener IP,vs_3bet,3bettor OOP,passive 3bettor,88,4bet,0,call,100,,0,0,Live Poker PREFLOP BIBLE,2024-04-30,15:32,"SUPERSEDED by 2026 'IP vs PASSIVE 3BET' (same coach, newer video wins).",no
IP VS PASSIVE 3B,opener IP,vs_3bet,3bettor OOP,passive 3bettor,87s,4bet,50,call,50,,0,0,Live Poker PREFLOP BIBLE,2024-04-30,15:32,"SUPERSEDED by 2026 'IP vs PASSIVE 3BET' (same coach, newer video wins). SITUATIONAL (Mark 2024): a 'partial' - don't randomize; lean to the aggressive action with a bigger skill edge, deeper stacks, or a weaker/more predictable opponent.",yes
IP VS PASSIVE 3B,opener IP,vs_3bet,3bettor OOP,passive 3bettor,86s,4bet,0,call,0,,0,100,Live Poker PREFLOP BIBLE,2024-04-30,15:32,"SUPERSEDED by 2026 'IP vs PASSIVE 3BET' (same coach, newer video wins).",no
IP VS PASSIVE 3B,opener IP,vs_3bet,3bettor OOP,passive 3bettor,85s,4bet,0,call,0,,0,100,Live Poker PREFLOP BIBLE,2024-04-30,15:32,"SUPERSEDED by 2026 'IP vs PASSIVE 3BET' (same coach, newer video wins).",no
IP VS PASSIVE 3B,opener IP,vs_3bet,3bettor OOP,passive 3bettor,84s,4bet,0,call,0,,0,100,Live Poker PREFLOP BIBLE,2024-04-30,15:32,"SUPERSEDED by 2026 'IP vs PASSIVE 3BET' (same coach, newer video wins).",no
IP VS PASSIVE 3B,opener IP,vs_3bet,3bettor OOP,passive 3bettor,83s,4bet,0,call,0,,0,100,Live Poker PREFLOP BIBLE,2024-04-30,15:32,"SUPERSEDED by 2026 'IP vs PASSIVE 3BET' (same coach, newer video wins).",no
IP VS PASSIVE 3B,opener IP,vs_3bet,3bettor OOP,passive 3bettor,82s,4bet,0,call,0,,0,100,Live Poker PREFLOP BIBLE,2024-04-30,15:32,"SUPERSEDED by 2026 'IP vs PASSIVE 3BET' (same coach, newer video wins).",no
IP VS PASSIVE 3B,opener IP,vs_3bet,3bettor OOP,passive 3bettor,A7o,4bet,0,call,0,,0,100,Live Poker PREFLOP BIBLE,2024-04-30,15:32,"SUPERSEDED by 2026 'IP vs PASSIVE 3BET' (same coach, newer video wins).",no
IP VS PASSIVE 3B,opener IP,vs_3bet,3bettor OOP,passive 3bettor,K7o,4bet,0,call,0,,0,100,Live Poker PREFLOP BIBLE,2024-04-30,15:32,"SUPERSEDED by 2026 'IP vs PASSIVE 3BET' (same coach, newer video wins).",no
IP VS PASSIVE 3B,opener IP,vs_3bet,3bettor OOP,passive 3bettor,Q7o,4bet,0,call,0,,0,100,Live Poker PREFLOP BIBLE,2024-04-30,15:32,"SUPERSEDED by 2026 'IP vs PASSIVE 3BET' (same coach, newer video wins).",no
IP VS PASSIVE 3B,opener IP,vs_3bet,3bettor OOP,passive 3bettor,J7o,4bet,0,call,0,,0,100,Live Poker PREFLOP BIBLE,2024-04-30,15:32,"SUPERSEDED by 2026 'IP vs PASSIVE 3BET' (same coach, newer video wins).",no
IP VS PASSIVE 3B,opener IP,vs_3bet,3bettor OOP,passive 3bettor,T7o,4bet,0,call,0,,0,100,Live Poker PREFLOP BIBLE,2024-04-30,15:32,"SUPERSEDED by 2026 'IP vs PASSIVE 3BET' (same coach, newer video wins).",no
IP VS PASSIVE 3B,opener IP,vs_3bet,3bettor OOP,passive 3bettor,97o,4bet,0,call,0,,0,100,Live Poker PREFLOP BIBLE,2024-04-30,15:32,"SUPERSEDED by 2026 'IP vs PASSIVE 3BET' (same coach, newer video wins).",no
IP VS PASSIVE 3B,opener IP,vs_3bet,3bettor OOP,passive 3bettor,87o,4bet,0,call,0,,0,100,Live Poker PREFLOP BIBLE,2024-04-30,15:32,"SUPERSEDED by 2026 'IP vs PASSIVE 3BET' (same coach, newer video wins).",no
IP VS PASSIVE 3B,opener IP,vs_3bet,3bettor OOP,passive 3bettor,77,4bet,0,call,100,,0,0,Live Poker PREFLOP BIBLE,2024-04-30,15:32,"SUPERSEDED by 2026 'IP vs PASSIVE 3BET' (same coach, newer video wins).",no
IP VS PASSIVE 3B,opener IP,vs_3bet,3bettor OOP,passive 3bettor,76s,4bet,0,call,100,,0,0,Live Poker PREFLOP BIBLE,2024-04-30,15:32,"SUPERSEDED by 2026 'IP vs PASSIVE 3BET' (same coach, newer video wins).",no
IP VS PASSIVE 3B,opener IP,vs_3bet,3bettor OOP,passive 3bettor,75s,4bet,0,call,100,,0,0,Live Poker PREFLOP BIBLE,2024-04-30,15:32,"SUPERSEDED by 2026 'IP vs PASSIVE 3BET' (same coach, newer video wins).",no
IP VS PASSIVE 3B,opener IP,vs_3bet,3bettor OOP,passive 3bettor,74s,4bet,0,call,0,,0,100,Live Poker PREFLOP BIBLE,2024-04-30,15:32,"SUPERSEDED by 2026 'IP vs PASSIVE 3BET' (same coach, newer video wins).",no
IP VS PASSIVE 3B,opener IP,vs_3bet,3bettor OOP,passive 3bettor,73s,4bet,0,call,0,,0,100,Live Poker PREFLOP BIBLE,2024-04-30,15:32,"SUPERSEDED by 2026 'IP vs PASSIVE 3BET' (same coach, newer video wins).",no
IP VS PASSIVE 3B,opener IP,vs_3bet,3bettor OOP,passive 3bettor,72s,4bet,0,call,0,,0,100,Live Poker PREFLOP BIBLE,2024-04-30,15:32,"SUPERSEDED by 2026 'IP vs PASSIVE 3BET' (same coach, newer video wins).",no
IP VS PASSIVE 3B,opener IP,vs_3bet,3bettor OOP,passive 3bettor,A6o,4bet,0,call,0,,0,100,Live Poker PREFLOP BIBLE,2024-04-30,15:32,"SUPERSEDED by 2026 'IP vs PASSIVE 3BET' (same coach, newer video wins).",no
IP VS PASSIVE 3B,opener IP,vs_3bet,3bettor OOP,passive 3bettor,K6o,4bet,0,call,0,,0,100,Live Poker PREFLOP BIBLE,2024-04-30,15:32,"SUPERSEDED by 2026 'IP vs PASSIVE 3BET' (same coach, newer video wins).",no
IP VS PASSIVE 3B,opener IP,vs_3bet,3bettor OOP,passive 3bettor,Q6o,4bet,0,call,0,,0,100,Live Poker PREFLOP BIBLE,2024-04-30,15:32,"SUPERSEDED by 2026 'IP vs PASSIVE 3BET' (same coach, newer video wins).",no
IP VS PASSIVE 3B,opener IP,vs_3bet,3bettor OOP,passive 3bettor,J6o,4bet,0,call,0,,0,100,Live Poker PREFLOP BIBLE,2024-04-30,15:32,"SUPERSEDED by 2026 'IP vs PASSIVE 3BET' (same coach, newer video wins).",no
IP VS PASSIVE 3B,opener IP,vs_3bet,3bettor OOP,passive 3bettor,T6o,4bet,0,call,0,,0,100,Live Poker PREFLOP BIBLE,2024-04-30,15:32,"SUPERSEDED by 2026 'IP vs PASSIVE 3BET' (same coach, newer video wins).",no
IP VS PASSIVE 3B,opener IP,vs_3bet,3bettor OOP,passive 3bettor,96o,4bet,0,call,0,,0,100,Live Poker PREFLOP BIBLE,2024-04-30,15:32,"SUPERSEDED by 2026 'IP vs PASSIVE 3BET' (same coach, newer video wins).",no
IP VS PASSIVE 3B,opener IP,vs_3bet,3bettor OOP,passive 3bettor,86o,4bet,0,call,0,,0,100,Live Poker PREFLOP BIBLE,2024-04-30,15:32,"SUPERSEDED by 2026 'IP vs PASSIVE 3BET' (same coach, newer video wins).",no
IP VS PASSIVE 3B,opener IP,vs_3bet,3bettor OOP,passive 3bettor,76o,4bet,0,call,0,,0,100,Live Poker PREFLOP BIBLE,2024-04-30,15:32,"SUPERSEDED by 2026 'IP vs PASSIVE 3BET' (same coach, newer video wins).",no
IP VS PASSIVE 3B,opener IP,vs_3bet,3bettor OOP,passive 3bettor,66,4bet,0,call,100,,0,0,Live Poker PREFLOP BIBLE,2024-04-30,15:32,"SUPERSEDED by 2026 'IP vs PASSIVE 3BET' (same coach, newer video wins).",no
IP VS PASSIVE 3B,opener IP,vs_3bet,3bettor OOP,passive 3bettor,65s,4bet,0,call,100,,0,0,Live Poker PREFLOP BIBLE,2024-04-30,15:32,"SUPERSEDED by 2026 'IP vs PASSIVE 3BET' (same coach, newer video wins).",no
IP VS PASSIVE 3B,opener IP,vs_3bet,3bettor OOP,passive 3bettor,64s,4bet,0,call,100,,0,0,Live Poker PREFLOP BIBLE,2024-04-30,15:32,"SUPERSEDED by 2026 'IP vs PASSIVE 3BET' (same coach, newer video wins).",no
IP VS PASSIVE 3B,opener IP,vs_3bet,3bettor OOP,passive 3bettor,63s,4bet,0,call,0,,0,100,Live Poker PREFLOP BIBLE,2024-04-30,15:32,"SUPERSEDED by 2026 'IP vs PASSIVE 3BET' (same coach, newer video wins).",no
IP VS PASSIVE 3B,opener IP,vs_3bet,3bettor OOP,passive 3bettor,62s,4bet,0,call,0,,0,100,Live Poker PREFLOP BIBLE,2024-04-30,15:32,"SUPERSEDED by 2026 'IP vs PASSIVE 3BET' (same coach, newer video wins).",no
IP VS PASSIVE 3B,opener IP,vs_3bet,3bettor OOP,passive 3bettor,A5o,4bet,0,call,0,,0,100,Live Poker PREFLOP BIBLE,2024-04-30,15:32,"SUPERSEDED by 2026 'IP vs PASSIVE 3BET' (same coach, newer video wins).",no
IP VS PASSIVE 3B,opener IP,vs_3bet,3bettor OOP,passive 3bettor,K5o,4bet,0,call,0,,0,100,Live Poker PREFLOP BIBLE,2024-04-30,15:32,"SUPERSEDED by 2026 'IP vs PASSIVE 3BET' (same coach, newer video wins).",no
IP VS PASSIVE 3B,opener IP,vs_3bet,3bettor OOP,passive 3bettor,Q5o,4bet,0,call,0,,0,100,Live Poker PREFLOP BIBLE,2024-04-30,15:32,"SUPERSEDED by 2026 'IP vs PASSIVE 3BET' (same coach, newer video wins).",no
IP VS PASSIVE 3B,opener IP,vs_3bet,3bettor OOP,passive 3bettor,J5o,4bet,0,call,0,,0,100,Live Poker PREFLOP BIBLE,2024-04-30,15:32,"SUPERSEDED by 2026 'IP vs PASSIVE 3BET' (same coach, newer video wins).",no
IP VS PASSIVE 3B,opener IP,vs_3bet,3bettor OOP,passive 3bettor,T5o,4bet,0,call,0,,0,100,Live Poker PREFLOP BIBLE,2024-04-30,15:32,"SUPERSEDED by 2026 'IP vs PASSIVE 3BET' (same coach, newer video wins).",no
IP VS PASSIVE 3B,opener IP,vs_3bet,3bettor OOP,passive 3bettor,95o,4bet,0,call,0,,0,100,Live Poker PREFLOP BIBLE,2024-04-30,15:32,"SUPERSEDED by 2026 'IP vs PASSIVE 3BET' (same coach, newer video wins).",no
IP VS PASSIVE 3B,opener IP,vs_3bet,3bettor OOP,passive 3bettor,85o,4bet,0,call,0,,0,100,Live Poker PREFLOP BIBLE,2024-04-30,15:32,"SUPERSEDED by 2026 'IP vs PASSIVE 3BET' (same coach, newer video wins).",no
IP VS PASSIVE 3B,opener IP,vs_3bet,3bettor OOP,passive 3bettor,75o,4bet,0,call,0,,0,100,Live Poker PREFLOP BIBLE,2024-04-30,15:32,"SUPERSEDED by 2026 'IP vs PASSIVE 3BET' (same coach, newer video wins).",no
IP VS PASSIVE 3B,opener IP,vs_3bet,3bettor OOP,passive 3bettor,65o,4bet,0,call,0,,0,100,Live Poker PREFLOP BIBLE,2024-04-30,15:32,"SUPERSEDED by 2026 'IP vs PASSIVE 3BET' (same coach, newer video wins).",no
IP VS PASSIVE 3B,opener IP,vs_3bet,3bettor OOP,passive 3bettor,55,4bet,0,call,100,,0,0,Live Poker PREFLOP BIBLE,2024-04-30,15:32,"SUPERSEDED by 2026 'IP vs PASSIVE 3BET' (same coach, newer video wins).",no
IP VS PASSIVE 3B,opener IP,vs_3bet,3bettor OOP,passive 3bettor,54s,4bet,0,call,100,,0,0,Live Poker PREFLOP BIBLE,2024-04-30,15:32,"SUPERSEDED by 2026 'IP vs PASSIVE 3BET' (same coach, newer video wins).",no
IP VS PASSIVE 3B,opener IP,vs_3bet,3bettor OOP,passive 3bettor,53s,4bet,0,call,100,,0,0,Live Poker PREFLOP BIBLE,2024-04-30,15:32,"SUPERSEDED by 2026 'IP vs PASSIVE 3BET' (same coach, newer video wins).",no
IP VS PASSIVE 3B,opener IP,vs_3bet,3bettor OOP,passive 3bettor,52s,4bet,0,call,0,,0,100,Live Poker PREFLOP BIBLE,2024-04-30,15:32,"SUPERSEDED by 2026 'IP vs PASSIVE 3BET' (same coach, newer video wins).",no
IP VS PASSIVE 3B,opener IP,vs_3bet,3bettor OOP,passive 3bettor,A4o,4bet,0,call,0,,0,100,Live Poker PREFLOP BIBLE,2024-04-30,15:32,"SUPERSEDED by 2026 'IP vs PASSIVE 3BET' (same coach, newer video wins).",no
IP VS PASSIVE 3B,opener IP,vs_3bet,3bettor OOP,passive 3bettor,K4o,4bet,0,call,0,,0,100,Live Poker PREFLOP BIBLE,2024-04-30,15:32,"SUPERSEDED by 2026 'IP vs PASSIVE 3BET' (same coach, newer video wins).",no
IP VS PASSIVE 3B,opener IP,vs_3bet,3bettor OOP,passive 3bettor,Q4o,4bet,0,call,0,,0,100,Live Poker PREFLOP BIBLE,2024-04-30,15:32,"SUPERSEDED by 2026 'IP vs PASSIVE 3BET' (same coach, newer video wins).",no
IP VS PASSIVE 3B,opener IP,vs_3bet,3bettor OOP,passive 3bettor,J4o,4bet,0,call,0,,0,100,Live Poker PREFLOP BIBLE,2024-04-30,15:32,"SUPERSEDED by 2026 'IP vs PASSIVE 3BET' (same coach, newer video wins).",no
IP VS PASSIVE 3B,opener IP,vs_3bet,3bettor OOP,passive 3bettor,T4o,4bet,0,call,0,,0,100,Live Poker PREFLOP BIBLE,2024-04-30,15:32,"SUPERSEDED by 2026 'IP vs PASSIVE 3BET' (same coach, newer video wins).",no
IP VS PASSIVE 3B,opener IP,vs_3bet,3bettor OOP,passive 3bettor,94o,4bet,0,call,0,,0,100,Live Poker PREFLOP BIBLE,2024-04-30,15:32,"SUPERSEDED by 2026 'IP vs PASSIVE 3BET' (same coach, newer video wins).",no
IP VS PASSIVE 3B,opener IP,vs_3bet,3bettor OOP,passive 3bettor,84o,4bet,0,call,0,,0,100,Live Poker PREFLOP BIBLE,2024-04-30,15:32,"SUPERSEDED by 2026 'IP vs PASSIVE 3BET' (same coach, newer video wins).",no
IP VS PASSIVE 3B,opener IP,vs_3bet,3bettor OOP,passive 3bettor,74o,4bet,0,call,0,,0,100,Live Poker PREFLOP BIBLE,2024-04-30,15:32,"SUPERSEDED by 2026 'IP vs PASSIVE 3BET' (same coach, newer video wins).",no
IP VS PASSIVE 3B,opener IP,vs_3bet,3bettor OOP,passive 3bettor,64o,4bet,0,call,0,,0,100,Live Poker PREFLOP BIBLE,2024-04-30,15:32,"SUPERSEDED by 2026 'IP vs PASSIVE 3BET' (same coach, newer video wins).",no
IP VS PASSIVE 3B,opener IP,vs_3bet,3bettor OOP,passive 3bettor,54o,4bet,0,call,0,,0,100,Live Poker PREFLOP BIBLE,2024-04-30,15:32,"SUPERSEDED by 2026 'IP vs PASSIVE 3BET' (same coach, newer video wins).",no
IP VS PASSIVE 3B,opener IP,vs_3bet,3bettor OOP,passive 3bettor,44,4bet,0,call,100,,0,0,Live Poker PREFLOP BIBLE,2024-04-30,15:32,"SUPERSEDED by 2026 'IP vs PASSIVE 3BET' (same coach, newer video wins).",no
IP VS PASSIVE 3B,opener IP,vs_3bet,3bettor OOP,passive 3bettor,43s,4bet,0,call,100,,0,0,Live Poker PREFLOP BIBLE,2024-04-30,15:32,"SUPERSEDED by 2026 'IP vs PASSIVE 3BET' (same coach, newer video wins).",no
IP VS PASSIVE 3B,opener IP,vs_3bet,3bettor OOP,passive 3bettor,42s,4bet,0,call,0,,0,100,Live Poker PREFLOP BIBLE,2024-04-30,15:32,"SUPERSEDED by 2026 'IP vs PASSIVE 3BET' (same coach, newer video wins).",no
IP VS PASSIVE 3B,opener IP,vs_3bet,3bettor OOP,passive 3bettor,A3o,4bet,0,call,0,,0,100,Live Poker PREFLOP BIBLE,2024-04-30,15:32,"SUPERSEDED by 2026 'IP vs PASSIVE 3BET' (same coach, newer video wins).",no
IP VS PASSIVE 3B,opener IP,vs_3bet,3bettor OOP,passive 3bettor,K3o,4bet,0,call,0,,0,100,Live Poker PREFLOP BIBLE,2024-04-30,15:32,"SUPERSEDED by 2026 'IP vs PASSIVE 3BET' (same coach, newer video wins).",no
IP VS PASSIVE 3B,opener IP,vs_3bet,3bettor OOP,passive 3bettor,Q3o,4bet,0,call,0,,0,100,Live Poker PREFLOP BIBLE,2024-04-30,15:32,"SUPERSEDED by 2026 'IP vs PASSIVE 3BET' (same coach, newer video wins).",no
IP VS PASSIVE 3B,opener IP,vs_3bet,3bettor OOP,passive 3bettor,J3o,4bet,0,call,0,,0,100,Live Poker PREFLOP BIBLE,2024-04-30,15:32,"SUPERSEDED by 2026 'IP vs PASSIVE 3BET' (same coach, newer video wins).",no
IP VS PASSIVE 3B,opener IP,vs_3bet,3bettor OOP,passive 3bettor,T3o,4bet,0,call,0,,0,100,Live Poker PREFLOP BIBLE,2024-04-30,15:32,"SUPERSEDED by 2026 'IP vs PASSIVE 3BET' (same coach, newer video wins).",no
IP VS PASSIVE 3B,opener IP,vs_3bet,3bettor OOP,passive 3bettor,93o,4bet,0,call,0,,0,100,Live Poker PREFLOP BIBLE,2024-04-30,15:32,"SUPERSEDED by 2026 'IP vs PASSIVE 3BET' (same coach, newer video wins).",no
IP VS PASSIVE 3B,opener IP,vs_3bet,3bettor OOP,passive 3bettor,83o,4bet,0,call,0,,0,100,Live Poker PREFLOP BIBLE,2024-04-30,15:32,"SUPERSEDED by 2026 'IP vs PASSIVE 3BET' (same coach, newer video wins).",no
IP VS PASSIVE 3B,opener IP,vs_3bet,3bettor OOP,passive 3bettor,73o,4bet,0,call,0,,0,100,Live Poker PREFLOP BIBLE,2024-04-30,15:32,"SUPERSEDED by 2026 'IP vs PASSIVE 3BET' (same coach, newer video wins).",no
IP VS PASSIVE 3B,opener IP,vs_3bet,3bettor OOP,passive 3bettor,63o,4bet,0,call,0,,0,100,Live Poker PREFLOP BIBLE,2024-04-30,15:32,"SUPERSEDED by 2026 'IP vs PASSIVE 3BET' (same coach, newer video wins).",no
IP VS PASSIVE 3B,opener IP,vs_3bet,3bettor OOP,passive 3bettor,53o,4bet,0,call,0,,0,100,Live Poker PREFLOP BIBLE,2024-04-30,15:32,"SUPERSEDED by 2026 'IP vs PASSIVE 3BET' (same coach, newer video wins).",no
IP VS PASSIVE 3B,opener IP,vs_3bet,3bettor OOP,passive 3bettor,43o,4bet,0,call,0,,0,100,Live Poker PREFLOP BIBLE,2024-04-30,15:32,"SUPERSEDED by 2026 'IP vs PASSIVE 3BET' (same coach, newer video wins).",no
IP VS PASSIVE 3B,opener IP,vs_3bet,3bettor OOP,passive 3bettor,33,4bet,0,call,100,,0,0,Live Poker PREFLOP BIBLE,2024-04-30,15:32,"SUPERSEDED by 2026 'IP vs PASSIVE 3BET' (same coach, newer video wins).",no
IP VS PASSIVE 3B,opener IP,vs_3bet,3bettor OOP,passive 3bettor,32s,4bet,0,call,0,,0,100,Live Poker PREFLOP BIBLE,2024-04-30,15:32,"SUPERSEDED by 2026 'IP vs PASSIVE 3BET' (same coach, newer video wins).",no
IP VS PASSIVE 3B,opener IP,vs_3bet,3bettor OOP,passive 3bettor,A2o,4bet,0,call,0,,0,100,Live Poker PREFLOP BIBLE,2024-04-30,15:32,"SUPERSEDED by 2026 'IP vs PASSIVE 3BET' (same coach, newer video wins).",no
IP VS PASSIVE 3B,opener IP,vs_3bet,3bettor OOP,passive 3bettor,K2o,4bet,0,call,0,,0,100,Live Poker PREFLOP BIBLE,2024-04-30,15:32,"SUPERSEDED by 2026 'IP vs PASSIVE 3BET' (same coach, newer video wins).",no
IP VS PASSIVE 3B,opener IP,vs_3bet,3bettor OOP,passive 3bettor,Q2o,4bet,0,call,0,,0,100,Live Poker PREFLOP BIBLE,2024-04-30,15:32,"SUPERSEDED by 2026 'IP vs PASSIVE 3BET' (same coach, newer video wins).",no
IP VS PASSIVE 3B,opener IP,vs_3bet,3bettor OOP,passive 3bettor,J2o,4bet,0,call,0,,0,100,Live Poker PREFLOP BIBLE,2024-04-30,15:32,"SUPERSEDED by 2026 'IP vs PASSIVE 3BET' (same coach, newer video wins).",no
IP VS PASSIVE 3B,opener IP,vs_3bet,3bettor OOP,passive 3bettor,T2o,4bet,0,call,0,,0,100,Live Poker PREFLOP BIBLE,2024-04-30,15:32,"SUPERSEDED by 2026 'IP vs PASSIVE 3BET' (same coach, newer video wins).",no
IP VS PASSIVE 3B,opener IP,vs_3bet,3bettor OOP,passive 3bettor,92o,4bet,0,call,0,,0,100,Live Poker PREFLOP BIBLE,2024-04-30,15:32,"SUPERSEDED by 2026 'IP vs PASSIVE 3BET' (same coach, newer video wins).",no
IP VS PASSIVE 3B,opener IP,vs_3bet,3bettor OOP,passive 3bettor,82o,4bet,0,call,0,,0,100,Live Poker PREFLOP BIBLE,2024-04-30,15:32,"SUPERSEDED by 2026 'IP vs PASSIVE 3BET' (same coach, newer video wins).",no
IP VS PASSIVE 3B,opener IP,vs_3bet,3bettor OOP,passive 3bettor,72o,4bet,0,call,0,,0,100,Live Poker PREFLOP BIBLE,2024-04-30,15:32,"SUPERSEDED by 2026 'IP vs PASSIVE 3BET' (same coach, newer video wins).",no
IP VS PASSIVE 3B,opener IP,vs_3bet,3bettor OOP,passive 3bettor,62o,4bet,0,call,0,,0,100,Live Poker PREFLOP BIBLE,2024-04-30,15:32,"SUPERSEDED by 2026 'IP vs PASSIVE 3BET' (same coach, newer video wins).",no
IP VS PASSIVE 3B,opener IP,vs_3bet,3bettor OOP,passive 3bettor,52o,4bet,0,call,0,,0,100,Live Poker PREFLOP BIBLE,2024-04-30,15:32,"SUPERSEDED by 2026 'IP vs PASSIVE 3BET' (same coach, newer video wins).",no
IP VS PASSIVE 3B,opener IP,vs_3bet,3bettor OOP,passive 3bettor,42o,4bet,0,call,0,,0,100,Live Poker PREFLOP BIBLE,2024-04-30,15:32,"SUPERSEDED by 2026 'IP vs PASSIVE 3BET' (same coach, newer video wins).",no
IP VS PASSIVE 3B,opener IP,vs_3bet,3bettor OOP,passive 3bettor,32o,4bet,0,call,0,,0,100,Live Poker PREFLOP BIBLE,2024-04-30,15:32,"SUPERSEDED by 2026 'IP vs PASSIVE 3BET' (same coach, newer video wins).",no
IP VS PASSIVE 3B,opener IP,vs_3bet,3bettor OOP,passive 3bettor,22,4bet,0,call,100,,0,0,Live Poker PREFLOP BIBLE,2024-04-30,15:32,"SUPERSEDED by 2026 'IP vs PASSIVE 3BET' (same coach, newer video wins).",no
IP VS AGGRO 3B,opener IP,vs_3bet,3bettor OOP,aggressive 3bettor,AA,4bet,100,call,0,,0,0,Live Poker PREFLOP BIBLE,2024-04-30,17:57,"SUPERSEDED by 2026 'IP vs AGGRO 3BET (THINKING) and IP vs AGGRO 3BET (WHALE)' (same coach, newer video wins).",no
IP VS AGGRO 3B,opener IP,vs_3bet,3bettor OOP,aggressive 3bettor,AKs,4bet,50,call,50,,0,0,Live Poker PREFLOP BIBLE,2024-04-30,17:57,"SUPERSEDED by 2026 'IP vs AGGRO 3BET (THINKING) and IP vs AGGRO 3BET (WHALE)' (same coach, newer video wins). SITUATIONAL (Mark 2024): a 'partial' - don't randomize; lean to the aggressive action with a bigger skill edge, deeper stacks, or a weaker/more predictable opponent.",yes
IP VS AGGRO 3B,opener IP,vs_3bet,3bettor OOP,aggressive 3bettor,AQs,4bet,50,call,50,,0,0,Live Poker PREFLOP BIBLE,2024-04-30,17:57,"SUPERSEDED by 2026 'IP vs AGGRO 3BET (THINKING) and IP vs AGGRO 3BET (WHALE)' (same coach, newer video wins). SITUATIONAL (Mark 2024): a 'partial' - don't randomize; lean to the aggressive action with a bigger skill edge, deeper stacks, or a weaker/more predictable opponent.",yes
IP VS AGGRO 3B,opener IP,vs_3bet,3bettor OOP,aggressive 3bettor,AJs,4bet,0,call,100,,0,0,Live Poker PREFLOP BIBLE,2024-04-30,17:57,"SUPERSEDED by 2026 'IP vs AGGRO 3BET (THINKING) and IP vs AGGRO 3BET (WHALE)' (same coach, newer video wins).",no
IP VS AGGRO 3B,opener IP,vs_3bet,3bettor OOP,aggressive 3bettor,ATs,4bet,0,call,100,,0,0,Live Poker PREFLOP BIBLE,2024-04-30,17:57,"SUPERSEDED by 2026 'IP vs AGGRO 3BET (THINKING) and IP vs AGGRO 3BET (WHALE)' (same coach, newer video wins).",no
IP VS AGGRO 3B,opener IP,vs_3bet,3bettor OOP,aggressive 3bettor,A9s,4bet,0,call,100,,0,0,Live Poker PREFLOP BIBLE,2024-04-30,17:57,"SUPERSEDED by 2026 'IP vs AGGRO 3BET (THINKING) and IP vs AGGRO 3BET (WHALE)' (same coach, newer video wins).",no
IP VS AGGRO 3B,opener IP,vs_3bet,3bettor OOP,aggressive 3bettor,A8s,4bet,0,call,100,,0,0,Live Poker PREFLOP BIBLE,2024-04-30,17:57,"SUPERSEDED by 2026 'IP vs AGGRO 3BET (THINKING) and IP vs AGGRO 3BET (WHALE)' (same coach, newer video wins).",no
IP VS AGGRO 3B,opener IP,vs_3bet,3bettor OOP,aggressive 3bettor,A7s,4bet,50,call,50,,0,0,Live Poker PREFLOP BIBLE,2024-04-30,17:57,"SUPERSEDED by 2026 'IP vs AGGRO 3BET (THINKING) and IP vs AGGRO 3BET (WHALE)' (same coach, newer video wins). SITUATIONAL (Mark 2024): a 'partial' - don't randomize; lean to the aggressive action with a bigger skill edge, deeper stacks, or a weaker/more predictable opponent.",yes
IP VS AGGRO 3B,opener IP,vs_3bet,3bettor OOP,aggressive 3bettor,A6s,4bet,50,call,50,,0,0,Live Poker PREFLOP BIBLE,2024-04-30,17:57,"SUPERSEDED by 2026 'IP vs AGGRO 3BET (THINKING) and IP vs AGGRO 3BET (WHALE)' (same coach, newer video wins). SITUATIONAL (Mark 2024): a 'partial' - don't randomize; lean to the aggressive action with a bigger skill edge, deeper stacks, or a weaker/more predictable opponent.",yes
IP VS AGGRO 3B,opener IP,vs_3bet,3bettor OOP,aggressive 3bettor,A5s,4bet,0,call,100,,0,0,Live Poker PREFLOP BIBLE,2024-04-30,17:57,"SUPERSEDED by 2026 'IP vs AGGRO 3BET (THINKING) and IP vs AGGRO 3BET (WHALE)' (same coach, newer video wins).",no
IP VS AGGRO 3B,opener IP,vs_3bet,3bettor OOP,aggressive 3bettor,A4s,4bet,0,call,100,,0,0,Live Poker PREFLOP BIBLE,2024-04-30,17:57,"SUPERSEDED by 2026 'IP vs AGGRO 3BET (THINKING) and IP vs AGGRO 3BET (WHALE)' (same coach, newer video wins).",no
IP VS AGGRO 3B,opener IP,vs_3bet,3bettor OOP,aggressive 3bettor,A3s,4bet,50,call,50,,0,0,Live Poker PREFLOP BIBLE,2024-04-30,17:57,"SUPERSEDED by 2026 'IP vs AGGRO 3BET (THINKING) and IP vs AGGRO 3BET (WHALE)' (same coach, newer video wins). SITUATIONAL (Mark 2024): a 'partial' - don't randomize; lean to the aggressive action with a bigger skill edge, deeper stacks, or a weaker/more predictable opponent.",yes
IP VS AGGRO 3B,opener IP,vs_3bet,3bettor OOP,aggressive 3bettor,A2s,4bet,50,call,50,,0,0,Live Poker PREFLOP BIBLE,2024-04-30,17:57,"SUPERSEDED by 2026 'IP vs AGGRO 3BET (THINKING) and IP vs AGGRO 3BET (WHALE)' (same coach, newer video wins). SITUATIONAL (Mark 2024): a 'partial' - don't randomize; lean to the aggressive action with a bigger skill edge, deeper stacks, or a weaker/more predictable opponent.",yes
IP VS AGGRO 3B,opener IP,vs_3bet,3bettor OOP,aggressive 3bettor,AKo,4bet,100,call,0,,0,0,Live Poker PREFLOP BIBLE,2024-04-30,17:57,"SUPERSEDED by 2026 'IP vs AGGRO 3BET (THINKING) and IP vs AGGRO 3BET (WHALE)' (same coach, newer video wins).",no
IP VS AGGRO 3B,opener IP,vs_3bet,3bettor OOP,aggressive 3bettor,KK,4bet,100,call,0,,0,0,Live Poker PREFLOP BIBLE,2024-04-30,17:57,"SUPERSEDED by 2026 'IP vs AGGRO 3BET (THINKING) and IP vs AGGRO 3BET (WHALE)' (same coach, newer video wins).",no
IP VS AGGRO 3B,opener IP,vs_3bet,3bettor OOP,aggressive 3bettor,KQs,4bet,0,call,100,,0,0,Live Poker PREFLOP BIBLE,2024-04-30,17:57,"SUPERSEDED by 2026 'IP vs AGGRO 3BET (THINKING) and IP vs AGGRO 3BET (WHALE)' (same coach, newer video wins).",no
IP VS AGGRO 3B,opener IP,vs_3bet,3bettor OOP,aggressive 3bettor,KJs,4bet,0,call,100,,0,0,Live Poker PREFLOP BIBLE,2024-04-30,17:57,"SUPERSEDED by 2026 'IP vs AGGRO 3BET (THINKING) and IP vs AGGRO 3BET (WHALE)' (same coach, newer video wins).",no
IP VS AGGRO 3B,opener IP,vs_3bet,3bettor OOP,aggressive 3bettor,KTs,4bet,0,call,100,,0,0,Live Poker PREFLOP BIBLE,2024-04-30,17:57,"SUPERSEDED by 2026 'IP vs AGGRO 3BET (THINKING) and IP vs AGGRO 3BET (WHALE)' (same coach, newer video wins).",no
IP VS AGGRO 3B,opener IP,vs_3bet,3bettor OOP,aggressive 3bettor,K9s,4bet,0,call,100,,0,0,Live Poker PREFLOP BIBLE,2024-04-30,17:57,"SUPERSEDED by 2026 'IP vs AGGRO 3BET (THINKING) and IP vs AGGRO 3BET (WHALE)' (same coach, newer video wins).",no
IP VS AGGRO 3B,opener IP,vs_3bet,3bettor OOP,aggressive 3bettor,K8s,4bet,0,call,100,,0,0,Live Poker PREFLOP BIBLE,2024-04-30,17:57,"SUPERSEDED by 2026 'IP vs AGGRO 3BET (THINKING) and IP vs AGGRO 3BET (WHALE)' (same coach, newer video wins).",no
IP VS AGGRO 3B,opener IP,vs_3bet,3bettor OOP,aggressive 3bettor,K7s,4bet,0,call,100,,0,0,Live Poker PREFLOP BIBLE,2024-04-30,17:57,"SUPERSEDED by 2026 'IP vs AGGRO 3BET (THINKING) and IP vs AGGRO 3BET (WHALE)' (same coach, newer video wins).",no
IP VS AGGRO 3B,opener IP,vs_3bet,3bettor OOP,aggressive 3bettor,K6s,4bet,0,call,100,,0,0,Live Poker PREFLOP BIBLE,2024-04-30,17:57,"SUPERSEDED by 2026 'IP vs AGGRO 3BET (THINKING) and IP vs AGGRO 3BET (WHALE)' (same coach, newer video wins).",no
IP VS AGGRO 3B,opener IP,vs_3bet,3bettor OOP,aggressive 3bettor,K5s,4bet,0,call,100,,0,0,Live Poker PREFLOP BIBLE,2024-04-30,17:57,"SUPERSEDED by 2026 'IP vs AGGRO 3BET (THINKING) and IP vs AGGRO 3BET (WHALE)' (same coach, newer video wins).",no
IP VS AGGRO 3B,opener IP,vs_3bet,3bettor OOP,aggressive 3bettor,K4s,4bet,0,call,100,,0,0,Live Poker PREFLOP BIBLE,2024-04-30,17:57,"SUPERSEDED by 2026 'IP vs AGGRO 3BET (THINKING) and IP vs AGGRO 3BET (WHALE)' (same coach, newer video wins).",no
IP VS AGGRO 3B,opener IP,vs_3bet,3bettor OOP,aggressive 3bettor,K3s,4bet,0,call,100,,0,0,Live Poker PREFLOP BIBLE,2024-04-30,17:57,"SUPERSEDED by 2026 'IP vs AGGRO 3BET (THINKING) and IP vs AGGRO 3BET (WHALE)' (same coach, newer video wins).",no
IP VS AGGRO 3B,opener IP,vs_3bet,3bettor OOP,aggressive 3bettor,K2s,4bet,0,call,0,,0,100,Live Poker PREFLOP BIBLE,2024-04-30,17:57,"SUPERSEDED by 2026 'IP vs AGGRO 3BET (THINKING) and IP vs AGGRO 3BET (WHALE)' (same coach, newer video wins).",no
IP VS AGGRO 3B,opener IP,vs_3bet,3bettor OOP,aggressive 3bettor,AQo,4bet,0,call,100,,0,0,Live Poker PREFLOP BIBLE,2024-04-30,17:57,"SUPERSEDED by 2026 'IP vs AGGRO 3BET (THINKING) and IP vs AGGRO 3BET (WHALE)' (same coach, newer video wins).",no
IP VS AGGRO 3B,opener IP,vs_3bet,3bettor OOP,aggressive 3bettor,KQo,4bet,0,call,100,,0,0,Live Poker PREFLOP BIBLE,2024-04-30,17:57,"SUPERSEDED by 2026 'IP vs AGGRO 3BET (THINKING) and IP vs AGGRO 3BET (WHALE)' (same coach, newer video wins).",no
IP VS AGGRO 3B,opener IP,vs_3bet,3bettor OOP,aggressive 3bettor,QQ,4bet,100,call,0,,0,0,Live Poker PREFLOP BIBLE,2024-04-30,17:57,"SUPERSEDED by 2026 'IP vs AGGRO 3BET (THINKING) and IP vs AGGRO 3BET (WHALE)' (same coach, newer video wins).",no
IP VS AGGRO 3B,opener IP,vs_3bet,3bettor OOP,aggressive 3bettor,QJs,4bet,0,call,100,,0,0,Live Poker PREFLOP BIBLE,2024-04-30,17:57,"SUPERSEDED by 2026 'IP vs AGGRO 3BET (THINKING) and IP vs AGGRO 3BET (WHALE)' (same coach, newer video wins).",no
IP VS AGGRO 3B,opener IP,vs_3bet,3bettor OOP,aggressive 3bettor,QTs,4bet,0,call,100,,0,0,Live Poker PREFLOP BIBLE,2024-04-30,17:57,"SUPERSEDED by 2026 'IP vs AGGRO 3BET (THINKING) and IP vs AGGRO 3BET (WHALE)' (same coach, newer video wins).",no
IP VS AGGRO 3B,opener IP,vs_3bet,3bettor OOP,aggressive 3bettor,Q9s,4bet,0,call,100,,0,0,Live Poker PREFLOP BIBLE,2024-04-30,17:57,"SUPERSEDED by 2026 'IP vs AGGRO 3BET (THINKING) and IP vs AGGRO 3BET (WHALE)' (same coach, newer video wins).",no
IP VS AGGRO 3B,opener IP,vs_3bet,3bettor OOP,aggressive 3bettor,Q8s,4bet,0,call,100,,0,0,Live Poker PREFLOP BIBLE,2024-04-30,17:57,"SUPERSEDED by 2026 'IP vs AGGRO 3BET (THINKING) and IP vs AGGRO 3BET (WHALE)' (same coach, newer video wins).",no
IP VS AGGRO 3B,opener IP,vs_3bet,3bettor OOP,aggressive 3bettor,Q7s,4bet,0,call,0,,0,100,Live Poker PREFLOP BIBLE,2024-04-30,17:57,"SUPERSEDED by 2026 'IP vs AGGRO 3BET (THINKING) and IP vs AGGRO 3BET (WHALE)' (same coach, newer video wins).",no
IP VS AGGRO 3B,opener IP,vs_3bet,3bettor OOP,aggressive 3bettor,Q6s,4bet,0,call,0,,0,100,Live Poker PREFLOP BIBLE,2024-04-30,17:57,"SUPERSEDED by 2026 'IP vs AGGRO 3BET (THINKING) and IP vs AGGRO 3BET (WHALE)' (same coach, newer video wins).",no
IP VS AGGRO 3B,opener IP,vs_3bet,3bettor OOP,aggressive 3bettor,Q5s,4bet,0,call,0,,0,100,Live Poker PREFLOP BIBLE,2024-04-30,17:57,"SUPERSEDED by 2026 'IP vs AGGRO 3BET (THINKING) and IP vs AGGRO 3BET (WHALE)' (same coach, newer video wins).",no
IP VS AGGRO 3B,opener IP,vs_3bet,3bettor OOP,aggressive 3bettor,Q4s,4bet,0,call,0,,0,100,Live Poker PREFLOP BIBLE,2024-04-30,17:57,"SUPERSEDED by 2026 'IP vs AGGRO 3BET (THINKING) and IP vs AGGRO 3BET (WHALE)' (same coach, newer video wins).",no
IP VS AGGRO 3B,opener IP,vs_3bet,3bettor OOP,aggressive 3bettor,Q3s,4bet,0,call,0,,0,100,Live Poker PREFLOP BIBLE,2024-04-30,17:57,"SUPERSEDED by 2026 'IP vs AGGRO 3BET (THINKING) and IP vs AGGRO 3BET (WHALE)' (same coach, newer video wins).",no
IP VS AGGRO 3B,opener IP,vs_3bet,3bettor OOP,aggressive 3bettor,Q2s,4bet,0,call,0,,0,100,Live Poker PREFLOP BIBLE,2024-04-30,17:57,"SUPERSEDED by 2026 'IP vs AGGRO 3BET (THINKING) and IP vs AGGRO 3BET (WHALE)' (same coach, newer video wins).",no
IP VS AGGRO 3B,opener IP,vs_3bet,3bettor OOP,aggressive 3bettor,AJo,4bet,100,call,0,,0,0,Live Poker PREFLOP BIBLE,2024-04-30,17:57,"SUPERSEDED by 2026 'IP vs AGGRO 3BET (THINKING) and IP vs AGGRO 3BET (WHALE)' (same coach, newer video wins).",no
IP VS AGGRO 3B,opener IP,vs_3bet,3bettor OOP,aggressive 3bettor,KJo,4bet,0,call,100,,0,0,Live Poker PREFLOP BIBLE,2024-04-30,17:57,"SUPERSEDED by 2026 'IP vs AGGRO 3BET (THINKING) and IP vs AGGRO 3BET (WHALE)' (same coach, newer video wins).",no
IP VS AGGRO 3B,opener IP,vs_3bet,3bettor OOP,aggressive 3bettor,QJo,4bet,0,call,100,,0,0,Live Poker PREFLOP BIBLE,2024-04-30,17:57,"SUPERSEDED by 2026 'IP vs AGGRO 3BET (THINKING) and IP vs AGGRO 3BET (WHALE)' (same coach, newer video wins).",no
IP VS AGGRO 3B,opener IP,vs_3bet,3bettor OOP,aggressive 3bettor,JJ,4bet,50,call,50,,0,0,Live Poker PREFLOP BIBLE,2024-04-30,17:57,"SUPERSEDED by 2026 'IP vs AGGRO 3BET (THINKING) and IP vs AGGRO 3BET (WHALE)' (same coach, newer video wins). SITUATIONAL (Mark 2024): a 'partial' - don't randomize; lean to the aggressive action with a bigger skill edge, deeper stacks, or a weaker/more predictable opponent.",yes
IP VS AGGRO 3B,opener IP,vs_3bet,3bettor OOP,aggressive 3bettor,JTs,4bet,0,call,100,,0,0,Live Poker PREFLOP BIBLE,2024-04-30,17:57,"SUPERSEDED by 2026 'IP vs AGGRO 3BET (THINKING) and IP vs AGGRO 3BET (WHALE)' (same coach, newer video wins).",no
IP VS AGGRO 3B,opener IP,vs_3bet,3bettor OOP,aggressive 3bettor,J9s,4bet,0,call,100,,0,0,Live Poker PREFLOP BIBLE,2024-04-30,17:57,"SUPERSEDED by 2026 'IP vs AGGRO 3BET (THINKING) and IP vs AGGRO 3BET (WHALE)' (same coach, newer video wins).",no
IP VS AGGRO 3B,opener IP,vs_3bet,3bettor OOP,aggressive 3bettor,J8s,4bet,0,call,100,,0,0,Live Poker PREFLOP BIBLE,2024-04-30,17:57,"SUPERSEDED by 2026 'IP vs AGGRO 3BET (THINKING) and IP vs AGGRO 3BET (WHALE)' (same coach, newer video wins).",no
IP VS AGGRO 3B,opener IP,vs_3bet,3bettor OOP,aggressive 3bettor,J7s,4bet,0,call,0,,0,100,Live Poker PREFLOP BIBLE,2024-04-30,17:57,"SUPERSEDED by 2026 'IP vs AGGRO 3BET (THINKING) and IP vs AGGRO 3BET (WHALE)' (same coach, newer video wins).",no
IP VS AGGRO 3B,opener IP,vs_3bet,3bettor OOP,aggressive 3bettor,J6s,4bet,0,call,0,,0,100,Live Poker PREFLOP BIBLE,2024-04-30,17:57,"SUPERSEDED by 2026 'IP vs AGGRO 3BET (THINKING) and IP vs AGGRO 3BET (WHALE)' (same coach, newer video wins).",no
IP VS AGGRO 3B,opener IP,vs_3bet,3bettor OOP,aggressive 3bettor,J5s,4bet,0,call,0,,0,100,Live Poker PREFLOP BIBLE,2024-04-30,17:57,"SUPERSEDED by 2026 'IP vs AGGRO 3BET (THINKING) and IP vs AGGRO 3BET (WHALE)' (same coach, newer video wins).",no
IP VS AGGRO 3B,opener IP,vs_3bet,3bettor OOP,aggressive 3bettor,J4s,4bet,0,call,0,,0,100,Live Poker PREFLOP BIBLE,2024-04-30,17:57,"SUPERSEDED by 2026 'IP vs AGGRO 3BET (THINKING) and IP vs AGGRO 3BET (WHALE)' (same coach, newer video wins).",no
IP VS AGGRO 3B,opener IP,vs_3bet,3bettor OOP,aggressive 3bettor,J3s,4bet,0,call,0,,0,100,Live Poker PREFLOP BIBLE,2024-04-30,17:57,"SUPERSEDED by 2026 'IP vs AGGRO 3BET (THINKING) and IP vs AGGRO 3BET (WHALE)' (same coach, newer video wins).",no
IP VS AGGRO 3B,opener IP,vs_3bet,3bettor OOP,aggressive 3bettor,J2s,4bet,0,call,0,,0,100,Live Poker PREFLOP BIBLE,2024-04-30,17:57,"SUPERSEDED by 2026 'IP vs AGGRO 3BET (THINKING) and IP vs AGGRO 3BET (WHALE)' (same coach, newer video wins).",no
IP VS AGGRO 3B,opener IP,vs_3bet,3bettor OOP,aggressive 3bettor,ATo,4bet,0,call,100,,0,0,Live Poker PREFLOP BIBLE,2024-04-30,17:57,"SUPERSEDED by 2026 'IP vs AGGRO 3BET (THINKING) and IP vs AGGRO 3BET (WHALE)' (same coach, newer video wins).",no
IP VS AGGRO 3B,opener IP,vs_3bet,3bettor OOP,aggressive 3bettor,KTo,4bet,0,call,0,,0,100,Live Poker PREFLOP BIBLE,2024-04-30,17:57,"SUPERSEDED by 2026 'IP vs AGGRO 3BET (THINKING) and IP vs AGGRO 3BET (WHALE)' (same coach, newer video wins).",no
IP VS AGGRO 3B,opener IP,vs_3bet,3bettor OOP,aggressive 3bettor,QTo,4bet,0,call,0,,0,100,Live Poker PREFLOP BIBLE,2024-04-30,17:57,"SUPERSEDED by 2026 'IP vs AGGRO 3BET (THINKING) and IP vs AGGRO 3BET (WHALE)' (same coach, newer video wins).",no
IP VS AGGRO 3B,opener IP,vs_3bet,3bettor OOP,aggressive 3bettor,JTo,4bet,0,call,0,,0,100,Live Poker PREFLOP BIBLE,2024-04-30,17:57,"SUPERSEDED by 2026 'IP vs AGGRO 3BET (THINKING) and IP vs AGGRO 3BET (WHALE)' (same coach, newer video wins).",no
IP VS AGGRO 3B,opener IP,vs_3bet,3bettor OOP,aggressive 3bettor,TT,4bet,0,call,100,,0,0,Live Poker PREFLOP BIBLE,2024-04-30,17:57,"SUPERSEDED by 2026 'IP vs AGGRO 3BET (THINKING) and IP vs AGGRO 3BET (WHALE)' (same coach, newer video wins).",no
IP VS AGGRO 3B,opener IP,vs_3bet,3bettor OOP,aggressive 3bettor,T9s,4bet,0,call,100,,0,0,Live Poker PREFLOP BIBLE,2024-04-30,17:57,"SUPERSEDED by 2026 'IP vs AGGRO 3BET (THINKING) and IP vs AGGRO 3BET (WHALE)' (same coach, newer video wins).",no
IP VS AGGRO 3B,opener IP,vs_3bet,3bettor OOP,aggressive 3bettor,T8s,4bet,0,call,100,,0,0,Live Poker PREFLOP BIBLE,2024-04-30,17:57,"SUPERSEDED by 2026 'IP vs AGGRO 3BET (THINKING) and IP vs AGGRO 3BET (WHALE)' (same coach, newer video wins).",no
IP VS AGGRO 3B,opener IP,vs_3bet,3bettor OOP,aggressive 3bettor,T7s,4bet,0,call,100,,0,0,Live Poker PREFLOP BIBLE,2024-04-30,17:57,"SUPERSEDED by 2026 'IP vs AGGRO 3BET (THINKING) and IP vs AGGRO 3BET (WHALE)' (same coach, newer video wins).",no
IP VS AGGRO 3B,opener IP,vs_3bet,3bettor OOP,aggressive 3bettor,T6s,4bet,0,call,0,,0,100,Live Poker PREFLOP BIBLE,2024-04-30,17:57,"SUPERSEDED by 2026 'IP vs AGGRO 3BET (THINKING) and IP vs AGGRO 3BET (WHALE)' (same coach, newer video wins).",no
IP VS AGGRO 3B,opener IP,vs_3bet,3bettor OOP,aggressive 3bettor,T5s,4bet,0,call,0,,0,100,Live Poker PREFLOP BIBLE,2024-04-30,17:57,"SUPERSEDED by 2026 'IP vs AGGRO 3BET (THINKING) and IP vs AGGRO 3BET (WHALE)' (same coach, newer video wins).",no
IP VS AGGRO 3B,opener IP,vs_3bet,3bettor OOP,aggressive 3bettor,T4s,4bet,0,call,0,,0,100,Live Poker PREFLOP BIBLE,2024-04-30,17:57,"SUPERSEDED by 2026 'IP vs AGGRO 3BET (THINKING) and IP vs AGGRO 3BET (WHALE)' (same coach, newer video wins).",no
IP VS AGGRO 3B,opener IP,vs_3bet,3bettor OOP,aggressive 3bettor,T3s,4bet,0,call,0,,0,100,Live Poker PREFLOP BIBLE,2024-04-30,17:57,"SUPERSEDED by 2026 'IP vs AGGRO 3BET (THINKING) and IP vs AGGRO 3BET (WHALE)' (same coach, newer video wins).",no
IP VS AGGRO 3B,opener IP,vs_3bet,3bettor OOP,aggressive 3bettor,T2s,4bet,0,call,0,,0,100,Live Poker PREFLOP BIBLE,2024-04-30,17:57,"SUPERSEDED by 2026 'IP vs AGGRO 3BET (THINKING) and IP vs AGGRO 3BET (WHALE)' (same coach, newer video wins).",no
IP VS AGGRO 3B,opener IP,vs_3bet,3bettor OOP,aggressive 3bettor,A9o,4bet,0,call,0,,0,100,Live Poker PREFLOP BIBLE,2024-04-30,17:57,"SUPERSEDED by 2026 'IP vs AGGRO 3BET (THINKING) and IP vs AGGRO 3BET (WHALE)' (same coach, newer video wins).",no
IP VS AGGRO 3B,opener IP,vs_3bet,3bettor OOP,aggressive 3bettor,K9o,4bet,0,call,0,,0,100,Live Poker PREFLOP BIBLE,2024-04-30,17:57,"SUPERSEDED by 2026 'IP vs AGGRO 3BET (THINKING) and IP vs AGGRO 3BET (WHALE)' (same coach, newer video wins).",no
IP VS AGGRO 3B,opener IP,vs_3bet,3bettor OOP,aggressive 3bettor,Q9o,4bet,0,call,0,,0,100,Live Poker PREFLOP BIBLE,2024-04-30,17:57,"SUPERSEDED by 2026 'IP vs AGGRO 3BET (THINKING) and IP vs AGGRO 3BET (WHALE)' (same coach, newer video wins).",no
IP VS AGGRO 3B,opener IP,vs_3bet,3bettor OOP,aggressive 3bettor,J9o,4bet,0,call,0,,0,100,Live Poker PREFLOP BIBLE,2024-04-30,17:57,"SUPERSEDED by 2026 'IP vs AGGRO 3BET (THINKING) and IP vs AGGRO 3BET (WHALE)' (same coach, newer video wins).",no
IP VS AGGRO 3B,opener IP,vs_3bet,3bettor OOP,aggressive 3bettor,T9o,4bet,0,call,0,,0,100,Live Poker PREFLOP BIBLE,2024-04-30,17:57,"SUPERSEDED by 2026 'IP vs AGGRO 3BET (THINKING) and IP vs AGGRO 3BET (WHALE)' (same coach, newer video wins).",no
IP VS AGGRO 3B,opener IP,vs_3bet,3bettor OOP,aggressive 3bettor,99,4bet,0,call,100,,0,0,Live Poker PREFLOP BIBLE,2024-04-30,17:57,"SUPERSEDED by 2026 'IP vs AGGRO 3BET (THINKING) and IP vs AGGRO 3BET (WHALE)' (same coach, newer video wins).",no
IP VS AGGRO 3B,opener IP,vs_3bet,3bettor OOP,aggressive 3bettor,98s,4bet,0,call,100,,0,0,Live Poker PREFLOP BIBLE,2024-04-30,17:57,"SUPERSEDED by 2026 'IP vs AGGRO 3BET (THINKING) and IP vs AGGRO 3BET (WHALE)' (same coach, newer video wins).",no
IP VS AGGRO 3B,opener IP,vs_3bet,3bettor OOP,aggressive 3bettor,97s,4bet,0,call,100,,0,0,Live Poker PREFLOP BIBLE,2024-04-30,17:57,"SUPERSEDED by 2026 'IP vs AGGRO 3BET (THINKING) and IP vs AGGRO 3BET (WHALE)' (same coach, newer video wins).",no
IP VS AGGRO 3B,opener IP,vs_3bet,3bettor OOP,aggressive 3bettor,96s,4bet,0,call,100,,0,0,Live Poker PREFLOP BIBLE,2024-04-30,17:57,"SUPERSEDED by 2026 'IP vs AGGRO 3BET (THINKING) and IP vs AGGRO 3BET (WHALE)' (same coach, newer video wins).",no
IP VS AGGRO 3B,opener IP,vs_3bet,3bettor OOP,aggressive 3bettor,95s,4bet,0,call,0,,0,100,Live Poker PREFLOP BIBLE,2024-04-30,17:57,"SUPERSEDED by 2026 'IP vs AGGRO 3BET (THINKING) and IP vs AGGRO 3BET (WHALE)' (same coach, newer video wins).",no
IP VS AGGRO 3B,opener IP,vs_3bet,3bettor OOP,aggressive 3bettor,94s,4bet,0,call,0,,0,100,Live Poker PREFLOP BIBLE,2024-04-30,17:57,"SUPERSEDED by 2026 'IP vs AGGRO 3BET (THINKING) and IP vs AGGRO 3BET (WHALE)' (same coach, newer video wins).",no
IP VS AGGRO 3B,opener IP,vs_3bet,3bettor OOP,aggressive 3bettor,93s,4bet,0,call,0,,0,100,Live Poker PREFLOP BIBLE,2024-04-30,17:57,"SUPERSEDED by 2026 'IP vs AGGRO 3BET (THINKING) and IP vs AGGRO 3BET (WHALE)' (same coach, newer video wins).",no
IP VS AGGRO 3B,opener IP,vs_3bet,3bettor OOP,aggressive 3bettor,92s,4bet,0,call,0,,0,100,Live Poker PREFLOP BIBLE,2024-04-30,17:57,"SUPERSEDED by 2026 'IP vs AGGRO 3BET (THINKING) and IP vs AGGRO 3BET (WHALE)' (same coach, newer video wins).",no
IP VS AGGRO 3B,opener IP,vs_3bet,3bettor OOP,aggressive 3bettor,A8o,4bet,0,call,0,,0,100,Live Poker PREFLOP BIBLE,2024-04-30,17:57,"SUPERSEDED by 2026 'IP vs AGGRO 3BET (THINKING) and IP vs AGGRO 3BET (WHALE)' (same coach, newer video wins).",no
IP VS AGGRO 3B,opener IP,vs_3bet,3bettor OOP,aggressive 3bettor,K8o,4bet,0,call,0,,0,100,Live Poker PREFLOP BIBLE,2024-04-30,17:57,"SUPERSEDED by 2026 'IP vs AGGRO 3BET (THINKING) and IP vs AGGRO 3BET (WHALE)' (same coach, newer video wins).",no
IP VS AGGRO 3B,opener IP,vs_3bet,3bettor OOP,aggressive 3bettor,Q8o,4bet,0,call,0,,0,100,Live Poker PREFLOP BIBLE,2024-04-30,17:57,"SUPERSEDED by 2026 'IP vs AGGRO 3BET (THINKING) and IP vs AGGRO 3BET (WHALE)' (same coach, newer video wins).",no
IP VS AGGRO 3B,opener IP,vs_3bet,3bettor OOP,aggressive 3bettor,J8o,4bet,0,call,0,,0,100,Live Poker PREFLOP BIBLE,2024-04-30,17:57,"SUPERSEDED by 2026 'IP vs AGGRO 3BET (THINKING) and IP vs AGGRO 3BET (WHALE)' (same coach, newer video wins).",no
IP VS AGGRO 3B,opener IP,vs_3bet,3bettor OOP,aggressive 3bettor,T8o,4bet,0,call,0,,0,100,Live Poker PREFLOP BIBLE,2024-04-30,17:57,"SUPERSEDED by 2026 'IP vs AGGRO 3BET (THINKING) and IP vs AGGRO 3BET (WHALE)' (same coach, newer video wins).",no
IP VS AGGRO 3B,opener IP,vs_3bet,3bettor OOP,aggressive 3bettor,98o,4bet,0,call,0,,0,100,Live Poker PREFLOP BIBLE,2024-04-30,17:57,"SUPERSEDED by 2026 'IP vs AGGRO 3BET (THINKING) and IP vs AGGRO 3BET (WHALE)' (same coach, newer video wins).",no
IP VS AGGRO 3B,opener IP,vs_3bet,3bettor OOP,aggressive 3bettor,88,4bet,0,call,100,,0,0,Live Poker PREFLOP BIBLE,2024-04-30,17:57,"SUPERSEDED by 2026 'IP vs AGGRO 3BET (THINKING) and IP vs AGGRO 3BET (WHALE)' (same coach, newer video wins).",no
IP VS AGGRO 3B,opener IP,vs_3bet,3bettor OOP,aggressive 3bettor,87s,4bet,50,call,50,,0,0,Live Poker PREFLOP BIBLE,2024-04-30,17:57,"SUPERSEDED by 2026 'IP vs AGGRO 3BET (THINKING) and IP vs AGGRO 3BET (WHALE)' (same coach, newer video wins). SITUATIONAL (Mark 2024): a 'partial' - don't randomize; lean to the aggressive action with a bigger skill edge, deeper stacks, or a weaker/more predictable opponent.",yes
IP VS AGGRO 3B,opener IP,vs_3bet,3bettor OOP,aggressive 3bettor,86s,4bet,0,call,100,,0,0,Live Poker PREFLOP BIBLE,2024-04-30,17:57,"SUPERSEDED by 2026 'IP vs AGGRO 3BET (THINKING) and IP vs AGGRO 3BET (WHALE)' (same coach, newer video wins).",no
IP VS AGGRO 3B,opener IP,vs_3bet,3bettor OOP,aggressive 3bettor,85s,4bet,0,call,0,,0,100,Live Poker PREFLOP BIBLE,2024-04-30,17:57,"SUPERSEDED by 2026 'IP vs AGGRO 3BET (THINKING) and IP vs AGGRO 3BET (WHALE)' (same coach, newer video wins).",no
IP VS AGGRO 3B,opener IP,vs_3bet,3bettor OOP,aggressive 3bettor,84s,4bet,0,call,0,,0,100,Live Poker PREFLOP BIBLE,2024-04-30,17:57,"SUPERSEDED by 2026 'IP vs AGGRO 3BET (THINKING) and IP vs AGGRO 3BET (WHALE)' (same coach, newer video wins).",no
IP VS AGGRO 3B,opener IP,vs_3bet,3bettor OOP,aggressive 3bettor,83s,4bet,0,call,0,,0,100,Live Poker PREFLOP BIBLE,2024-04-30,17:57,"SUPERSEDED by 2026 'IP vs AGGRO 3BET (THINKING) and IP vs AGGRO 3BET (WHALE)' (same coach, newer video wins).",no
IP VS AGGRO 3B,opener IP,vs_3bet,3bettor OOP,aggressive 3bettor,82s,4bet,0,call,0,,0,100,Live Poker PREFLOP BIBLE,2024-04-30,17:57,"SUPERSEDED by 2026 'IP vs AGGRO 3BET (THINKING) and IP vs AGGRO 3BET (WHALE)' (same coach, newer video wins).",no
IP VS AGGRO 3B,opener IP,vs_3bet,3bettor OOP,aggressive 3bettor,A7o,4bet,0,call,0,,0,100,Live Poker PREFLOP BIBLE,2024-04-30,17:57,"SUPERSEDED by 2026 'IP vs AGGRO 3BET (THINKING) and IP vs AGGRO 3BET (WHALE)' (same coach, newer video wins).",no
IP VS AGGRO 3B,opener IP,vs_3bet,3bettor OOP,aggressive 3bettor,K7o,4bet,0,call,0,,0,100,Live Poker PREFLOP BIBLE,2024-04-30,17:57,"SUPERSEDED by 2026 'IP vs AGGRO 3BET (THINKING) and IP vs AGGRO 3BET (WHALE)' (same coach, newer video wins).",no
IP VS AGGRO 3B,opener IP,vs_3bet,3bettor OOP,aggressive 3bettor,Q7o,4bet,0,call,0,,0,100,Live Poker PREFLOP BIBLE,2024-04-30,17:57,"SUPERSEDED by 2026 'IP vs AGGRO 3BET (THINKING) and IP vs AGGRO 3BET (WHALE)' (same coach, newer video wins).",no
IP VS AGGRO 3B,opener IP,vs_3bet,3bettor OOP,aggressive 3bettor,J7o,4bet,0,call,0,,0,100,Live Poker PREFLOP BIBLE,2024-04-30,17:57,"SUPERSEDED by 2026 'IP vs AGGRO 3BET (THINKING) and IP vs AGGRO 3BET (WHALE)' (same coach, newer video wins).",no
IP VS AGGRO 3B,opener IP,vs_3bet,3bettor OOP,aggressive 3bettor,T7o,4bet,0,call,0,,0,100,Live Poker PREFLOP BIBLE,2024-04-30,17:57,"SUPERSEDED by 2026 'IP vs AGGRO 3BET (THINKING) and IP vs AGGRO 3BET (WHALE)' (same coach, newer video wins).",no
IP VS AGGRO 3B,opener IP,vs_3bet,3bettor OOP,aggressive 3bettor,97o,4bet,0,call,0,,0,100,Live Poker PREFLOP BIBLE,2024-04-30,17:57,"SUPERSEDED by 2026 'IP vs AGGRO 3BET (THINKING) and IP vs AGGRO 3BET (WHALE)' (same coach, newer video wins).",no
IP VS AGGRO 3B,opener IP,vs_3bet,3bettor OOP,aggressive 3bettor,87o,4bet,0,call,0,,0,100,Live Poker PREFLOP BIBLE,2024-04-30,17:57,"SUPERSEDED by 2026 'IP vs AGGRO 3BET (THINKING) and IP vs AGGRO 3BET (WHALE)' (same coach, newer video wins).",no
IP VS AGGRO 3B,opener IP,vs_3bet,3bettor OOP,aggressive 3bettor,77,4bet,0,call,100,,0,0,Live Poker PREFLOP BIBLE,2024-04-30,17:57,"SUPERSEDED by 2026 'IP vs AGGRO 3BET (THINKING) and IP vs AGGRO 3BET (WHALE)' (same coach, newer video wins).",no
IP VS AGGRO 3B,opener IP,vs_3bet,3bettor OOP,aggressive 3bettor,76s,4bet,0,call,100,,0,0,Live Poker PREFLOP BIBLE,2024-04-30,17:57,"SUPERSEDED by 2026 'IP vs AGGRO 3BET (THINKING) and IP vs AGGRO 3BET (WHALE)' (same coach, newer video wins).",no
IP VS AGGRO 3B,opener IP,vs_3bet,3bettor OOP,aggressive 3bettor,75s,4bet,0,call,100,,0,0,Live Poker PREFLOP BIBLE,2024-04-30,17:57,"SUPERSEDED by 2026 'IP vs AGGRO 3BET (THINKING) and IP vs AGGRO 3BET (WHALE)' (same coach, newer video wins).",no
IP VS AGGRO 3B,opener IP,vs_3bet,3bettor OOP,aggressive 3bettor,74s,4bet,0,call,0,,0,100,Live Poker PREFLOP BIBLE,2024-04-30,17:57,"SUPERSEDED by 2026 'IP vs AGGRO 3BET (THINKING) and IP vs AGGRO 3BET (WHALE)' (same coach, newer video wins).",no
IP VS AGGRO 3B,opener IP,vs_3bet,3bettor OOP,aggressive 3bettor,73s,4bet,0,call,0,,0,100,Live Poker PREFLOP BIBLE,2024-04-30,17:57,"SUPERSEDED by 2026 'IP vs AGGRO 3BET (THINKING) and IP vs AGGRO 3BET (WHALE)' (same coach, newer video wins).",no
IP VS AGGRO 3B,opener IP,vs_3bet,3bettor OOP,aggressive 3bettor,72s,4bet,0,call,0,,0,100,Live Poker PREFLOP BIBLE,2024-04-30,17:57,"SUPERSEDED by 2026 'IP vs AGGRO 3BET (THINKING) and IP vs AGGRO 3BET (WHALE)' (same coach, newer video wins).",no
IP VS AGGRO 3B,opener IP,vs_3bet,3bettor OOP,aggressive 3bettor,A6o,4bet,0,call,0,,0,100,Live Poker PREFLOP BIBLE,2024-04-30,17:57,"SUPERSEDED by 2026 'IP vs AGGRO 3BET (THINKING) and IP vs AGGRO 3BET (WHALE)' (same coach, newer video wins).",no
IP VS AGGRO 3B,opener IP,vs_3bet,3bettor OOP,aggressive 3bettor,K6o,4bet,0,call,0,,0,100,Live Poker PREFLOP BIBLE,2024-04-30,17:57,"SUPERSEDED by 2026 'IP vs AGGRO 3BET (THINKING) and IP vs AGGRO 3BET (WHALE)' (same coach, newer video wins).",no
IP VS AGGRO 3B,opener IP,vs_3bet,3bettor OOP,aggressive 3bettor,Q6o,4bet,0,call,0,,0,100,Live Poker PREFLOP BIBLE,2024-04-30,17:57,"SUPERSEDED by 2026 'IP vs AGGRO 3BET (THINKING) and IP vs AGGRO 3BET (WHALE)' (same coach, newer video wins).",no
IP VS AGGRO 3B,opener IP,vs_3bet,3bettor OOP,aggressive 3bettor,J6o,4bet,0,call,0,,0,100,Live Poker PREFLOP BIBLE,2024-04-30,17:57,"SUPERSEDED by 2026 'IP vs AGGRO 3BET (THINKING) and IP vs AGGRO 3BET (WHALE)' (same coach, newer video wins).",no
IP VS AGGRO 3B,opener IP,vs_3bet,3bettor OOP,aggressive 3bettor,T6o,4bet,0,call,0,,0,100,Live Poker PREFLOP BIBLE,2024-04-30,17:57,"SUPERSEDED by 2026 'IP vs AGGRO 3BET (THINKING) and IP vs AGGRO 3BET (WHALE)' (same coach, newer video wins).",no
IP VS AGGRO 3B,opener IP,vs_3bet,3bettor OOP,aggressive 3bettor,96o,4bet,0,call,0,,0,100,Live Poker PREFLOP BIBLE,2024-04-30,17:57,"SUPERSEDED by 2026 'IP vs AGGRO 3BET (THINKING) and IP vs AGGRO 3BET (WHALE)' (same coach, newer video wins).",no
IP VS AGGRO 3B,opener IP,vs_3bet,3bettor OOP,aggressive 3bettor,86o,4bet,0,call,0,,0,100,Live Poker PREFLOP BIBLE,2024-04-30,17:57,"SUPERSEDED by 2026 'IP vs AGGRO 3BET (THINKING) and IP vs AGGRO 3BET (WHALE)' (same coach, newer video wins).",no
IP VS AGGRO 3B,opener IP,vs_3bet,3bettor OOP,aggressive 3bettor,76o,4bet,0,call,0,,0,100,Live Poker PREFLOP BIBLE,2024-04-30,17:57,"SUPERSEDED by 2026 'IP vs AGGRO 3BET (THINKING) and IP vs AGGRO 3BET (WHALE)' (same coach, newer video wins).",no
IP VS AGGRO 3B,opener IP,vs_3bet,3bettor OOP,aggressive 3bettor,66,4bet,0,call,100,,0,0,Live Poker PREFLOP BIBLE,2024-04-30,17:57,"SUPERSEDED by 2026 'IP vs AGGRO 3BET (THINKING) and IP vs AGGRO 3BET (WHALE)' (same coach, newer video wins).",no
IP VS AGGRO 3B,opener IP,vs_3bet,3bettor OOP,aggressive 3bettor,65s,4bet,0,call,100,,0,0,Live Poker PREFLOP BIBLE,2024-04-30,17:57,"SUPERSEDED by 2026 'IP vs AGGRO 3BET (THINKING) and IP vs AGGRO 3BET (WHALE)' (same coach, newer video wins).",no
IP VS AGGRO 3B,opener IP,vs_3bet,3bettor OOP,aggressive 3bettor,64s,4bet,0,call,100,,0,0,Live Poker PREFLOP BIBLE,2024-04-30,17:57,"SUPERSEDED by 2026 'IP vs AGGRO 3BET (THINKING) and IP vs AGGRO 3BET (WHALE)' (same coach, newer video wins).",no
IP VS AGGRO 3B,opener IP,vs_3bet,3bettor OOP,aggressive 3bettor,63s,4bet,0,call,0,,0,100,Live Poker PREFLOP BIBLE,2024-04-30,17:57,"SUPERSEDED by 2026 'IP vs AGGRO 3BET (THINKING) and IP vs AGGRO 3BET (WHALE)' (same coach, newer video wins).",no
IP VS AGGRO 3B,opener IP,vs_3bet,3bettor OOP,aggressive 3bettor,62s,4bet,0,call,0,,0,100,Live Poker PREFLOP BIBLE,2024-04-30,17:57,"SUPERSEDED by 2026 'IP vs AGGRO 3BET (THINKING) and IP vs AGGRO 3BET (WHALE)' (same coach, newer video wins).",no
IP VS AGGRO 3B,opener IP,vs_3bet,3bettor OOP,aggressive 3bettor,A5o,4bet,0,call,0,,0,100,Live Poker PREFLOP BIBLE,2024-04-30,17:57,"SUPERSEDED by 2026 'IP vs AGGRO 3BET (THINKING) and IP vs AGGRO 3BET (WHALE)' (same coach, newer video wins).",no
IP VS AGGRO 3B,opener IP,vs_3bet,3bettor OOP,aggressive 3bettor,K5o,4bet,0,call,0,,0,100,Live Poker PREFLOP BIBLE,2024-04-30,17:57,"SUPERSEDED by 2026 'IP vs AGGRO 3BET (THINKING) and IP vs AGGRO 3BET (WHALE)' (same coach, newer video wins).",no
IP VS AGGRO 3B,opener IP,vs_3bet,3bettor OOP,aggressive 3bettor,Q5o,4bet,0,call,0,,0,100,Live Poker PREFLOP BIBLE,2024-04-30,17:57,"SUPERSEDED by 2026 'IP vs AGGRO 3BET (THINKING) and IP vs AGGRO 3BET (WHALE)' (same coach, newer video wins).",no
IP VS AGGRO 3B,opener IP,vs_3bet,3bettor OOP,aggressive 3bettor,J5o,4bet,0,call,0,,0,100,Live Poker PREFLOP BIBLE,2024-04-30,17:57,"SUPERSEDED by 2026 'IP vs AGGRO 3BET (THINKING) and IP vs AGGRO 3BET (WHALE)' (same coach, newer video wins).",no
IP VS AGGRO 3B,opener IP,vs_3bet,3bettor OOP,aggressive 3bettor,T5o,4bet,0,call,0,,0,100,Live Poker PREFLOP BIBLE,2024-04-30,17:57,"SUPERSEDED by 2026 'IP vs AGGRO 3BET (THINKING) and IP vs AGGRO 3BET (WHALE)' (same coach, newer video wins).",no
IP VS AGGRO 3B,opener IP,vs_3bet,3bettor OOP,aggressive 3bettor,95o,4bet,0,call,0,,0,100,Live Poker PREFLOP BIBLE,2024-04-30,17:57,"SUPERSEDED by 2026 'IP vs AGGRO 3BET (THINKING) and IP vs AGGRO 3BET (WHALE)' (same coach, newer video wins).",no
IP VS AGGRO 3B,opener IP,vs_3bet,3bettor OOP,aggressive 3bettor,85o,4bet,0,call,0,,0,100,Live Poker PREFLOP BIBLE,2024-04-30,17:57,"SUPERSEDED by 2026 'IP vs AGGRO 3BET (THINKING) and IP vs AGGRO 3BET (WHALE)' (same coach, newer video wins).",no
IP VS AGGRO 3B,opener IP,vs_3bet,3bettor OOP,aggressive 3bettor,75o,4bet,0,call,0,,0,100,Live Poker PREFLOP BIBLE,2024-04-30,17:57,"SUPERSEDED by 2026 'IP vs AGGRO 3BET (THINKING) and IP vs AGGRO 3BET (WHALE)' (same coach, newer video wins).",no
IP VS AGGRO 3B,opener IP,vs_3bet,3bettor OOP,aggressive 3bettor,65o,4bet,0,call,0,,0,100,Live Poker PREFLOP BIBLE,2024-04-30,17:57,"SUPERSEDED by 2026 'IP vs AGGRO 3BET (THINKING) and IP vs AGGRO 3BET (WHALE)' (same coach, newer video wins).",no
IP VS AGGRO 3B,opener IP,vs_3bet,3bettor OOP,aggressive 3bettor,55,4bet,0,call,100,,0,0,Live Poker PREFLOP BIBLE,2024-04-30,17:57,"SUPERSEDED by 2026 'IP vs AGGRO 3BET (THINKING) and IP vs AGGRO 3BET (WHALE)' (same coach, newer video wins).",no
IP VS AGGRO 3B,opener IP,vs_3bet,3bettor OOP,aggressive 3bettor,54s,4bet,0,call,100,,0,0,Live Poker PREFLOP BIBLE,2024-04-30,17:57,"SUPERSEDED by 2026 'IP vs AGGRO 3BET (THINKING) and IP vs AGGRO 3BET (WHALE)' (same coach, newer video wins).",no
IP VS AGGRO 3B,opener IP,vs_3bet,3bettor OOP,aggressive 3bettor,53s,4bet,0,call,100,,0,0,Live Poker PREFLOP BIBLE,2024-04-30,17:57,"SUPERSEDED by 2026 'IP vs AGGRO 3BET (THINKING) and IP vs AGGRO 3BET (WHALE)' (same coach, newer video wins).",no
IP VS AGGRO 3B,opener IP,vs_3bet,3bettor OOP,aggressive 3bettor,52s,4bet,0,call,0,,0,100,Live Poker PREFLOP BIBLE,2024-04-30,17:57,"SUPERSEDED by 2026 'IP vs AGGRO 3BET (THINKING) and IP vs AGGRO 3BET (WHALE)' (same coach, newer video wins).",no
IP VS AGGRO 3B,opener IP,vs_3bet,3bettor OOP,aggressive 3bettor,A4o,4bet,0,call,0,,0,100,Live Poker PREFLOP BIBLE,2024-04-30,17:57,"SUPERSEDED by 2026 'IP vs AGGRO 3BET (THINKING) and IP vs AGGRO 3BET (WHALE)' (same coach, newer video wins).",no
IP VS AGGRO 3B,opener IP,vs_3bet,3bettor OOP,aggressive 3bettor,K4o,4bet,0,call,0,,0,100,Live Poker PREFLOP BIBLE,2024-04-30,17:57,"SUPERSEDED by 2026 'IP vs AGGRO 3BET (THINKING) and IP vs AGGRO 3BET (WHALE)' (same coach, newer video wins).",no
IP VS AGGRO 3B,opener IP,vs_3bet,3bettor OOP,aggressive 3bettor,Q4o,4bet,0,call,0,,0,100,Live Poker PREFLOP BIBLE,2024-04-30,17:57,"SUPERSEDED by 2026 'IP vs AGGRO 3BET (THINKING) and IP vs AGGRO 3BET (WHALE)' (same coach, newer video wins).",no
IP VS AGGRO 3B,opener IP,vs_3bet,3bettor OOP,aggressive 3bettor,J4o,4bet,0,call,0,,0,100,Live Poker PREFLOP BIBLE,2024-04-30,17:57,"SUPERSEDED by 2026 'IP vs AGGRO 3BET (THINKING) and IP vs AGGRO 3BET (WHALE)' (same coach, newer video wins).",no
IP VS AGGRO 3B,opener IP,vs_3bet,3bettor OOP,aggressive 3bettor,T4o,4bet,0,call,0,,0,100,Live Poker PREFLOP BIBLE,2024-04-30,17:57,"SUPERSEDED by 2026 'IP vs AGGRO 3BET (THINKING) and IP vs AGGRO 3BET (WHALE)' (same coach, newer video wins).",no
IP VS AGGRO 3B,opener IP,vs_3bet,3bettor OOP,aggressive 3bettor,94o,4bet,0,call,0,,0,100,Live Poker PREFLOP BIBLE,2024-04-30,17:57,"SUPERSEDED by 2026 'IP vs AGGRO 3BET (THINKING) and IP vs AGGRO 3BET (WHALE)' (same coach, newer video wins).",no
IP VS AGGRO 3B,opener IP,vs_3bet,3bettor OOP,aggressive 3bettor,84o,4bet,0,call,0,,0,100,Live Poker PREFLOP BIBLE,2024-04-30,17:57,"SUPERSEDED by 2026 'IP vs AGGRO 3BET (THINKING) and IP vs AGGRO 3BET (WHALE)' (same coach, newer video wins).",no
IP VS AGGRO 3B,opener IP,vs_3bet,3bettor OOP,aggressive 3bettor,74o,4bet,0,call,0,,0,100,Live Poker PREFLOP BIBLE,2024-04-30,17:57,"SUPERSEDED by 2026 'IP vs AGGRO 3BET (THINKING) and IP vs AGGRO 3BET (WHALE)' (same coach, newer video wins).",no
IP VS AGGRO 3B,opener IP,vs_3bet,3bettor OOP,aggressive 3bettor,64o,4bet,0,call,0,,0,100,Live Poker PREFLOP BIBLE,2024-04-30,17:57,"SUPERSEDED by 2026 'IP vs AGGRO 3BET (THINKING) and IP vs AGGRO 3BET (WHALE)' (same coach, newer video wins).",no
IP VS AGGRO 3B,opener IP,vs_3bet,3bettor OOP,aggressive 3bettor,54o,4bet,0,call,0,,0,100,Live Poker PREFLOP BIBLE,2024-04-30,17:57,"SUPERSEDED by 2026 'IP vs AGGRO 3BET (THINKING) and IP vs AGGRO 3BET (WHALE)' (same coach, newer video wins).",no
IP VS AGGRO 3B,opener IP,vs_3bet,3bettor OOP,aggressive 3bettor,44,4bet,0,call,100,,0,0,Live Poker PREFLOP BIBLE,2024-04-30,17:57,"SUPERSEDED by 2026 'IP vs AGGRO 3BET (THINKING) and IP vs AGGRO 3BET (WHALE)' (same coach, newer video wins).",no
IP VS AGGRO 3B,opener IP,vs_3bet,3bettor OOP,aggressive 3bettor,43s,4bet,0,call,100,,0,0,Live Poker PREFLOP BIBLE,2024-04-30,17:57,"SUPERSEDED by 2026 'IP vs AGGRO 3BET (THINKING) and IP vs AGGRO 3BET (WHALE)' (same coach, newer video wins).",no
IP VS AGGRO 3B,opener IP,vs_3bet,3bettor OOP,aggressive 3bettor,42s,4bet,0,call,0,,0,100,Live Poker PREFLOP BIBLE,2024-04-30,17:57,"SUPERSEDED by 2026 'IP vs AGGRO 3BET (THINKING) and IP vs AGGRO 3BET (WHALE)' (same coach, newer video wins).",no
IP VS AGGRO 3B,opener IP,vs_3bet,3bettor OOP,aggressive 3bettor,A3o,4bet,0,call,0,,0,100,Live Poker PREFLOP BIBLE,2024-04-30,17:57,"SUPERSEDED by 2026 'IP vs AGGRO 3BET (THINKING) and IP vs AGGRO 3BET (WHALE)' (same coach, newer video wins).",no
IP VS AGGRO 3B,opener IP,vs_3bet,3bettor OOP,aggressive 3bettor,K3o,4bet,0,call,0,,0,100,Live Poker PREFLOP BIBLE,2024-04-30,17:57,"SUPERSEDED by 2026 'IP vs AGGRO 3BET (THINKING) and IP vs AGGRO 3BET (WHALE)' (same coach, newer video wins).",no
IP VS AGGRO 3B,opener IP,vs_3bet,3bettor OOP,aggressive 3bettor,Q3o,4bet,0,call,0,,0,100,Live Poker PREFLOP BIBLE,2024-04-30,17:57,"SUPERSEDED by 2026 'IP vs AGGRO 3BET (THINKING) and IP vs AGGRO 3BET (WHALE)' (same coach, newer video wins).",no
IP VS AGGRO 3B,opener IP,vs_3bet,3bettor OOP,aggressive 3bettor,J3o,4bet,0,call,0,,0,100,Live Poker PREFLOP BIBLE,2024-04-30,17:57,"SUPERSEDED by 2026 'IP vs AGGRO 3BET (THINKING) and IP vs AGGRO 3BET (WHALE)' (same coach, newer video wins).",no
IP VS AGGRO 3B,opener IP,vs_3bet,3bettor OOP,aggressive 3bettor,T3o,4bet,0,call,0,,0,100,Live Poker PREFLOP BIBLE,2024-04-30,17:57,"SUPERSEDED by 2026 'IP vs AGGRO 3BET (THINKING) and IP vs AGGRO 3BET (WHALE)' (same coach, newer video wins).",no
IP VS AGGRO 3B,opener IP,vs_3bet,3bettor OOP,aggressive 3bettor,93o,4bet,0,call,0,,0,100,Live Poker PREFLOP BIBLE,2024-04-30,17:57,"SUPERSEDED by 2026 'IP vs AGGRO 3BET (THINKING) and IP vs AGGRO 3BET (WHALE)' (same coach, newer video wins).",no
IP VS AGGRO 3B,opener IP,vs_3bet,3bettor OOP,aggressive 3bettor,83o,4bet,0,call,0,,0,100,Live Poker PREFLOP BIBLE,2024-04-30,17:57,"SUPERSEDED by 2026 'IP vs AGGRO 3BET (THINKING) and IP vs AGGRO 3BET (WHALE)' (same coach, newer video wins).",no
IP VS AGGRO 3B,opener IP,vs_3bet,3bettor OOP,aggressive 3bettor,73o,4bet,0,call,0,,0,100,Live Poker PREFLOP BIBLE,2024-04-30,17:57,"SUPERSEDED by 2026 'IP vs AGGRO 3BET (THINKING) and IP vs AGGRO 3BET (WHALE)' (same coach, newer video wins).",no
IP VS AGGRO 3B,opener IP,vs_3bet,3bettor OOP,aggressive 3bettor,63o,4bet,0,call,0,,0,100,Live Poker PREFLOP BIBLE,2024-04-30,17:57,"SUPERSEDED by 2026 'IP vs AGGRO 3BET (THINKING) and IP vs AGGRO 3BET (WHALE)' (same coach, newer video wins).",no
IP VS AGGRO 3B,opener IP,vs_3bet,3bettor OOP,aggressive 3bettor,53o,4bet,0,call,0,,0,100,Live Poker PREFLOP BIBLE,2024-04-30,17:57,"SUPERSEDED by 2026 'IP vs AGGRO 3BET (THINKING) and IP vs AGGRO 3BET (WHALE)' (same coach, newer video wins).",no
IP VS AGGRO 3B,opener IP,vs_3bet,3bettor OOP,aggressive 3bettor,43o,4bet,0,call,0,,0,100,Live Poker PREFLOP BIBLE,2024-04-30,17:57,"SUPERSEDED by 2026 'IP vs AGGRO 3BET (THINKING) and IP vs AGGRO 3BET (WHALE)' (same coach, newer video wins).",no
IP VS AGGRO 3B,opener IP,vs_3bet,3bettor OOP,aggressive 3bettor,33,4bet,0,call,100,,0,0,Live Poker PREFLOP BIBLE,2024-04-30,17:57,"SUPERSEDED by 2026 'IP vs AGGRO 3BET (THINKING) and IP vs AGGRO 3BET (WHALE)' (same coach, newer video wins).",no
IP VS AGGRO 3B,opener IP,vs_3bet,3bettor OOP,aggressive 3bettor,32s,4bet,0,call,0,,0,100,Live Poker PREFLOP BIBLE,2024-04-30,17:57,"SUPERSEDED by 2026 'IP vs AGGRO 3BET (THINKING) and IP vs AGGRO 3BET (WHALE)' (same coach, newer video wins).",no
IP VS AGGRO 3B,opener IP,vs_3bet,3bettor OOP,aggressive 3bettor,A2o,4bet,0,call,0,,0,100,Live Poker PREFLOP BIBLE,2024-04-30,17:57,"SUPERSEDED by 2026 'IP vs AGGRO 3BET (THINKING) and IP vs AGGRO 3BET (WHALE)' (same coach, newer video wins).",no
IP VS AGGRO 3B,opener IP,vs_3bet,3bettor OOP,aggressive 3bettor,K2o,4bet,0,call,0,,0,100,Live Poker PREFLOP BIBLE,2024-04-30,17:57,"SUPERSEDED by 2026 'IP vs AGGRO 3BET (THINKING) and IP vs AGGRO 3BET (WHALE)' (same coach, newer video wins).",no
IP VS AGGRO 3B,opener IP,vs_3bet,3bettor OOP,aggressive 3bettor,Q2o,4bet,0,call,0,,0,100,Live Poker PREFLOP BIBLE,2024-04-30,17:57,"SUPERSEDED by 2026 'IP vs AGGRO 3BET (THINKING) and IP vs AGGRO 3BET (WHALE)' (same coach, newer video wins).",no
IP VS AGGRO 3B,opener IP,vs_3bet,3bettor OOP,aggressive 3bettor,J2o,4bet,0,call,0,,0,100,Live Poker PREFLOP BIBLE,2024-04-30,17:57,"SUPERSEDED by 2026 'IP vs AGGRO 3BET (THINKING) and IP vs AGGRO 3BET (WHALE)' (same coach, newer video wins).",no
IP VS AGGRO 3B,opener IP,vs_3bet,3bettor OOP,aggressive 3bettor,T2o,4bet,0,call,0,,0,100,Live Poker PREFLOP BIBLE,2024-04-30,17:57,"SUPERSEDED by 2026 'IP vs AGGRO 3BET (THINKING) and IP vs AGGRO 3BET (WHALE)' (same coach, newer video wins).",no
IP VS AGGRO 3B,opener IP,vs_3bet,3bettor OOP,aggressive 3bettor,92o,4bet,0,call,0,,0,100,Live Poker PREFLOP BIBLE,2024-04-30,17:57,"SUPERSEDED by 2026 'IP vs AGGRO 3BET (THINKING) and IP vs AGGRO 3BET (WHALE)' (same coach, newer video wins).",no
IP VS AGGRO 3B,opener IP,vs_3bet,3bettor OOP,aggressive 3bettor,82o,4bet,0,call,0,,0,100,Live Poker PREFLOP BIBLE,2024-04-30,17:57,"SUPERSEDED by 2026 'IP vs AGGRO 3BET (THINKING) and IP vs AGGRO 3BET (WHALE)' (same coach, newer video wins).",no
IP VS AGGRO 3B,opener IP,vs_3bet,3bettor OOP,aggressive 3bettor,72o,4bet,0,call,0,,0,100,Live Poker PREFLOP BIBLE,2024-04-30,17:57,"SUPERSEDED by 2026 'IP vs AGGRO 3BET (THINKING) and IP vs AGGRO 3BET (WHALE)' (same coach, newer video wins).",no
IP VS AGGRO 3B,opener IP,vs_3bet,3bettor OOP,aggressive 3bettor,62o,4bet,0,call,0,,0,100,Live Poker PREFLOP BIBLE,2024-04-30,17:57,"SUPERSEDED by 2026 'IP vs AGGRO 3BET (THINKING) and IP vs AGGRO 3BET (WHALE)' (same coach, newer video wins).",no
IP VS AGGRO 3B,opener IP,vs_3bet,3bettor OOP,aggressive 3bettor,52o,4bet,0,call,0,,0,100,Live Poker PREFLOP BIBLE,2024-04-30,17:57,"SUPERSEDED by 2026 'IP vs AGGRO 3BET (THINKING) and IP vs AGGRO 3BET (WHALE)' (same coach, newer video wins).",no
IP VS AGGRO 3B,opener IP,vs_3bet,3bettor OOP,aggressive 3bettor,42o,4bet,0,call,0,,0,100,Live Poker PREFLOP BIBLE,2024-04-30,17:57,"SUPERSEDED by 2026 'IP vs AGGRO 3BET (THINKING) and IP vs AGGRO 3BET (WHALE)' (same coach, newer video wins).",no
IP VS AGGRO 3B,opener IP,vs_3bet,3bettor OOP,aggressive 3bettor,32o,4bet,0,call,0,,0,100,Live Poker PREFLOP BIBLE,2024-04-30,17:57,"SUPERSEDED by 2026 'IP vs AGGRO 3BET (THINKING) and IP vs AGGRO 3BET (WHALE)' (same coach, newer video wins).",no
IP VS AGGRO 3B,opener IP,vs_3bet,3bettor OOP,aggressive 3bettor,22,4bet,0,call,100,,0,0,Live Poker PREFLOP BIBLE,2024-04-30,17:57,"SUPERSEDED by 2026 'IP vs AGGRO 3BET (THINKING) and IP vs AGGRO 3BET (WHALE)' (same coach, newer video wins).",no
COLD 4B VS TIGHT,cold 4bettor,cold_4bet,open + 3bet,tight 3bettor,AA,4bet,100,,0,,0,0,Live Poker PREFLOP BIBLE,2024-04-30,18:32,"SUPERSEDED by 2026 'COLD 4B vs TIGHT 3B' (same coach, newer video wins).",no
COLD 4B VS TIGHT,cold 4bettor,cold_4bet,open + 3bet,tight 3bettor,AKs,4bet,100,,0,,0,0,Live Poker PREFLOP BIBLE,2024-04-30,18:32,"SUPERSEDED by 2026 'COLD 4B vs TIGHT 3B' (same coach, newer video wins).",no
COLD 4B VS TIGHT,cold 4bettor,cold_4bet,open + 3bet,tight 3bettor,AQs,4bet,0,,0,,0,100,Live Poker PREFLOP BIBLE,2024-04-30,18:32,"SUPERSEDED by 2026 'COLD 4B vs TIGHT 3B' (same coach, newer video wins).",no
COLD 4B VS TIGHT,cold 4bettor,cold_4bet,open + 3bet,tight 3bettor,AJs,4bet,0,,0,,0,100,Live Poker PREFLOP BIBLE,2024-04-30,18:32,"SUPERSEDED by 2026 'COLD 4B vs TIGHT 3B' (same coach, newer video wins).",no
COLD 4B VS TIGHT,cold 4bettor,cold_4bet,open + 3bet,tight 3bettor,ATs,4bet,0,,0,,0,100,Live Poker PREFLOP BIBLE,2024-04-30,18:32,"SUPERSEDED by 2026 'COLD 4B vs TIGHT 3B' (same coach, newer video wins).",no
COLD 4B VS TIGHT,cold 4bettor,cold_4bet,open + 3bet,tight 3bettor,A9s,4bet,0,,0,,0,100,Live Poker PREFLOP BIBLE,2024-04-30,18:32,"SUPERSEDED by 2026 'COLD 4B vs TIGHT 3B' (same coach, newer video wins).",no
COLD 4B VS TIGHT,cold 4bettor,cold_4bet,open + 3bet,tight 3bettor,A8s,4bet,0,,0,,0,100,Live Poker PREFLOP BIBLE,2024-04-30,18:32,"SUPERSEDED by 2026 'COLD 4B vs TIGHT 3B' (same coach, newer video wins).",no
COLD 4B VS TIGHT,cold 4bettor,cold_4bet,open + 3bet,tight 3bettor,A7s,4bet,0,,0,,0,100,Live Poker PREFLOP BIBLE,2024-04-30,18:32,"SUPERSEDED by 2026 'COLD 4B vs TIGHT 3B' (same coach, newer video wins).",no
COLD 4B VS TIGHT,cold 4bettor,cold_4bet,open + 3bet,tight 3bettor,A6s,4bet,0,,0,,0,100,Live Poker PREFLOP BIBLE,2024-04-30,18:32,"SUPERSEDED by 2026 'COLD 4B vs TIGHT 3B' (same coach, newer video wins).",no
COLD 4B VS TIGHT,cold 4bettor,cold_4bet,open + 3bet,tight 3bettor,A5s,4bet,0,,0,,0,100,Live Poker PREFLOP BIBLE,2024-04-30,18:32,"SUPERSEDED by 2026 'COLD 4B vs TIGHT 3B' (same coach, newer video wins).",no
COLD 4B VS TIGHT,cold 4bettor,cold_4bet,open + 3bet,tight 3bettor,A4s,4bet,0,,0,,0,100,Live Poker PREFLOP BIBLE,2024-04-30,18:32,"SUPERSEDED by 2026 'COLD 4B vs TIGHT 3B' (same coach, newer video wins).",no
COLD 4B VS TIGHT,cold 4bettor,cold_4bet,open + 3bet,tight 3bettor,A3s,4bet,0,,0,,0,100,Live Poker PREFLOP BIBLE,2024-04-30,18:32,"SUPERSEDED by 2026 'COLD 4B vs TIGHT 3B' (same coach, newer video wins).",no
COLD 4B VS TIGHT,cold 4bettor,cold_4bet,open + 3bet,tight 3bettor,A2s,4bet,0,,0,,0,100,Live Poker PREFLOP BIBLE,2024-04-30,18:32,"SUPERSEDED by 2026 'COLD 4B vs TIGHT 3B' (same coach, newer video wins).",no
COLD 4B VS TIGHT,cold 4bettor,cold_4bet,open + 3bet,tight 3bettor,AKo,4bet,50,,0,,0,50,Live Poker PREFLOP BIBLE,2024-04-30,18:32,"SUPERSEDED by 2026 'COLD 4B vs TIGHT 3B' (same coach, newer video wins). SITUATIONAL (Mark 2024): a 'partial' - don't randomize; lean to the aggressive action with a bigger skill edge, deeper stacks, or a weaker/more predictable opponent.",yes
COLD 4B VS TIGHT,cold 4bettor,cold_4bet,open + 3bet,tight 3bettor,KK,4bet,100,,0,,0,0,Live Poker PREFLOP BIBLE,2024-04-30,18:32,"SUPERSEDED by 2026 'COLD 4B vs TIGHT 3B' (same coach, newer video wins).",no
COLD 4B VS TIGHT,cold 4bettor,cold_4bet,open + 3bet,tight 3bettor,KQs,4bet,0,,0,,0,100,Live Poker PREFLOP BIBLE,2024-04-30,18:32,"SUPERSEDED by 2026 'COLD 4B vs TIGHT 3B' (same coach, newer video wins).",no
COLD 4B VS TIGHT,cold 4bettor,cold_4bet,open + 3bet,tight 3bettor,KJs,4bet,0,,0,,0,100,Live Poker PREFLOP BIBLE,2024-04-30,18:32,"SUPERSEDED by 2026 'COLD 4B vs TIGHT 3B' (same coach, newer video wins).",no
COLD 4B VS TIGHT,cold 4bettor,cold_4bet,open + 3bet,tight 3bettor,KTs,4bet,0,,0,,0,100,Live Poker PREFLOP BIBLE,2024-04-30,18:32,"SUPERSEDED by 2026 'COLD 4B vs TIGHT 3B' (same coach, newer video wins).",no
COLD 4B VS TIGHT,cold 4bettor,cold_4bet,open + 3bet,tight 3bettor,K9s,4bet,0,,0,,0,100,Live Poker PREFLOP BIBLE,2024-04-30,18:32,"SUPERSEDED by 2026 'COLD 4B vs TIGHT 3B' (same coach, newer video wins).",no
COLD 4B VS TIGHT,cold 4bettor,cold_4bet,open + 3bet,tight 3bettor,K8s,4bet,0,,0,,0,100,Live Poker PREFLOP BIBLE,2024-04-30,18:32,"SUPERSEDED by 2026 'COLD 4B vs TIGHT 3B' (same coach, newer video wins).",no
COLD 4B VS TIGHT,cold 4bettor,cold_4bet,open + 3bet,tight 3bettor,K7s,4bet,0,,0,,0,100,Live Poker PREFLOP BIBLE,2024-04-30,18:32,"SUPERSEDED by 2026 'COLD 4B vs TIGHT 3B' (same coach, newer video wins).",no
COLD 4B VS TIGHT,cold 4bettor,cold_4bet,open + 3bet,tight 3bettor,K6s,4bet,0,,0,,0,100,Live Poker PREFLOP BIBLE,2024-04-30,18:32,"SUPERSEDED by 2026 'COLD 4B vs TIGHT 3B' (same coach, newer video wins).",no
COLD 4B VS TIGHT,cold 4bettor,cold_4bet,open + 3bet,tight 3bettor,K5s,4bet,0,,0,,0,100,Live Poker PREFLOP BIBLE,2024-04-30,18:32,"SUPERSEDED by 2026 'COLD 4B vs TIGHT 3B' (same coach, newer video wins).",no
COLD 4B VS TIGHT,cold 4bettor,cold_4bet,open + 3bet,tight 3bettor,K4s,4bet,0,,0,,0,100,Live Poker PREFLOP BIBLE,2024-04-30,18:32,"SUPERSEDED by 2026 'COLD 4B vs TIGHT 3B' (same coach, newer video wins).",no
COLD 4B VS TIGHT,cold 4bettor,cold_4bet,open + 3bet,tight 3bettor,K3s,4bet,0,,0,,0,100,Live Poker PREFLOP BIBLE,2024-04-30,18:32,"SUPERSEDED by 2026 'COLD 4B vs TIGHT 3B' (same coach, newer video wins).",no
COLD 4B VS TIGHT,cold 4bettor,cold_4bet,open + 3bet,tight 3bettor,K2s,4bet,0,,0,,0,100,Live Poker PREFLOP BIBLE,2024-04-30,18:32,"SUPERSEDED by 2026 'COLD 4B vs TIGHT 3B' (same coach, newer video wins).",no
COLD 4B VS TIGHT,cold 4bettor,cold_4bet,open + 3bet,tight 3bettor,AQo,4bet,0,,0,,0,100,Live Poker PREFLOP BIBLE,2024-04-30,18:32,"SUPERSEDED by 2026 'COLD 4B vs TIGHT 3B' (same coach, newer video wins).",no
COLD 4B VS TIGHT,cold 4bettor,cold_4bet,open + 3bet,tight 3bettor,KQo,4bet,0,,0,,0,100,Live Poker PREFLOP BIBLE,2024-04-30,18:32,"SUPERSEDED by 2026 'COLD 4B vs TIGHT 3B' (same coach, newer video wins).",no
COLD 4B VS TIGHT,cold 4bettor,cold_4bet,open + 3bet,tight 3bettor,QQ,4bet,100,,0,,0,0,Live Poker PREFLOP BIBLE,2024-04-30,18:32,"SUPERSEDED by 2026 'COLD 4B vs TIGHT 3B' (same coach, newer video wins).",no
COLD 4B VS TIGHT,cold 4bettor,cold_4bet,open + 3bet,tight 3bettor,QJs,4bet,0,,0,,0,100,Live Poker PREFLOP BIBLE,2024-04-30,18:32,"SUPERSEDED by 2026 'COLD 4B vs TIGHT 3B' (same coach, newer video wins).",no
COLD 4B VS TIGHT,cold 4bettor,cold_4bet,open + 3bet,tight 3bettor,QTs,4bet,0,,0,,0,100,Live Poker PREFLOP BIBLE,2024-04-30,18:32,"SUPERSEDED by 2026 'COLD 4B vs TIGHT 3B' (same coach, newer video wins).",no
COLD 4B VS TIGHT,cold 4bettor,cold_4bet,open + 3bet,tight 3bettor,Q9s,4bet,0,,0,,0,100,Live Poker PREFLOP BIBLE,2024-04-30,18:32,"SUPERSEDED by 2026 'COLD 4B vs TIGHT 3B' (same coach, newer video wins).",no
COLD 4B VS TIGHT,cold 4bettor,cold_4bet,open + 3bet,tight 3bettor,Q8s,4bet,0,,0,,0,100,Live Poker PREFLOP BIBLE,2024-04-30,18:32,"SUPERSEDED by 2026 'COLD 4B vs TIGHT 3B' (same coach, newer video wins).",no
COLD 4B VS TIGHT,cold 4bettor,cold_4bet,open + 3bet,tight 3bettor,Q7s,4bet,0,,0,,0,100,Live Poker PREFLOP BIBLE,2024-04-30,18:32,"SUPERSEDED by 2026 'COLD 4B vs TIGHT 3B' (same coach, newer video wins).",no
COLD 4B VS TIGHT,cold 4bettor,cold_4bet,open + 3bet,tight 3bettor,Q6s,4bet,0,,0,,0,100,Live Poker PREFLOP BIBLE,2024-04-30,18:32,"SUPERSEDED by 2026 'COLD 4B vs TIGHT 3B' (same coach, newer video wins).",no
COLD 4B VS TIGHT,cold 4bettor,cold_4bet,open + 3bet,tight 3bettor,Q5s,4bet,0,,0,,0,100,Live Poker PREFLOP BIBLE,2024-04-30,18:32,"SUPERSEDED by 2026 'COLD 4B vs TIGHT 3B' (same coach, newer video wins).",no
COLD 4B VS TIGHT,cold 4bettor,cold_4bet,open + 3bet,tight 3bettor,Q4s,4bet,0,,0,,0,100,Live Poker PREFLOP BIBLE,2024-04-30,18:32,"SUPERSEDED by 2026 'COLD 4B vs TIGHT 3B' (same coach, newer video wins).",no
COLD 4B VS TIGHT,cold 4bettor,cold_4bet,open + 3bet,tight 3bettor,Q3s,4bet,0,,0,,0,100,Live Poker PREFLOP BIBLE,2024-04-30,18:32,"SUPERSEDED by 2026 'COLD 4B vs TIGHT 3B' (same coach, newer video wins).",no
COLD 4B VS TIGHT,cold 4bettor,cold_4bet,open + 3bet,tight 3bettor,Q2s,4bet,0,,0,,0,100,Live Poker PREFLOP BIBLE,2024-04-30,18:32,"SUPERSEDED by 2026 'COLD 4B vs TIGHT 3B' (same coach, newer video wins).",no
COLD 4B VS TIGHT,cold 4bettor,cold_4bet,open + 3bet,tight 3bettor,AJo,4bet,0,,0,,0,100,Live Poker PREFLOP BIBLE,2024-04-30,18:32,"SUPERSEDED by 2026 'COLD 4B vs TIGHT 3B' (same coach, newer video wins).",no
COLD 4B VS TIGHT,cold 4bettor,cold_4bet,open + 3bet,tight 3bettor,KJo,4bet,0,,0,,0,100,Live Poker PREFLOP BIBLE,2024-04-30,18:32,"SUPERSEDED by 2026 'COLD 4B vs TIGHT 3B' (same coach, newer video wins).",no
COLD 4B VS TIGHT,cold 4bettor,cold_4bet,open + 3bet,tight 3bettor,QJo,4bet,0,,0,,0,100,Live Poker PREFLOP BIBLE,2024-04-30,18:32,"SUPERSEDED by 2026 'COLD 4B vs TIGHT 3B' (same coach, newer video wins).",no
COLD 4B VS TIGHT,cold 4bettor,cold_4bet,open + 3bet,tight 3bettor,JJ,4bet,50,,0,,0,50,Live Poker PREFLOP BIBLE,2024-04-30,18:32,"SUPERSEDED by 2026 'COLD 4B vs TIGHT 3B' (same coach, newer video wins). SITUATIONAL (Mark 2024): a 'partial' - don't randomize; lean to the aggressive action with a bigger skill edge, deeper stacks, or a weaker/more predictable opponent.",yes
COLD 4B VS TIGHT,cold 4bettor,cold_4bet,open + 3bet,tight 3bettor,JTs,4bet,0,,0,,0,100,Live Poker PREFLOP BIBLE,2024-04-30,18:32,"SUPERSEDED by 2026 'COLD 4B vs TIGHT 3B' (same coach, newer video wins).",no
COLD 4B VS TIGHT,cold 4bettor,cold_4bet,open + 3bet,tight 3bettor,J9s,4bet,0,,0,,0,100,Live Poker PREFLOP BIBLE,2024-04-30,18:32,"SUPERSEDED by 2026 'COLD 4B vs TIGHT 3B' (same coach, newer video wins).",no
COLD 4B VS TIGHT,cold 4bettor,cold_4bet,open + 3bet,tight 3bettor,J8s,4bet,0,,0,,0,100,Live Poker PREFLOP BIBLE,2024-04-30,18:32,"SUPERSEDED by 2026 'COLD 4B vs TIGHT 3B' (same coach, newer video wins).",no
COLD 4B VS TIGHT,cold 4bettor,cold_4bet,open + 3bet,tight 3bettor,J7s,4bet,0,,0,,0,100,Live Poker PREFLOP BIBLE,2024-04-30,18:32,"SUPERSEDED by 2026 'COLD 4B vs TIGHT 3B' (same coach, newer video wins).",no
COLD 4B VS TIGHT,cold 4bettor,cold_4bet,open + 3bet,tight 3bettor,J6s,4bet,0,,0,,0,100,Live Poker PREFLOP BIBLE,2024-04-30,18:32,"SUPERSEDED by 2026 'COLD 4B vs TIGHT 3B' (same coach, newer video wins).",no
COLD 4B VS TIGHT,cold 4bettor,cold_4bet,open + 3bet,tight 3bettor,J5s,4bet,0,,0,,0,100,Live Poker PREFLOP BIBLE,2024-04-30,18:32,"SUPERSEDED by 2026 'COLD 4B vs TIGHT 3B' (same coach, newer video wins).",no
COLD 4B VS TIGHT,cold 4bettor,cold_4bet,open + 3bet,tight 3bettor,J4s,4bet,0,,0,,0,100,Live Poker PREFLOP BIBLE,2024-04-30,18:32,"SUPERSEDED by 2026 'COLD 4B vs TIGHT 3B' (same coach, newer video wins).",no
COLD 4B VS TIGHT,cold 4bettor,cold_4bet,open + 3bet,tight 3bettor,J3s,4bet,0,,0,,0,100,Live Poker PREFLOP BIBLE,2024-04-30,18:32,"SUPERSEDED by 2026 'COLD 4B vs TIGHT 3B' (same coach, newer video wins).",no
COLD 4B VS TIGHT,cold 4bettor,cold_4bet,open + 3bet,tight 3bettor,J2s,4bet,0,,0,,0,100,Live Poker PREFLOP BIBLE,2024-04-30,18:32,"SUPERSEDED by 2026 'COLD 4B vs TIGHT 3B' (same coach, newer video wins).",no
COLD 4B VS TIGHT,cold 4bettor,cold_4bet,open + 3bet,tight 3bettor,ATo,4bet,0,,0,,0,100,Live Poker PREFLOP BIBLE,2024-04-30,18:32,"SUPERSEDED by 2026 'COLD 4B vs TIGHT 3B' (same coach, newer video wins).",no
COLD 4B VS TIGHT,cold 4bettor,cold_4bet,open + 3bet,tight 3bettor,KTo,4bet,0,,0,,0,100,Live Poker PREFLOP BIBLE,2024-04-30,18:32,"SUPERSEDED by 2026 'COLD 4B vs TIGHT 3B' (same coach, newer video wins).",no
COLD 4B VS TIGHT,cold 4bettor,cold_4bet,open + 3bet,tight 3bettor,QTo,4bet,0,,0,,0,100,Live Poker PREFLOP BIBLE,2024-04-30,18:32,"SUPERSEDED by 2026 'COLD 4B vs TIGHT 3B' (same coach, newer video wins).",no
COLD 4B VS TIGHT,cold 4bettor,cold_4bet,open + 3bet,tight 3bettor,JTo,4bet,0,,0,,0,100,Live Poker PREFLOP BIBLE,2024-04-30,18:32,"SUPERSEDED by 2026 'COLD 4B vs TIGHT 3B' (same coach, newer video wins).",no
COLD 4B VS TIGHT,cold 4bettor,cold_4bet,open + 3bet,tight 3bettor,TT,4bet,0,,0,,0,100,Live Poker PREFLOP BIBLE,2024-04-30,18:32,"SUPERSEDED by 2026 'COLD 4B vs TIGHT 3B' (same coach, newer video wins).",no
COLD 4B VS TIGHT,cold 4bettor,cold_4bet,open + 3bet,tight 3bettor,T9s,4bet,0,,0,,0,100,Live Poker PREFLOP BIBLE,2024-04-30,18:32,"SUPERSEDED by 2026 'COLD 4B vs TIGHT 3B' (same coach, newer video wins).",no
COLD 4B VS TIGHT,cold 4bettor,cold_4bet,open + 3bet,tight 3bettor,T8s,4bet,0,,0,,0,100,Live Poker PREFLOP BIBLE,2024-04-30,18:32,"SUPERSEDED by 2026 'COLD 4B vs TIGHT 3B' (same coach, newer video wins).",no
COLD 4B VS TIGHT,cold 4bettor,cold_4bet,open + 3bet,tight 3bettor,T7s,4bet,0,,0,,0,100,Live Poker PREFLOP BIBLE,2024-04-30,18:32,"SUPERSEDED by 2026 'COLD 4B vs TIGHT 3B' (same coach, newer video wins).",no
COLD 4B VS TIGHT,cold 4bettor,cold_4bet,open + 3bet,tight 3bettor,T6s,4bet,0,,0,,0,100,Live Poker PREFLOP BIBLE,2024-04-30,18:32,"SUPERSEDED by 2026 'COLD 4B vs TIGHT 3B' (same coach, newer video wins).",no
COLD 4B VS TIGHT,cold 4bettor,cold_4bet,open + 3bet,tight 3bettor,T5s,4bet,0,,0,,0,100,Live Poker PREFLOP BIBLE,2024-04-30,18:32,"SUPERSEDED by 2026 'COLD 4B vs TIGHT 3B' (same coach, newer video wins).",no
COLD 4B VS TIGHT,cold 4bettor,cold_4bet,open + 3bet,tight 3bettor,T4s,4bet,0,,0,,0,100,Live Poker PREFLOP BIBLE,2024-04-30,18:32,"SUPERSEDED by 2026 'COLD 4B vs TIGHT 3B' (same coach, newer video wins).",no
COLD 4B VS TIGHT,cold 4bettor,cold_4bet,open + 3bet,tight 3bettor,T3s,4bet,0,,0,,0,100,Live Poker PREFLOP BIBLE,2024-04-30,18:32,"SUPERSEDED by 2026 'COLD 4B vs TIGHT 3B' (same coach, newer video wins).",no
COLD 4B VS TIGHT,cold 4bettor,cold_4bet,open + 3bet,tight 3bettor,T2s,4bet,0,,0,,0,100,Live Poker PREFLOP BIBLE,2024-04-30,18:32,"SUPERSEDED by 2026 'COLD 4B vs TIGHT 3B' (same coach, newer video wins).",no
COLD 4B VS TIGHT,cold 4bettor,cold_4bet,open + 3bet,tight 3bettor,A9o,4bet,0,,0,,0,100,Live Poker PREFLOP BIBLE,2024-04-30,18:32,"SUPERSEDED by 2026 'COLD 4B vs TIGHT 3B' (same coach, newer video wins).",no
COLD 4B VS TIGHT,cold 4bettor,cold_4bet,open + 3bet,tight 3bettor,K9o,4bet,0,,0,,0,100,Live Poker PREFLOP BIBLE,2024-04-30,18:32,"SUPERSEDED by 2026 'COLD 4B vs TIGHT 3B' (same coach, newer video wins).",no
COLD 4B VS TIGHT,cold 4bettor,cold_4bet,open + 3bet,tight 3bettor,Q9o,4bet,0,,0,,0,100,Live Poker PREFLOP BIBLE,2024-04-30,18:32,"SUPERSEDED by 2026 'COLD 4B vs TIGHT 3B' (same coach, newer video wins).",no
COLD 4B VS TIGHT,cold 4bettor,cold_4bet,open + 3bet,tight 3bettor,J9o,4bet,0,,0,,0,100,Live Poker PREFLOP BIBLE,2024-04-30,18:32,"SUPERSEDED by 2026 'COLD 4B vs TIGHT 3B' (same coach, newer video wins).",no
COLD 4B VS TIGHT,cold 4bettor,cold_4bet,open + 3bet,tight 3bettor,T9o,4bet,0,,0,,0,100,Live Poker PREFLOP BIBLE,2024-04-30,18:32,"SUPERSEDED by 2026 'COLD 4B vs TIGHT 3B' (same coach, newer video wins).",no
COLD 4B VS TIGHT,cold 4bettor,cold_4bet,open + 3bet,tight 3bettor,99,4bet,0,,0,,0,100,Live Poker PREFLOP BIBLE,2024-04-30,18:32,"SUPERSEDED by 2026 'COLD 4B vs TIGHT 3B' (same coach, newer video wins).",no
COLD 4B VS TIGHT,cold 4bettor,cold_4bet,open + 3bet,tight 3bettor,98s,4bet,0,,0,,0,100,Live Poker PREFLOP BIBLE,2024-04-30,18:32,"SUPERSEDED by 2026 'COLD 4B vs TIGHT 3B' (same coach, newer video wins).",no
COLD 4B VS TIGHT,cold 4bettor,cold_4bet,open + 3bet,tight 3bettor,97s,4bet,0,,0,,0,100,Live Poker PREFLOP BIBLE,2024-04-30,18:32,"SUPERSEDED by 2026 'COLD 4B vs TIGHT 3B' (same coach, newer video wins).",no
COLD 4B VS TIGHT,cold 4bettor,cold_4bet,open + 3bet,tight 3bettor,96s,4bet,0,,0,,0,100,Live Poker PREFLOP BIBLE,2024-04-30,18:32,"SUPERSEDED by 2026 'COLD 4B vs TIGHT 3B' (same coach, newer video wins).",no
COLD 4B VS TIGHT,cold 4bettor,cold_4bet,open + 3bet,tight 3bettor,95s,4bet,0,,0,,0,100,Live Poker PREFLOP BIBLE,2024-04-30,18:32,"SUPERSEDED by 2026 'COLD 4B vs TIGHT 3B' (same coach, newer video wins).",no
COLD 4B VS TIGHT,cold 4bettor,cold_4bet,open + 3bet,tight 3bettor,94s,4bet,0,,0,,0,100,Live Poker PREFLOP BIBLE,2024-04-30,18:32,"SUPERSEDED by 2026 'COLD 4B vs TIGHT 3B' (same coach, newer video wins).",no
COLD 4B VS TIGHT,cold 4bettor,cold_4bet,open + 3bet,tight 3bettor,93s,4bet,0,,0,,0,100,Live Poker PREFLOP BIBLE,2024-04-30,18:32,"SUPERSEDED by 2026 'COLD 4B vs TIGHT 3B' (same coach, newer video wins).",no
COLD 4B VS TIGHT,cold 4bettor,cold_4bet,open + 3bet,tight 3bettor,92s,4bet,0,,0,,0,100,Live Poker PREFLOP BIBLE,2024-04-30,18:32,"SUPERSEDED by 2026 'COLD 4B vs TIGHT 3B' (same coach, newer video wins).",no
COLD 4B VS TIGHT,cold 4bettor,cold_4bet,open + 3bet,tight 3bettor,A8o,4bet,0,,0,,0,100,Live Poker PREFLOP BIBLE,2024-04-30,18:32,"SUPERSEDED by 2026 'COLD 4B vs TIGHT 3B' (same coach, newer video wins).",no
COLD 4B VS TIGHT,cold 4bettor,cold_4bet,open + 3bet,tight 3bettor,K8o,4bet,0,,0,,0,100,Live Poker PREFLOP BIBLE,2024-04-30,18:32,"SUPERSEDED by 2026 'COLD 4B vs TIGHT 3B' (same coach, newer video wins).",no
COLD 4B VS TIGHT,cold 4bettor,cold_4bet,open + 3bet,tight 3bettor,Q8o,4bet,0,,0,,0,100,Live Poker PREFLOP BIBLE,2024-04-30,18:32,"SUPERSEDED by 2026 'COLD 4B vs TIGHT 3B' (same coach, newer video wins).",no
COLD 4B VS TIGHT,cold 4bettor,cold_4bet,open + 3bet,tight 3bettor,J8o,4bet,0,,0,,0,100,Live Poker PREFLOP BIBLE,2024-04-30,18:32,"SUPERSEDED by 2026 'COLD 4B vs TIGHT 3B' (same coach, newer video wins).",no
COLD 4B VS TIGHT,cold 4bettor,cold_4bet,open + 3bet,tight 3bettor,T8o,4bet,0,,0,,0,100,Live Poker PREFLOP BIBLE,2024-04-30,18:32,"SUPERSEDED by 2026 'COLD 4B vs TIGHT 3B' (same coach, newer video wins).",no
COLD 4B VS TIGHT,cold 4bettor,cold_4bet,open + 3bet,tight 3bettor,98o,4bet,0,,0,,0,100,Live Poker PREFLOP BIBLE,2024-04-30,18:32,"SUPERSEDED by 2026 'COLD 4B vs TIGHT 3B' (same coach, newer video wins).",no
COLD 4B VS TIGHT,cold 4bettor,cold_4bet,open + 3bet,tight 3bettor,88,4bet,0,,0,,0,100,Live Poker PREFLOP BIBLE,2024-04-30,18:32,"SUPERSEDED by 2026 'COLD 4B vs TIGHT 3B' (same coach, newer video wins).",no
COLD 4B VS TIGHT,cold 4bettor,cold_4bet,open + 3bet,tight 3bettor,87s,4bet,0,,0,,0,100,Live Poker PREFLOP BIBLE,2024-04-30,18:32,"SUPERSEDED by 2026 'COLD 4B vs TIGHT 3B' (same coach, newer video wins).",no
COLD 4B VS TIGHT,cold 4bettor,cold_4bet,open + 3bet,tight 3bettor,86s,4bet,0,,0,,0,100,Live Poker PREFLOP BIBLE,2024-04-30,18:32,"SUPERSEDED by 2026 'COLD 4B vs TIGHT 3B' (same coach, newer video wins).",no
COLD 4B VS TIGHT,cold 4bettor,cold_4bet,open + 3bet,tight 3bettor,85s,4bet,0,,0,,0,100,Live Poker PREFLOP BIBLE,2024-04-30,18:32,"SUPERSEDED by 2026 'COLD 4B vs TIGHT 3B' (same coach, newer video wins).",no
COLD 4B VS TIGHT,cold 4bettor,cold_4bet,open + 3bet,tight 3bettor,84s,4bet,0,,0,,0,100,Live Poker PREFLOP BIBLE,2024-04-30,18:32,"SUPERSEDED by 2026 'COLD 4B vs TIGHT 3B' (same coach, newer video wins).",no
COLD 4B VS TIGHT,cold 4bettor,cold_4bet,open + 3bet,tight 3bettor,83s,4bet,0,,0,,0,100,Live Poker PREFLOP BIBLE,2024-04-30,18:32,"SUPERSEDED by 2026 'COLD 4B vs TIGHT 3B' (same coach, newer video wins).",no
COLD 4B VS TIGHT,cold 4bettor,cold_4bet,open + 3bet,tight 3bettor,82s,4bet,0,,0,,0,100,Live Poker PREFLOP BIBLE,2024-04-30,18:32,"SUPERSEDED by 2026 'COLD 4B vs TIGHT 3B' (same coach, newer video wins).",no
COLD 4B VS TIGHT,cold 4bettor,cold_4bet,open + 3bet,tight 3bettor,A7o,4bet,0,,0,,0,100,Live Poker PREFLOP BIBLE,2024-04-30,18:32,"SUPERSEDED by 2026 'COLD 4B vs TIGHT 3B' (same coach, newer video wins).",no
COLD 4B VS TIGHT,cold 4bettor,cold_4bet,open + 3bet,tight 3bettor,K7o,4bet,0,,0,,0,100,Live Poker PREFLOP BIBLE,2024-04-30,18:32,"SUPERSEDED by 2026 'COLD 4B vs TIGHT 3B' (same coach, newer video wins).",no
COLD 4B VS TIGHT,cold 4bettor,cold_4bet,open + 3bet,tight 3bettor,Q7o,4bet,0,,0,,0,100,Live Poker PREFLOP BIBLE,2024-04-30,18:32,"SUPERSEDED by 2026 'COLD 4B vs TIGHT 3B' (same coach, newer video wins).",no
COLD 4B VS TIGHT,cold 4bettor,cold_4bet,open + 3bet,tight 3bettor,J7o,4bet,0,,0,,0,100,Live Poker PREFLOP BIBLE,2024-04-30,18:32,"SUPERSEDED by 2026 'COLD 4B vs TIGHT 3B' (same coach, newer video wins).",no
COLD 4B VS TIGHT,cold 4bettor,cold_4bet,open + 3bet,tight 3bettor,T7o,4bet,0,,0,,0,100,Live Poker PREFLOP BIBLE,2024-04-30,18:32,"SUPERSEDED by 2026 'COLD 4B vs TIGHT 3B' (same coach, newer video wins).",no
COLD 4B VS TIGHT,cold 4bettor,cold_4bet,open + 3bet,tight 3bettor,97o,4bet,0,,0,,0,100,Live Poker PREFLOP BIBLE,2024-04-30,18:32,"SUPERSEDED by 2026 'COLD 4B vs TIGHT 3B' (same coach, newer video wins).",no
COLD 4B VS TIGHT,cold 4bettor,cold_4bet,open + 3bet,tight 3bettor,87o,4bet,0,,0,,0,100,Live Poker PREFLOP BIBLE,2024-04-30,18:32,"SUPERSEDED by 2026 'COLD 4B vs TIGHT 3B' (same coach, newer video wins).",no
COLD 4B VS TIGHT,cold 4bettor,cold_4bet,open + 3bet,tight 3bettor,77,4bet,0,,0,,0,100,Live Poker PREFLOP BIBLE,2024-04-30,18:32,"SUPERSEDED by 2026 'COLD 4B vs TIGHT 3B' (same coach, newer video wins).",no
COLD 4B VS TIGHT,cold 4bettor,cold_4bet,open + 3bet,tight 3bettor,76s,4bet,0,,0,,0,100,Live Poker PREFLOP BIBLE,2024-04-30,18:32,"SUPERSEDED by 2026 'COLD 4B vs TIGHT 3B' (same coach, newer video wins).",no
COLD 4B VS TIGHT,cold 4bettor,cold_4bet,open + 3bet,tight 3bettor,75s,4bet,0,,0,,0,100,Live Poker PREFLOP BIBLE,2024-04-30,18:32,"SUPERSEDED by 2026 'COLD 4B vs TIGHT 3B' (same coach, newer video wins).",no
COLD 4B VS TIGHT,cold 4bettor,cold_4bet,open + 3bet,tight 3bettor,74s,4bet,0,,0,,0,100,Live Poker PREFLOP BIBLE,2024-04-30,18:32,"SUPERSEDED by 2026 'COLD 4B vs TIGHT 3B' (same coach, newer video wins).",no
COLD 4B VS TIGHT,cold 4bettor,cold_4bet,open + 3bet,tight 3bettor,73s,4bet,0,,0,,0,100,Live Poker PREFLOP BIBLE,2024-04-30,18:32,"SUPERSEDED by 2026 'COLD 4B vs TIGHT 3B' (same coach, newer video wins).",no
COLD 4B VS TIGHT,cold 4bettor,cold_4bet,open + 3bet,tight 3bettor,72s,4bet,0,,0,,0,100,Live Poker PREFLOP BIBLE,2024-04-30,18:32,"SUPERSEDED by 2026 'COLD 4B vs TIGHT 3B' (same coach, newer video wins).",no
COLD 4B VS TIGHT,cold 4bettor,cold_4bet,open + 3bet,tight 3bettor,A6o,4bet,0,,0,,0,100,Live Poker PREFLOP BIBLE,2024-04-30,18:32,"SUPERSEDED by 2026 'COLD 4B vs TIGHT 3B' (same coach, newer video wins).",no
COLD 4B VS TIGHT,cold 4bettor,cold_4bet,open + 3bet,tight 3bettor,K6o,4bet,0,,0,,0,100,Live Poker PREFLOP BIBLE,2024-04-30,18:32,"SUPERSEDED by 2026 'COLD 4B vs TIGHT 3B' (same coach, newer video wins).",no
COLD 4B VS TIGHT,cold 4bettor,cold_4bet,open + 3bet,tight 3bettor,Q6o,4bet,0,,0,,0,100,Live Poker PREFLOP BIBLE,2024-04-30,18:32,"SUPERSEDED by 2026 'COLD 4B vs TIGHT 3B' (same coach, newer video wins).",no
COLD 4B VS TIGHT,cold 4bettor,cold_4bet,open + 3bet,tight 3bettor,J6o,4bet,0,,0,,0,100,Live Poker PREFLOP BIBLE,2024-04-30,18:32,"SUPERSEDED by 2026 'COLD 4B vs TIGHT 3B' (same coach, newer video wins).",no
COLD 4B VS TIGHT,cold 4bettor,cold_4bet,open + 3bet,tight 3bettor,T6o,4bet,0,,0,,0,100,Live Poker PREFLOP BIBLE,2024-04-30,18:32,"SUPERSEDED by 2026 'COLD 4B vs TIGHT 3B' (same coach, newer video wins).",no
COLD 4B VS TIGHT,cold 4bettor,cold_4bet,open + 3bet,tight 3bettor,96o,4bet,0,,0,,0,100,Live Poker PREFLOP BIBLE,2024-04-30,18:32,"SUPERSEDED by 2026 'COLD 4B vs TIGHT 3B' (same coach, newer video wins).",no
COLD 4B VS TIGHT,cold 4bettor,cold_4bet,open + 3bet,tight 3bettor,86o,4bet,0,,0,,0,100,Live Poker PREFLOP BIBLE,2024-04-30,18:32,"SUPERSEDED by 2026 'COLD 4B vs TIGHT 3B' (same coach, newer video wins).",no
COLD 4B VS TIGHT,cold 4bettor,cold_4bet,open + 3bet,tight 3bettor,76o,4bet,0,,0,,0,100,Live Poker PREFLOP BIBLE,2024-04-30,18:32,"SUPERSEDED by 2026 'COLD 4B vs TIGHT 3B' (same coach, newer video wins).",no
COLD 4B VS TIGHT,cold 4bettor,cold_4bet,open + 3bet,tight 3bettor,66,4bet,0,,0,,0,100,Live Poker PREFLOP BIBLE,2024-04-30,18:32,"SUPERSEDED by 2026 'COLD 4B vs TIGHT 3B' (same coach, newer video wins).",no
COLD 4B VS TIGHT,cold 4bettor,cold_4bet,open + 3bet,tight 3bettor,65s,4bet,0,,0,,0,100,Live Poker PREFLOP BIBLE,2024-04-30,18:32,"SUPERSEDED by 2026 'COLD 4B vs TIGHT 3B' (same coach, newer video wins).",no
COLD 4B VS TIGHT,cold 4bettor,cold_4bet,open + 3bet,tight 3bettor,64s,4bet,0,,0,,0,100,Live Poker PREFLOP BIBLE,2024-04-30,18:32,"SUPERSEDED by 2026 'COLD 4B vs TIGHT 3B' (same coach, newer video wins).",no
COLD 4B VS TIGHT,cold 4bettor,cold_4bet,open + 3bet,tight 3bettor,63s,4bet,0,,0,,0,100,Live Poker PREFLOP BIBLE,2024-04-30,18:32,"SUPERSEDED by 2026 'COLD 4B vs TIGHT 3B' (same coach, newer video wins).",no
COLD 4B VS TIGHT,cold 4bettor,cold_4bet,open + 3bet,tight 3bettor,62s,4bet,0,,0,,0,100,Live Poker PREFLOP BIBLE,2024-04-30,18:32,"SUPERSEDED by 2026 'COLD 4B vs TIGHT 3B' (same coach, newer video wins).",no
COLD 4B VS TIGHT,cold 4bettor,cold_4bet,open + 3bet,tight 3bettor,A5o,4bet,0,,0,,0,100,Live Poker PREFLOP BIBLE,2024-04-30,18:32,"SUPERSEDED by 2026 'COLD 4B vs TIGHT 3B' (same coach, newer video wins).",no
COLD 4B VS TIGHT,cold 4bettor,cold_4bet,open + 3bet,tight 3bettor,K5o,4bet,0,,0,,0,100,Live Poker PREFLOP BIBLE,2024-04-30,18:32,"SUPERSEDED by 2026 'COLD 4B vs TIGHT 3B' (same coach, newer video wins).",no
COLD 4B VS TIGHT,cold 4bettor,cold_4bet,open + 3bet,tight 3bettor,Q5o,4bet,0,,0,,0,100,Live Poker PREFLOP BIBLE,2024-04-30,18:32,"SUPERSEDED by 2026 'COLD 4B vs TIGHT 3B' (same coach, newer video wins).",no
COLD 4B VS TIGHT,cold 4bettor,cold_4bet,open + 3bet,tight 3bettor,J5o,4bet,0,,0,,0,100,Live Poker PREFLOP BIBLE,2024-04-30,18:32,"SUPERSEDED by 2026 'COLD 4B vs TIGHT 3B' (same coach, newer video wins).",no
COLD 4B VS TIGHT,cold 4bettor,cold_4bet,open + 3bet,tight 3bettor,T5o,4bet,0,,0,,0,100,Live Poker PREFLOP BIBLE,2024-04-30,18:32,"SUPERSEDED by 2026 'COLD 4B vs TIGHT 3B' (same coach, newer video wins).",no
COLD 4B VS TIGHT,cold 4bettor,cold_4bet,open + 3bet,tight 3bettor,95o,4bet,0,,0,,0,100,Live Poker PREFLOP BIBLE,2024-04-30,18:32,"SUPERSEDED by 2026 'COLD 4B vs TIGHT 3B' (same coach, newer video wins).",no
COLD 4B VS TIGHT,cold 4bettor,cold_4bet,open + 3bet,tight 3bettor,85o,4bet,0,,0,,0,100,Live Poker PREFLOP BIBLE,2024-04-30,18:32,"SUPERSEDED by 2026 'COLD 4B vs TIGHT 3B' (same coach, newer video wins).",no
COLD 4B VS TIGHT,cold 4bettor,cold_4bet,open + 3bet,tight 3bettor,75o,4bet,0,,0,,0,100,Live Poker PREFLOP BIBLE,2024-04-30,18:32,"SUPERSEDED by 2026 'COLD 4B vs TIGHT 3B' (same coach, newer video wins).",no
COLD 4B VS TIGHT,cold 4bettor,cold_4bet,open + 3bet,tight 3bettor,65o,4bet,0,,0,,0,100,Live Poker PREFLOP BIBLE,2024-04-30,18:32,"SUPERSEDED by 2026 'COLD 4B vs TIGHT 3B' (same coach, newer video wins).",no
COLD 4B VS TIGHT,cold 4bettor,cold_4bet,open + 3bet,tight 3bettor,55,4bet,0,,0,,0,100,Live Poker PREFLOP BIBLE,2024-04-30,18:32,"SUPERSEDED by 2026 'COLD 4B vs TIGHT 3B' (same coach, newer video wins).",no
COLD 4B VS TIGHT,cold 4bettor,cold_4bet,open + 3bet,tight 3bettor,54s,4bet,0,,0,,0,100,Live Poker PREFLOP BIBLE,2024-04-30,18:32,"SUPERSEDED by 2026 'COLD 4B vs TIGHT 3B' (same coach, newer video wins).",no
COLD 4B VS TIGHT,cold 4bettor,cold_4bet,open + 3bet,tight 3bettor,53s,4bet,0,,0,,0,100,Live Poker PREFLOP BIBLE,2024-04-30,18:32,"SUPERSEDED by 2026 'COLD 4B vs TIGHT 3B' (same coach, newer video wins).",no
COLD 4B VS TIGHT,cold 4bettor,cold_4bet,open + 3bet,tight 3bettor,52s,4bet,0,,0,,0,100,Live Poker PREFLOP BIBLE,2024-04-30,18:32,"SUPERSEDED by 2026 'COLD 4B vs TIGHT 3B' (same coach, newer video wins).",no
COLD 4B VS TIGHT,cold 4bettor,cold_4bet,open + 3bet,tight 3bettor,A4o,4bet,0,,0,,0,100,Live Poker PREFLOP BIBLE,2024-04-30,18:32,"SUPERSEDED by 2026 'COLD 4B vs TIGHT 3B' (same coach, newer video wins).",no
COLD 4B VS TIGHT,cold 4bettor,cold_4bet,open + 3bet,tight 3bettor,K4o,4bet,0,,0,,0,100,Live Poker PREFLOP BIBLE,2024-04-30,18:32,"SUPERSEDED by 2026 'COLD 4B vs TIGHT 3B' (same coach, newer video wins).",no
COLD 4B VS TIGHT,cold 4bettor,cold_4bet,open + 3bet,tight 3bettor,Q4o,4bet,0,,0,,0,100,Live Poker PREFLOP BIBLE,2024-04-30,18:32,"SUPERSEDED by 2026 'COLD 4B vs TIGHT 3B' (same coach, newer video wins).",no
COLD 4B VS TIGHT,cold 4bettor,cold_4bet,open + 3bet,tight 3bettor,J4o,4bet,0,,0,,0,100,Live Poker PREFLOP BIBLE,2024-04-30,18:32,"SUPERSEDED by 2026 'COLD 4B vs TIGHT 3B' (same coach, newer video wins).",no
COLD 4B VS TIGHT,cold 4bettor,cold_4bet,open + 3bet,tight 3bettor,T4o,4bet,0,,0,,0,100,Live Poker PREFLOP BIBLE,2024-04-30,18:32,"SUPERSEDED by 2026 'COLD 4B vs TIGHT 3B' (same coach, newer video wins).",no
COLD 4B VS TIGHT,cold 4bettor,cold_4bet,open + 3bet,tight 3bettor,94o,4bet,0,,0,,0,100,Live Poker PREFLOP BIBLE,2024-04-30,18:32,"SUPERSEDED by 2026 'COLD 4B vs TIGHT 3B' (same coach, newer video wins).",no
COLD 4B VS TIGHT,cold 4bettor,cold_4bet,open + 3bet,tight 3bettor,84o,4bet,0,,0,,0,100,Live Poker PREFLOP BIBLE,2024-04-30,18:32,"SUPERSEDED by 2026 'COLD 4B vs TIGHT 3B' (same coach, newer video wins).",no
COLD 4B VS TIGHT,cold 4bettor,cold_4bet,open + 3bet,tight 3bettor,74o,4bet,0,,0,,0,100,Live Poker PREFLOP BIBLE,2024-04-30,18:32,"SUPERSEDED by 2026 'COLD 4B vs TIGHT 3B' (same coach, newer video wins).",no
COLD 4B VS TIGHT,cold 4bettor,cold_4bet,open + 3bet,tight 3bettor,64o,4bet,0,,0,,0,100,Live Poker PREFLOP BIBLE,2024-04-30,18:32,"SUPERSEDED by 2026 'COLD 4B vs TIGHT 3B' (same coach, newer video wins).",no
COLD 4B VS TIGHT,cold 4bettor,cold_4bet,open + 3bet,tight 3bettor,54o,4bet,0,,0,,0,100,Live Poker PREFLOP BIBLE,2024-04-30,18:32,"SUPERSEDED by 2026 'COLD 4B vs TIGHT 3B' (same coach, newer video wins).",no
COLD 4B VS TIGHT,cold 4bettor,cold_4bet,open + 3bet,tight 3bettor,44,4bet,0,,0,,0,100,Live Poker PREFLOP BIBLE,2024-04-30,18:32,"SUPERSEDED by 2026 'COLD 4B vs TIGHT 3B' (same coach, newer video wins).",no
COLD 4B VS TIGHT,cold 4bettor,cold_4bet,open + 3bet,tight 3bettor,43s,4bet,0,,0,,0,100,Live Poker PREFLOP BIBLE,2024-04-30,18:32,"SUPERSEDED by 2026 'COLD 4B vs TIGHT 3B' (same coach, newer video wins).",no
COLD 4B VS TIGHT,cold 4bettor,cold_4bet,open + 3bet,tight 3bettor,42s,4bet,0,,0,,0,100,Live Poker PREFLOP BIBLE,2024-04-30,18:32,"SUPERSEDED by 2026 'COLD 4B vs TIGHT 3B' (same coach, newer video wins).",no
COLD 4B VS TIGHT,cold 4bettor,cold_4bet,open + 3bet,tight 3bettor,A3o,4bet,0,,0,,0,100,Live Poker PREFLOP BIBLE,2024-04-30,18:32,"SUPERSEDED by 2026 'COLD 4B vs TIGHT 3B' (same coach, newer video wins).",no
COLD 4B VS TIGHT,cold 4bettor,cold_4bet,open + 3bet,tight 3bettor,K3o,4bet,0,,0,,0,100,Live Poker PREFLOP BIBLE,2024-04-30,18:32,"SUPERSEDED by 2026 'COLD 4B vs TIGHT 3B' (same coach, newer video wins).",no
COLD 4B VS TIGHT,cold 4bettor,cold_4bet,open + 3bet,tight 3bettor,Q3o,4bet,0,,0,,0,100,Live Poker PREFLOP BIBLE,2024-04-30,18:32,"SUPERSEDED by 2026 'COLD 4B vs TIGHT 3B' (same coach, newer video wins).",no
COLD 4B VS TIGHT,cold 4bettor,cold_4bet,open + 3bet,tight 3bettor,J3o,4bet,0,,0,,0,100,Live Poker PREFLOP BIBLE,2024-04-30,18:32,"SUPERSEDED by 2026 'COLD 4B vs TIGHT 3B' (same coach, newer video wins).",no
COLD 4B VS TIGHT,cold 4bettor,cold_4bet,open + 3bet,tight 3bettor,T3o,4bet,0,,0,,0,100,Live Poker PREFLOP BIBLE,2024-04-30,18:32,"SUPERSEDED by 2026 'COLD 4B vs TIGHT 3B' (same coach, newer video wins).",no
COLD 4B VS TIGHT,cold 4bettor,cold_4bet,open + 3bet,tight 3bettor,93o,4bet,0,,0,,0,100,Live Poker PREFLOP BIBLE,2024-04-30,18:32,"SUPERSEDED by 2026 'COLD 4B vs TIGHT 3B' (same coach, newer video wins).",no
COLD 4B VS TIGHT,cold 4bettor,cold_4bet,open + 3bet,tight 3bettor,83o,4bet,0,,0,,0,100,Live Poker PREFLOP BIBLE,2024-04-30,18:32,"SUPERSEDED by 2026 'COLD 4B vs TIGHT 3B' (same coach, newer video wins).",no
COLD 4B VS TIGHT,cold 4bettor,cold_4bet,open + 3bet,tight 3bettor,73o,4bet,0,,0,,0,100,Live Poker PREFLOP BIBLE,2024-04-30,18:32,"SUPERSEDED by 2026 'COLD 4B vs TIGHT 3B' (same coach, newer video wins).",no
COLD 4B VS TIGHT,cold 4bettor,cold_4bet,open + 3bet,tight 3bettor,63o,4bet,0,,0,,0,100,Live Poker PREFLOP BIBLE,2024-04-30,18:32,"SUPERSEDED by 2026 'COLD 4B vs TIGHT 3B' (same coach, newer video wins).",no
COLD 4B VS TIGHT,cold 4bettor,cold_4bet,open + 3bet,tight 3bettor,53o,4bet,0,,0,,0,100,Live Poker PREFLOP BIBLE,2024-04-30,18:32,"SUPERSEDED by 2026 'COLD 4B vs TIGHT 3B' (same coach, newer video wins).",no
COLD 4B VS TIGHT,cold 4bettor,cold_4bet,open + 3bet,tight 3bettor,43o,4bet,0,,0,,0,100,Live Poker PREFLOP BIBLE,2024-04-30,18:32,"SUPERSEDED by 2026 'COLD 4B vs TIGHT 3B' (same coach, newer video wins).",no
COLD 4B VS TIGHT,cold 4bettor,cold_4bet,open + 3bet,tight 3bettor,33,4bet,0,,0,,0,100,Live Poker PREFLOP BIBLE,2024-04-30,18:32,"SUPERSEDED by 2026 'COLD 4B vs TIGHT 3B' (same coach, newer video wins).",no
COLD 4B VS TIGHT,cold 4bettor,cold_4bet,open + 3bet,tight 3bettor,32s,4bet,0,,0,,0,100,Live Poker PREFLOP BIBLE,2024-04-30,18:32,"SUPERSEDED by 2026 'COLD 4B vs TIGHT 3B' (same coach, newer video wins).",no
COLD 4B VS TIGHT,cold 4bettor,cold_4bet,open + 3bet,tight 3bettor,A2o,4bet,0,,0,,0,100,Live Poker PREFLOP BIBLE,2024-04-30,18:32,"SUPERSEDED by 2026 'COLD 4B vs TIGHT 3B' (same coach, newer video wins).",no
COLD 4B VS TIGHT,cold 4bettor,cold_4bet,open + 3bet,tight 3bettor,K2o,4bet,0,,0,,0,100,Live Poker PREFLOP BIBLE,2024-04-30,18:32,"SUPERSEDED by 2026 'COLD 4B vs TIGHT 3B' (same coach, newer video wins).",no
COLD 4B VS TIGHT,cold 4bettor,cold_4bet,open + 3bet,tight 3bettor,Q2o,4bet,0,,0,,0,100,Live Poker PREFLOP BIBLE,2024-04-30,18:32,"SUPERSEDED by 2026 'COLD 4B vs TIGHT 3B' (same coach, newer video wins).",no
COLD 4B VS TIGHT,cold 4bettor,cold_4bet,open + 3bet,tight 3bettor,J2o,4bet,0,,0,,0,100,Live Poker PREFLOP BIBLE,2024-04-30,18:32,"SUPERSEDED by 2026 'COLD 4B vs TIGHT 3B' (same coach, newer video wins).",no
COLD 4B VS TIGHT,cold 4bettor,cold_4bet,open + 3bet,tight 3bettor,T2o,4bet,0,,0,,0,100,Live Poker PREFLOP BIBLE,2024-04-30,18:32,"SUPERSEDED by 2026 'COLD 4B vs TIGHT 3B' (same coach, newer video wins).",no
COLD 4B VS TIGHT,cold 4bettor,cold_4bet,open + 3bet,tight 3bettor,92o,4bet,0,,0,,0,100,Live Poker PREFLOP BIBLE,2024-04-30,18:32,"SUPERSEDED by 2026 'COLD 4B vs TIGHT 3B' (same coach, newer video wins).",no
COLD 4B VS TIGHT,cold 4bettor,cold_4bet,open + 3bet,tight 3bettor,82o,4bet,0,,0,,0,100,Live Poker PREFLOP BIBLE,2024-04-30,18:32,"SUPERSEDED by 2026 'COLD 4B vs TIGHT 3B' (same coach, newer video wins).",no
COLD 4B VS TIGHT,cold 4bettor,cold_4bet,open + 3bet,tight 3bettor,72o,4bet,0,,0,,0,100,Live Poker PREFLOP BIBLE,2024-04-30,18:32,"SUPERSEDED by 2026 'COLD 4B vs TIGHT 3B' (same coach, newer video wins).",no
COLD 4B VS TIGHT,cold 4bettor,cold_4bet,open + 3bet,tight 3bettor,62o,4bet,0,,0,,0,100,Live Poker PREFLOP BIBLE,2024-04-30,18:32,"SUPERSEDED by 2026 'COLD 4B vs TIGHT 3B' (same coach, newer video wins).",no
COLD 4B VS TIGHT,cold 4bettor,cold_4bet,open + 3bet,tight 3bettor,52o,4bet,0,,0,,0,100,Live Poker PREFLOP BIBLE,2024-04-30,18:32,"SUPERSEDED by 2026 'COLD 4B vs TIGHT 3B' (same coach, newer video wins).",no
COLD 4B VS TIGHT,cold 4bettor,cold_4bet,open + 3bet,tight 3bettor,42o,4bet,0,,0,,0,100,Live Poker PREFLOP BIBLE,2024-04-30,18:32,"SUPERSEDED by 2026 'COLD 4B vs TIGHT 3B' (same coach, newer video wins).",no
COLD 4B VS TIGHT,cold 4bettor,cold_4bet,open + 3bet,tight 3bettor,32o,4bet,0,,0,,0,100,Live Poker PREFLOP BIBLE,2024-04-30,18:32,"SUPERSEDED by 2026 'COLD 4B vs TIGHT 3B' (same coach, newer video wins).",no
COLD 4B VS TIGHT,cold 4bettor,cold_4bet,open + 3bet,tight 3bettor,22,4bet,0,,0,,0,100,Live Poker PREFLOP BIBLE,2024-04-30,18:32,"SUPERSEDED by 2026 'COLD 4B vs TIGHT 3B' (same coach, newer video wins).",no
COLD 4B VS AGGRO,cold 4bettor,cold_4bet,open + 3bet,aggressive 3bettor,AA,4bet,100,,0,,0,0,Live Poker PREFLOP BIBLE,2024-04-30,19:30,"SUPERSEDED by 2026 'COLD 4B vs WIDE 3B' (same coach, newer video wins).",no
COLD 4B VS AGGRO,cold 4bettor,cold_4bet,open + 3bet,aggressive 3bettor,AKs,4bet,100,,0,,0,0,Live Poker PREFLOP BIBLE,2024-04-30,19:30,"SUPERSEDED by 2026 'COLD 4B vs WIDE 3B' (same coach, newer video wins).",no
COLD 4B VS AGGRO,cold 4bettor,cold_4bet,open + 3bet,aggressive 3bettor,AQs,4bet,100,,0,,0,0,Live Poker PREFLOP BIBLE,2024-04-30,19:30,"SUPERSEDED by 2026 'COLD 4B vs WIDE 3B' (same coach, newer video wins).",no
COLD 4B VS AGGRO,cold 4bettor,cold_4bet,open + 3bet,aggressive 3bettor,AJs,4bet,50,,0,,0,50,Live Poker PREFLOP BIBLE,2024-04-30,19:30,"SUPERSEDED by 2026 'COLD 4B vs WIDE 3B' (same coach, newer video wins). SITUATIONAL (Mark 2024): a 'partial' - don't randomize; lean to the aggressive action with a bigger skill edge, deeper stacks, or a weaker/more predictable opponent.",yes
COLD 4B VS AGGRO,cold 4bettor,cold_4bet,open + 3bet,aggressive 3bettor,ATs,4bet,0,,0,,0,100,Live Poker PREFLOP BIBLE,2024-04-30,19:30,"SUPERSEDED by 2026 'COLD 4B vs WIDE 3B' (same coach, newer video wins).",no
COLD 4B VS AGGRO,cold 4bettor,cold_4bet,open + 3bet,aggressive 3bettor,A9s,4bet,0,,0,,0,100,Live Poker PREFLOP BIBLE,2024-04-30,19:30,"SUPERSEDED by 2026 'COLD 4B vs WIDE 3B' (same coach, newer video wins).",no
COLD 4B VS AGGRO,cold 4bettor,cold_4bet,open + 3bet,aggressive 3bettor,A8s,4bet,0,,0,,0,100,Live Poker PREFLOP BIBLE,2024-04-30,19:30,"SUPERSEDED by 2026 'COLD 4B vs WIDE 3B' (same coach, newer video wins).",no
COLD 4B VS AGGRO,cold 4bettor,cold_4bet,open + 3bet,aggressive 3bettor,A7s,4bet,0,,0,,0,100,Live Poker PREFLOP BIBLE,2024-04-30,19:30,"SUPERSEDED by 2026 'COLD 4B vs WIDE 3B' (same coach, newer video wins).",no
COLD 4B VS AGGRO,cold 4bettor,cold_4bet,open + 3bet,aggressive 3bettor,A6s,4bet,0,,0,,0,100,Live Poker PREFLOP BIBLE,2024-04-30,19:30,"SUPERSEDED by 2026 'COLD 4B vs WIDE 3B' (same coach, newer video wins).",no
COLD 4B VS AGGRO,cold 4bettor,cold_4bet,open + 3bet,aggressive 3bettor,A5s,4bet,50,,0,,0,50,Live Poker PREFLOP BIBLE,2024-04-30,19:30,"SUPERSEDED by 2026 'COLD 4B vs WIDE 3B' (same coach, newer video wins). SITUATIONAL (Mark 2024): a 'partial' - don't randomize; lean to the aggressive action with a bigger skill edge, deeper stacks, or a weaker/more predictable opponent.",yes
COLD 4B VS AGGRO,cold 4bettor,cold_4bet,open + 3bet,aggressive 3bettor,A4s,4bet,0,,0,,0,100,Live Poker PREFLOP BIBLE,2024-04-30,19:30,"SUPERSEDED by 2026 'COLD 4B vs WIDE 3B' (same coach, newer video wins).",no
COLD 4B VS AGGRO,cold 4bettor,cold_4bet,open + 3bet,aggressive 3bettor,A3s,4bet,0,,0,,0,100,Live Poker PREFLOP BIBLE,2024-04-30,19:30,"SUPERSEDED by 2026 'COLD 4B vs WIDE 3B' (same coach, newer video wins).",no
COLD 4B VS AGGRO,cold 4bettor,cold_4bet,open + 3bet,aggressive 3bettor,A2s,4bet,0,,0,,0,100,Live Poker PREFLOP BIBLE,2024-04-30,19:30,"SUPERSEDED by 2026 'COLD 4B vs WIDE 3B' (same coach, newer video wins).",no
COLD 4B VS AGGRO,cold 4bettor,cold_4bet,open + 3bet,aggressive 3bettor,AKo,4bet,100,,0,,0,0,Live Poker PREFLOP BIBLE,2024-04-30,19:30,"SUPERSEDED by 2026 'COLD 4B vs WIDE 3B' (same coach, newer video wins).",no
COLD 4B VS AGGRO,cold 4bettor,cold_4bet,open + 3bet,aggressive 3bettor,KK,4bet,100,,0,,0,0,Live Poker PREFLOP BIBLE,2024-04-30,19:30,"SUPERSEDED by 2026 'COLD 4B vs WIDE 3B' (same coach, newer video wins).",no
COLD 4B VS AGGRO,cold 4bettor,cold_4bet,open + 3bet,aggressive 3bettor,KQs,4bet,100,,0,,0,0,Live Poker PREFLOP BIBLE,2024-04-30,19:30,"SUPERSEDED by 2026 'COLD 4B vs WIDE 3B' (same coach, newer video wins).",no
COLD 4B VS AGGRO,cold 4bettor,cold_4bet,open + 3bet,aggressive 3bettor,KJs,4bet,50,,0,,0,50,Live Poker PREFLOP BIBLE,2024-04-30,19:30,"SUPERSEDED by 2026 'COLD 4B vs WIDE 3B' (same coach, newer video wins). SITUATIONAL (Mark 2024): a 'partial' - don't randomize; lean to the aggressive action with a bigger skill edge, deeper stacks, or a weaker/more predictable opponent.",yes
COLD 4B VS AGGRO,cold 4bettor,cold_4bet,open + 3bet,aggressive 3bettor,KTs,4bet,0,,0,,0,100,Live Poker PREFLOP BIBLE,2024-04-30,19:30,"SUPERSEDED by 2026 'COLD 4B vs WIDE 3B' (same coach, newer video wins).",no
COLD 4B VS AGGRO,cold 4bettor,cold_4bet,open + 3bet,aggressive 3bettor,K9s,4bet,0,,0,,0,100,Live Poker PREFLOP BIBLE,2024-04-30,19:30,"SUPERSEDED by 2026 'COLD 4B vs WIDE 3B' (same coach, newer video wins).",no
COLD 4B VS AGGRO,cold 4bettor,cold_4bet,open + 3bet,aggressive 3bettor,K8s,4bet,0,,0,,0,100,Live Poker PREFLOP BIBLE,2024-04-30,19:30,"SUPERSEDED by 2026 'COLD 4B vs WIDE 3B' (same coach, newer video wins).",no
COLD 4B VS AGGRO,cold 4bettor,cold_4bet,open + 3bet,aggressive 3bettor,K7s,4bet,0,,0,,0,100,Live Poker PREFLOP BIBLE,2024-04-30,19:30,"SUPERSEDED by 2026 'COLD 4B vs WIDE 3B' (same coach, newer video wins).",no
COLD 4B VS AGGRO,cold 4bettor,cold_4bet,open + 3bet,aggressive 3bettor,K6s,4bet,0,,0,,0,100,Live Poker PREFLOP BIBLE,2024-04-30,19:30,"SUPERSEDED by 2026 'COLD 4B vs WIDE 3B' (same coach, newer video wins).",no
COLD 4B VS AGGRO,cold 4bettor,cold_4bet,open + 3bet,aggressive 3bettor,K5s,4bet,0,,0,,0,100,Live Poker PREFLOP BIBLE,2024-04-30,19:30,"SUPERSEDED by 2026 'COLD 4B vs WIDE 3B' (same coach, newer video wins).",no
COLD 4B VS AGGRO,cold 4bettor,cold_4bet,open + 3bet,aggressive 3bettor,K4s,4bet,0,,0,,0,100,Live Poker PREFLOP BIBLE,2024-04-30,19:30,"SUPERSEDED by 2026 'COLD 4B vs WIDE 3B' (same coach, newer video wins).",no
COLD 4B VS AGGRO,cold 4bettor,cold_4bet,open + 3bet,aggressive 3bettor,K3s,4bet,0,,0,,0,100,Live Poker PREFLOP BIBLE,2024-04-30,19:30,"SUPERSEDED by 2026 'COLD 4B vs WIDE 3B' (same coach, newer video wins).",no
COLD 4B VS AGGRO,cold 4bettor,cold_4bet,open + 3bet,aggressive 3bettor,K2s,4bet,0,,0,,0,100,Live Poker PREFLOP BIBLE,2024-04-30,19:30,"SUPERSEDED by 2026 'COLD 4B vs WIDE 3B' (same coach, newer video wins).",no
COLD 4B VS AGGRO,cold 4bettor,cold_4bet,open + 3bet,aggressive 3bettor,AQo,4bet,50,,0,,0,50,Live Poker PREFLOP BIBLE,2024-04-30,19:30,"SUPERSEDED by 2026 'COLD 4B vs WIDE 3B' (same coach, newer video wins). SITUATIONAL (Mark 2024): a 'partial' - don't randomize; lean to the aggressive action with a bigger skill edge, deeper stacks, or a weaker/more predictable opponent.",yes
COLD 4B VS AGGRO,cold 4bettor,cold_4bet,open + 3bet,aggressive 3bettor,KQo,4bet,0,,0,,0,100,Live Poker PREFLOP BIBLE,2024-04-30,19:30,"SUPERSEDED by 2026 'COLD 4B vs WIDE 3B' (same coach, newer video wins).",no
COLD 4B VS AGGRO,cold 4bettor,cold_4bet,open + 3bet,aggressive 3bettor,QQ,4bet,100,,0,,0,0,Live Poker PREFLOP BIBLE,2024-04-30,19:30,"SUPERSEDED by 2026 'COLD 4B vs WIDE 3B' (same coach, newer video wins).",no
COLD 4B VS AGGRO,cold 4bettor,cold_4bet,open + 3bet,aggressive 3bettor,QJs,4bet,0,,0,,0,100,Live Poker PREFLOP BIBLE,2024-04-30,19:30,"SUPERSEDED by 2026 'COLD 4B vs WIDE 3B' (same coach, newer video wins).",no
COLD 4B VS AGGRO,cold 4bettor,cold_4bet,open + 3bet,aggressive 3bettor,QTs,4bet,0,,0,,0,100,Live Poker PREFLOP BIBLE,2024-04-30,19:30,"SUPERSEDED by 2026 'COLD 4B vs WIDE 3B' (same coach, newer video wins).",no
COLD 4B VS AGGRO,cold 4bettor,cold_4bet,open + 3bet,aggressive 3bettor,Q9s,4bet,0,,0,,0,100,Live Poker PREFLOP BIBLE,2024-04-30,19:30,"SUPERSEDED by 2026 'COLD 4B vs WIDE 3B' (same coach, newer video wins).",no
COLD 4B VS AGGRO,cold 4bettor,cold_4bet,open + 3bet,aggressive 3bettor,Q8s,4bet,0,,0,,0,100,Live Poker PREFLOP BIBLE,2024-04-30,19:30,"SUPERSEDED by 2026 'COLD 4B vs WIDE 3B' (same coach, newer video wins).",no
COLD 4B VS AGGRO,cold 4bettor,cold_4bet,open + 3bet,aggressive 3bettor,Q7s,4bet,0,,0,,0,100,Live Poker PREFLOP BIBLE,2024-04-30,19:30,"SUPERSEDED by 2026 'COLD 4B vs WIDE 3B' (same coach, newer video wins).",no
COLD 4B VS AGGRO,cold 4bettor,cold_4bet,open + 3bet,aggressive 3bettor,Q6s,4bet,0,,0,,0,100,Live Poker PREFLOP BIBLE,2024-04-30,19:30,"SUPERSEDED by 2026 'COLD 4B vs WIDE 3B' (same coach, newer video wins).",no
COLD 4B VS AGGRO,cold 4bettor,cold_4bet,open + 3bet,aggressive 3bettor,Q5s,4bet,0,,0,,0,100,Live Poker PREFLOP BIBLE,2024-04-30,19:30,"SUPERSEDED by 2026 'COLD 4B vs WIDE 3B' (same coach, newer video wins).",no
COLD 4B VS AGGRO,cold 4bettor,cold_4bet,open + 3bet,aggressive 3bettor,Q4s,4bet,0,,0,,0,100,Live Poker PREFLOP BIBLE,2024-04-30,19:30,"SUPERSEDED by 2026 'COLD 4B vs WIDE 3B' (same coach, newer video wins).",no
COLD 4B VS AGGRO,cold 4bettor,cold_4bet,open + 3bet,aggressive 3bettor,Q3s,4bet,0,,0,,0,100,Live Poker PREFLOP BIBLE,2024-04-30,19:30,"SUPERSEDED by 2026 'COLD 4B vs WIDE 3B' (same coach, newer video wins).",no
COLD 4B VS AGGRO,cold 4bettor,cold_4bet,open + 3bet,aggressive 3bettor,Q2s,4bet,0,,0,,0,100,Live Poker PREFLOP BIBLE,2024-04-30,19:30,"SUPERSEDED by 2026 'COLD 4B vs WIDE 3B' (same coach, newer video wins).",no
COLD 4B VS AGGRO,cold 4bettor,cold_4bet,open + 3bet,aggressive 3bettor,AJo,4bet,0,,0,,0,100,Live Poker PREFLOP BIBLE,2024-04-30,19:30,"SUPERSEDED by 2026 'COLD 4B vs WIDE 3B' (same coach, newer video wins).",no
COLD 4B VS AGGRO,cold 4bettor,cold_4bet,open + 3bet,aggressive 3bettor,KJo,4bet,0,,0,,0,100,Live Poker PREFLOP BIBLE,2024-04-30,19:30,"SUPERSEDED by 2026 'COLD 4B vs WIDE 3B' (same coach, newer video wins).",no
COLD 4B VS AGGRO,cold 4bettor,cold_4bet,open + 3bet,aggressive 3bettor,QJo,4bet,0,,0,,0,100,Live Poker PREFLOP BIBLE,2024-04-30,19:30,"SUPERSEDED by 2026 'COLD 4B vs WIDE 3B' (same coach, newer video wins).",no
COLD 4B VS AGGRO,cold 4bettor,cold_4bet,open + 3bet,aggressive 3bettor,JJ,4bet,100,,0,,0,0,Live Poker PREFLOP BIBLE,2024-04-30,19:30,"SUPERSEDED by 2026 'COLD 4B vs WIDE 3B' (same coach, newer video wins).",no
COLD 4B VS AGGRO,cold 4bettor,cold_4bet,open + 3bet,aggressive 3bettor,JTs,4bet,0,,0,,0,100,Live Poker PREFLOP BIBLE,2024-04-30,19:30,"SUPERSEDED by 2026 'COLD 4B vs WIDE 3B' (same coach, newer video wins).",no
COLD 4B VS AGGRO,cold 4bettor,cold_4bet,open + 3bet,aggressive 3bettor,J9s,4bet,0,,0,,0,100,Live Poker PREFLOP BIBLE,2024-04-30,19:30,"SUPERSEDED by 2026 'COLD 4B vs WIDE 3B' (same coach, newer video wins).",no
COLD 4B VS AGGRO,cold 4bettor,cold_4bet,open + 3bet,aggressive 3bettor,J8s,4bet,0,,0,,0,100,Live Poker PREFLOP BIBLE,2024-04-30,19:30,"SUPERSEDED by 2026 'COLD 4B vs WIDE 3B' (same coach, newer video wins).",no
COLD 4B VS AGGRO,cold 4bettor,cold_4bet,open + 3bet,aggressive 3bettor,J7s,4bet,0,,0,,0,100,Live Poker PREFLOP BIBLE,2024-04-30,19:30,"SUPERSEDED by 2026 'COLD 4B vs WIDE 3B' (same coach, newer video wins).",no
COLD 4B VS AGGRO,cold 4bettor,cold_4bet,open + 3bet,aggressive 3bettor,J6s,4bet,0,,0,,0,100,Live Poker PREFLOP BIBLE,2024-04-30,19:30,"SUPERSEDED by 2026 'COLD 4B vs WIDE 3B' (same coach, newer video wins).",no
COLD 4B VS AGGRO,cold 4bettor,cold_4bet,open + 3bet,aggressive 3bettor,J5s,4bet,0,,0,,0,100,Live Poker PREFLOP BIBLE,2024-04-30,19:30,"SUPERSEDED by 2026 'COLD 4B vs WIDE 3B' (same coach, newer video wins).",no
COLD 4B VS AGGRO,cold 4bettor,cold_4bet,open + 3bet,aggressive 3bettor,J4s,4bet,0,,0,,0,100,Live Poker PREFLOP BIBLE,2024-04-30,19:30,"SUPERSEDED by 2026 'COLD 4B vs WIDE 3B' (same coach, newer video wins).",no
COLD 4B VS AGGRO,cold 4bettor,cold_4bet,open + 3bet,aggressive 3bettor,J3s,4bet,0,,0,,0,100,Live Poker PREFLOP BIBLE,2024-04-30,19:30,"SUPERSEDED by 2026 'COLD 4B vs WIDE 3B' (same coach, newer video wins).",no
COLD 4B VS AGGRO,cold 4bettor,cold_4bet,open + 3bet,aggressive 3bettor,J2s,4bet,0,,0,,0,100,Live Poker PREFLOP BIBLE,2024-04-30,19:30,"SUPERSEDED by 2026 'COLD 4B vs WIDE 3B' (same coach, newer video wins).",no
COLD 4B VS AGGRO,cold 4bettor,cold_4bet,open + 3bet,aggressive 3bettor,ATo,4bet,0,,0,,0,100,Live Poker PREFLOP BIBLE,2024-04-30,19:30,"SUPERSEDED by 2026 'COLD 4B vs WIDE 3B' (same coach, newer video wins).",no
COLD 4B VS AGGRO,cold 4bettor,cold_4bet,open + 3bet,aggressive 3bettor,KTo,4bet,0,,0,,0,100,Live Poker PREFLOP BIBLE,2024-04-30,19:30,"SUPERSEDED by 2026 'COLD 4B vs WIDE 3B' (same coach, newer video wins).",no
COLD 4B VS AGGRO,cold 4bettor,cold_4bet,open + 3bet,aggressive 3bettor,QTo,4bet,0,,0,,0,100,Live Poker PREFLOP BIBLE,2024-04-30,19:30,"SUPERSEDED by 2026 'COLD 4B vs WIDE 3B' (same coach, newer video wins).",no
COLD 4B VS AGGRO,cold 4bettor,cold_4bet,open + 3bet,aggressive 3bettor,JTo,4bet,0,,0,,0,100,Live Poker PREFLOP BIBLE,2024-04-30,19:30,"SUPERSEDED by 2026 'COLD 4B vs WIDE 3B' (same coach, newer video wins).",no
COLD 4B VS AGGRO,cold 4bettor,cold_4bet,open + 3bet,aggressive 3bettor,TT,4bet,100,,0,,0,0,Live Poker PREFLOP BIBLE,2024-04-30,19:30,"SUPERSEDED by 2026 'COLD 4B vs WIDE 3B' (same coach, newer video wins).",no
COLD 4B VS AGGRO,cold 4bettor,cold_4bet,open + 3bet,aggressive 3bettor,T9s,4bet,0,,0,,0,100,Live Poker PREFLOP BIBLE,2024-04-30,19:30,"SUPERSEDED by 2026 'COLD 4B vs WIDE 3B' (same coach, newer video wins).",no
COLD 4B VS AGGRO,cold 4bettor,cold_4bet,open + 3bet,aggressive 3bettor,T8s,4bet,0,,0,,0,100,Live Poker PREFLOP BIBLE,2024-04-30,19:30,"SUPERSEDED by 2026 'COLD 4B vs WIDE 3B' (same coach, newer video wins).",no
COLD 4B VS AGGRO,cold 4bettor,cold_4bet,open + 3bet,aggressive 3bettor,T7s,4bet,0,,0,,0,100,Live Poker PREFLOP BIBLE,2024-04-30,19:30,"SUPERSEDED by 2026 'COLD 4B vs WIDE 3B' (same coach, newer video wins).",no
COLD 4B VS AGGRO,cold 4bettor,cold_4bet,open + 3bet,aggressive 3bettor,T6s,4bet,0,,0,,0,100,Live Poker PREFLOP BIBLE,2024-04-30,19:30,"SUPERSEDED by 2026 'COLD 4B vs WIDE 3B' (same coach, newer video wins).",no
COLD 4B VS AGGRO,cold 4bettor,cold_4bet,open + 3bet,aggressive 3bettor,T5s,4bet,0,,0,,0,100,Live Poker PREFLOP BIBLE,2024-04-30,19:30,"SUPERSEDED by 2026 'COLD 4B vs WIDE 3B' (same coach, newer video wins).",no
COLD 4B VS AGGRO,cold 4bettor,cold_4bet,open + 3bet,aggressive 3bettor,T4s,4bet,0,,0,,0,100,Live Poker PREFLOP BIBLE,2024-04-30,19:30,"SUPERSEDED by 2026 'COLD 4B vs WIDE 3B' (same coach, newer video wins).",no
COLD 4B VS AGGRO,cold 4bettor,cold_4bet,open + 3bet,aggressive 3bettor,T3s,4bet,0,,0,,0,100,Live Poker PREFLOP BIBLE,2024-04-30,19:30,"SUPERSEDED by 2026 'COLD 4B vs WIDE 3B' (same coach, newer video wins).",no
COLD 4B VS AGGRO,cold 4bettor,cold_4bet,open + 3bet,aggressive 3bettor,T2s,4bet,0,,0,,0,100,Live Poker PREFLOP BIBLE,2024-04-30,19:30,"SUPERSEDED by 2026 'COLD 4B vs WIDE 3B' (same coach, newer video wins).",no
COLD 4B VS AGGRO,cold 4bettor,cold_4bet,open + 3bet,aggressive 3bettor,A9o,4bet,0,,0,,0,100,Live Poker PREFLOP BIBLE,2024-04-30,19:30,"SUPERSEDED by 2026 'COLD 4B vs WIDE 3B' (same coach, newer video wins).",no
COLD 4B VS AGGRO,cold 4bettor,cold_4bet,open + 3bet,aggressive 3bettor,K9o,4bet,0,,0,,0,100,Live Poker PREFLOP BIBLE,2024-04-30,19:30,"SUPERSEDED by 2026 'COLD 4B vs WIDE 3B' (same coach, newer video wins).",no
COLD 4B VS AGGRO,cold 4bettor,cold_4bet,open + 3bet,aggressive 3bettor,Q9o,4bet,0,,0,,0,100,Live Poker PREFLOP BIBLE,2024-04-30,19:30,"SUPERSEDED by 2026 'COLD 4B vs WIDE 3B' (same coach, newer video wins).",no
COLD 4B VS AGGRO,cold 4bettor,cold_4bet,open + 3bet,aggressive 3bettor,J9o,4bet,0,,0,,0,100,Live Poker PREFLOP BIBLE,2024-04-30,19:30,"SUPERSEDED by 2026 'COLD 4B vs WIDE 3B' (same coach, newer video wins).",no
COLD 4B VS AGGRO,cold 4bettor,cold_4bet,open + 3bet,aggressive 3bettor,T9o,4bet,0,,0,,0,100,Live Poker PREFLOP BIBLE,2024-04-30,19:30,"SUPERSEDED by 2026 'COLD 4B vs WIDE 3B' (same coach, newer video wins).",no
COLD 4B VS AGGRO,cold 4bettor,cold_4bet,open + 3bet,aggressive 3bettor,99,4bet,0,,0,,0,100,Live Poker PREFLOP BIBLE,2024-04-30,19:30,"SUPERSEDED by 2026 'COLD 4B vs WIDE 3B' (same coach, newer video wins).",no
COLD 4B VS AGGRO,cold 4bettor,cold_4bet,open + 3bet,aggressive 3bettor,98s,4bet,0,,0,,0,100,Live Poker PREFLOP BIBLE,2024-04-30,19:30,"SUPERSEDED by 2026 'COLD 4B vs WIDE 3B' (same coach, newer video wins).",no
COLD 4B VS AGGRO,cold 4bettor,cold_4bet,open + 3bet,aggressive 3bettor,97s,4bet,0,,0,,0,100,Live Poker PREFLOP BIBLE,2024-04-30,19:30,"SUPERSEDED by 2026 'COLD 4B vs WIDE 3B' (same coach, newer video wins).",no
COLD 4B VS AGGRO,cold 4bettor,cold_4bet,open + 3bet,aggressive 3bettor,96s,4bet,0,,0,,0,100,Live Poker PREFLOP BIBLE,2024-04-30,19:30,"SUPERSEDED by 2026 'COLD 4B vs WIDE 3B' (same coach, newer video wins).",no
COLD 4B VS AGGRO,cold 4bettor,cold_4bet,open + 3bet,aggressive 3bettor,95s,4bet,0,,0,,0,100,Live Poker PREFLOP BIBLE,2024-04-30,19:30,"SUPERSEDED by 2026 'COLD 4B vs WIDE 3B' (same coach, newer video wins).",no
COLD 4B VS AGGRO,cold 4bettor,cold_4bet,open + 3bet,aggressive 3bettor,94s,4bet,0,,0,,0,100,Live Poker PREFLOP BIBLE,2024-04-30,19:30,"SUPERSEDED by 2026 'COLD 4B vs WIDE 3B' (same coach, newer video wins).",no
COLD 4B VS AGGRO,cold 4bettor,cold_4bet,open + 3bet,aggressive 3bettor,93s,4bet,0,,0,,0,100,Live Poker PREFLOP BIBLE,2024-04-30,19:30,"SUPERSEDED by 2026 'COLD 4B vs WIDE 3B' (same coach, newer video wins).",no
COLD 4B VS AGGRO,cold 4bettor,cold_4bet,open + 3bet,aggressive 3bettor,92s,4bet,0,,0,,0,100,Live Poker PREFLOP BIBLE,2024-04-30,19:30,"SUPERSEDED by 2026 'COLD 4B vs WIDE 3B' (same coach, newer video wins).",no
COLD 4B VS AGGRO,cold 4bettor,cold_4bet,open + 3bet,aggressive 3bettor,A8o,4bet,0,,0,,0,100,Live Poker PREFLOP BIBLE,2024-04-30,19:30,"SUPERSEDED by 2026 'COLD 4B vs WIDE 3B' (same coach, newer video wins).",no
COLD 4B VS AGGRO,cold 4bettor,cold_4bet,open + 3bet,aggressive 3bettor,K8o,4bet,0,,0,,0,100,Live Poker PREFLOP BIBLE,2024-04-30,19:30,"SUPERSEDED by 2026 'COLD 4B vs WIDE 3B' (same coach, newer video wins).",no
COLD 4B VS AGGRO,cold 4bettor,cold_4bet,open + 3bet,aggressive 3bettor,Q8o,4bet,0,,0,,0,100,Live Poker PREFLOP BIBLE,2024-04-30,19:30,"SUPERSEDED by 2026 'COLD 4B vs WIDE 3B' (same coach, newer video wins).",no
COLD 4B VS AGGRO,cold 4bettor,cold_4bet,open + 3bet,aggressive 3bettor,J8o,4bet,0,,0,,0,100,Live Poker PREFLOP BIBLE,2024-04-30,19:30,"SUPERSEDED by 2026 'COLD 4B vs WIDE 3B' (same coach, newer video wins).",no
COLD 4B VS AGGRO,cold 4bettor,cold_4bet,open + 3bet,aggressive 3bettor,T8o,4bet,0,,0,,0,100,Live Poker PREFLOP BIBLE,2024-04-30,19:30,"SUPERSEDED by 2026 'COLD 4B vs WIDE 3B' (same coach, newer video wins).",no
COLD 4B VS AGGRO,cold 4bettor,cold_4bet,open + 3bet,aggressive 3bettor,98o,4bet,0,,0,,0,100,Live Poker PREFLOP BIBLE,2024-04-30,19:30,"SUPERSEDED by 2026 'COLD 4B vs WIDE 3B' (same coach, newer video wins).",no
COLD 4B VS AGGRO,cold 4bettor,cold_4bet,open + 3bet,aggressive 3bettor,88,4bet,0,,0,,0,100,Live Poker PREFLOP BIBLE,2024-04-30,19:30,"SUPERSEDED by 2026 'COLD 4B vs WIDE 3B' (same coach, newer video wins).",no
COLD 4B VS AGGRO,cold 4bettor,cold_4bet,open + 3bet,aggressive 3bettor,87s,4bet,0,,0,,0,100,Live Poker PREFLOP BIBLE,2024-04-30,19:30,"SUPERSEDED by 2026 'COLD 4B vs WIDE 3B' (same coach, newer video wins).",no
COLD 4B VS AGGRO,cold 4bettor,cold_4bet,open + 3bet,aggressive 3bettor,86s,4bet,0,,0,,0,100,Live Poker PREFLOP BIBLE,2024-04-30,19:30,"SUPERSEDED by 2026 'COLD 4B vs WIDE 3B' (same coach, newer video wins).",no
COLD 4B VS AGGRO,cold 4bettor,cold_4bet,open + 3bet,aggressive 3bettor,85s,4bet,0,,0,,0,100,Live Poker PREFLOP BIBLE,2024-04-30,19:30,"SUPERSEDED by 2026 'COLD 4B vs WIDE 3B' (same coach, newer video wins).",no
COLD 4B VS AGGRO,cold 4bettor,cold_4bet,open + 3bet,aggressive 3bettor,84s,4bet,0,,0,,0,100,Live Poker PREFLOP BIBLE,2024-04-30,19:30,"SUPERSEDED by 2026 'COLD 4B vs WIDE 3B' (same coach, newer video wins).",no
COLD 4B VS AGGRO,cold 4bettor,cold_4bet,open + 3bet,aggressive 3bettor,83s,4bet,0,,0,,0,100,Live Poker PREFLOP BIBLE,2024-04-30,19:30,"SUPERSEDED by 2026 'COLD 4B vs WIDE 3B' (same coach, newer video wins).",no
COLD 4B VS AGGRO,cold 4bettor,cold_4bet,open + 3bet,aggressive 3bettor,82s,4bet,0,,0,,0,100,Live Poker PREFLOP BIBLE,2024-04-30,19:30,"SUPERSEDED by 2026 'COLD 4B vs WIDE 3B' (same coach, newer video wins).",no
COLD 4B VS AGGRO,cold 4bettor,cold_4bet,open + 3bet,aggressive 3bettor,A7o,4bet,0,,0,,0,100,Live Poker PREFLOP BIBLE,2024-04-30,19:30,"SUPERSEDED by 2026 'COLD 4B vs WIDE 3B' (same coach, newer video wins).",no
COLD 4B VS AGGRO,cold 4bettor,cold_4bet,open + 3bet,aggressive 3bettor,K7o,4bet,0,,0,,0,100,Live Poker PREFLOP BIBLE,2024-04-30,19:30,"SUPERSEDED by 2026 'COLD 4B vs WIDE 3B' (same coach, newer video wins).",no
COLD 4B VS AGGRO,cold 4bettor,cold_4bet,open + 3bet,aggressive 3bettor,Q7o,4bet,0,,0,,0,100,Live Poker PREFLOP BIBLE,2024-04-30,19:30,"SUPERSEDED by 2026 'COLD 4B vs WIDE 3B' (same coach, newer video wins).",no
COLD 4B VS AGGRO,cold 4bettor,cold_4bet,open + 3bet,aggressive 3bettor,J7o,4bet,0,,0,,0,100,Live Poker PREFLOP BIBLE,2024-04-30,19:30,"SUPERSEDED by 2026 'COLD 4B vs WIDE 3B' (same coach, newer video wins).",no
COLD 4B VS AGGRO,cold 4bettor,cold_4bet,open + 3bet,aggressive 3bettor,T7o,4bet,0,,0,,0,100,Live Poker PREFLOP BIBLE,2024-04-30,19:30,"SUPERSEDED by 2026 'COLD 4B vs WIDE 3B' (same coach, newer video wins).",no
COLD 4B VS AGGRO,cold 4bettor,cold_4bet,open + 3bet,aggressive 3bettor,97o,4bet,0,,0,,0,100,Live Poker PREFLOP BIBLE,2024-04-30,19:30,"SUPERSEDED by 2026 'COLD 4B vs WIDE 3B' (same coach, newer video wins).",no
COLD 4B VS AGGRO,cold 4bettor,cold_4bet,open + 3bet,aggressive 3bettor,87o,4bet,0,,0,,0,100,Live Poker PREFLOP BIBLE,2024-04-30,19:30,"SUPERSEDED by 2026 'COLD 4B vs WIDE 3B' (same coach, newer video wins).",no
COLD 4B VS AGGRO,cold 4bettor,cold_4bet,open + 3bet,aggressive 3bettor,77,4bet,0,,0,,0,100,Live Poker PREFLOP BIBLE,2024-04-30,19:30,"SUPERSEDED by 2026 'COLD 4B vs WIDE 3B' (same coach, newer video wins).",no
COLD 4B VS AGGRO,cold 4bettor,cold_4bet,open + 3bet,aggressive 3bettor,76s,4bet,0,,0,,0,100,Live Poker PREFLOP BIBLE,2024-04-30,19:30,"SUPERSEDED by 2026 'COLD 4B vs WIDE 3B' (same coach, newer video wins).",no
COLD 4B VS AGGRO,cold 4bettor,cold_4bet,open + 3bet,aggressive 3bettor,75s,4bet,0,,0,,0,100,Live Poker PREFLOP BIBLE,2024-04-30,19:30,"SUPERSEDED by 2026 'COLD 4B vs WIDE 3B' (same coach, newer video wins).",no
COLD 4B VS AGGRO,cold 4bettor,cold_4bet,open + 3bet,aggressive 3bettor,74s,4bet,0,,0,,0,100,Live Poker PREFLOP BIBLE,2024-04-30,19:30,"SUPERSEDED by 2026 'COLD 4B vs WIDE 3B' (same coach, newer video wins).",no
COLD 4B VS AGGRO,cold 4bettor,cold_4bet,open + 3bet,aggressive 3bettor,73s,4bet,0,,0,,0,100,Live Poker PREFLOP BIBLE,2024-04-30,19:30,"SUPERSEDED by 2026 'COLD 4B vs WIDE 3B' (same coach, newer video wins).",no
COLD 4B VS AGGRO,cold 4bettor,cold_4bet,open + 3bet,aggressive 3bettor,72s,4bet,0,,0,,0,100,Live Poker PREFLOP BIBLE,2024-04-30,19:30,"SUPERSEDED by 2026 'COLD 4B vs WIDE 3B' (same coach, newer video wins).",no
COLD 4B VS AGGRO,cold 4bettor,cold_4bet,open + 3bet,aggressive 3bettor,A6o,4bet,0,,0,,0,100,Live Poker PREFLOP BIBLE,2024-04-30,19:30,"SUPERSEDED by 2026 'COLD 4B vs WIDE 3B' (same coach, newer video wins).",no
COLD 4B VS AGGRO,cold 4bettor,cold_4bet,open + 3bet,aggressive 3bettor,K6o,4bet,0,,0,,0,100,Live Poker PREFLOP BIBLE,2024-04-30,19:30,"SUPERSEDED by 2026 'COLD 4B vs WIDE 3B' (same coach, newer video wins).",no
COLD 4B VS AGGRO,cold 4bettor,cold_4bet,open + 3bet,aggressive 3bettor,Q6o,4bet,0,,0,,0,100,Live Poker PREFLOP BIBLE,2024-04-30,19:30,"SUPERSEDED by 2026 'COLD 4B vs WIDE 3B' (same coach, newer video wins).",no
COLD 4B VS AGGRO,cold 4bettor,cold_4bet,open + 3bet,aggressive 3bettor,J6o,4bet,0,,0,,0,100,Live Poker PREFLOP BIBLE,2024-04-30,19:30,"SUPERSEDED by 2026 'COLD 4B vs WIDE 3B' (same coach, newer video wins).",no
COLD 4B VS AGGRO,cold 4bettor,cold_4bet,open + 3bet,aggressive 3bettor,T6o,4bet,0,,0,,0,100,Live Poker PREFLOP BIBLE,2024-04-30,19:30,"SUPERSEDED by 2026 'COLD 4B vs WIDE 3B' (same coach, newer video wins).",no
COLD 4B VS AGGRO,cold 4bettor,cold_4bet,open + 3bet,aggressive 3bettor,96o,4bet,0,,0,,0,100,Live Poker PREFLOP BIBLE,2024-04-30,19:30,"SUPERSEDED by 2026 'COLD 4B vs WIDE 3B' (same coach, newer video wins).",no
COLD 4B VS AGGRO,cold 4bettor,cold_4bet,open + 3bet,aggressive 3bettor,86o,4bet,0,,0,,0,100,Live Poker PREFLOP BIBLE,2024-04-30,19:30,"SUPERSEDED by 2026 'COLD 4B vs WIDE 3B' (same coach, newer video wins).",no
COLD 4B VS AGGRO,cold 4bettor,cold_4bet,open + 3bet,aggressive 3bettor,76o,4bet,0,,0,,0,100,Live Poker PREFLOP BIBLE,2024-04-30,19:30,"SUPERSEDED by 2026 'COLD 4B vs WIDE 3B' (same coach, newer video wins).",no
COLD 4B VS AGGRO,cold 4bettor,cold_4bet,open + 3bet,aggressive 3bettor,66,4bet,0,,0,,0,100,Live Poker PREFLOP BIBLE,2024-04-30,19:30,"SUPERSEDED by 2026 'COLD 4B vs WIDE 3B' (same coach, newer video wins).",no
COLD 4B VS AGGRO,cold 4bettor,cold_4bet,open + 3bet,aggressive 3bettor,65s,4bet,0,,0,,0,100,Live Poker PREFLOP BIBLE,2024-04-30,19:30,"SUPERSEDED by 2026 'COLD 4B vs WIDE 3B' (same coach, newer video wins).",no
COLD 4B VS AGGRO,cold 4bettor,cold_4bet,open + 3bet,aggressive 3bettor,64s,4bet,0,,0,,0,100,Live Poker PREFLOP BIBLE,2024-04-30,19:30,"SUPERSEDED by 2026 'COLD 4B vs WIDE 3B' (same coach, newer video wins).",no
COLD 4B VS AGGRO,cold 4bettor,cold_4bet,open + 3bet,aggressive 3bettor,63s,4bet,0,,0,,0,100,Live Poker PREFLOP BIBLE,2024-04-30,19:30,"SUPERSEDED by 2026 'COLD 4B vs WIDE 3B' (same coach, newer video wins).",no
COLD 4B VS AGGRO,cold 4bettor,cold_4bet,open + 3bet,aggressive 3bettor,62s,4bet,0,,0,,0,100,Live Poker PREFLOP BIBLE,2024-04-30,19:30,"SUPERSEDED by 2026 'COLD 4B vs WIDE 3B' (same coach, newer video wins).",no
COLD 4B VS AGGRO,cold 4bettor,cold_4bet,open + 3bet,aggressive 3bettor,A5o,4bet,0,,0,,0,100,Live Poker PREFLOP BIBLE,2024-04-30,19:30,"SUPERSEDED by 2026 'COLD 4B vs WIDE 3B' (same coach, newer video wins).",no
COLD 4B VS AGGRO,cold 4bettor,cold_4bet,open + 3bet,aggressive 3bettor,K5o,4bet,0,,0,,0,100,Live Poker PREFLOP BIBLE,2024-04-30,19:30,"SUPERSEDED by 2026 'COLD 4B vs WIDE 3B' (same coach, newer video wins).",no
COLD 4B VS AGGRO,cold 4bettor,cold_4bet,open + 3bet,aggressive 3bettor,Q5o,4bet,0,,0,,0,100,Live Poker PREFLOP BIBLE,2024-04-30,19:30,"SUPERSEDED by 2026 'COLD 4B vs WIDE 3B' (same coach, newer video wins).",no
COLD 4B VS AGGRO,cold 4bettor,cold_4bet,open + 3bet,aggressive 3bettor,J5o,4bet,0,,0,,0,100,Live Poker PREFLOP BIBLE,2024-04-30,19:30,"SUPERSEDED by 2026 'COLD 4B vs WIDE 3B' (same coach, newer video wins).",no
COLD 4B VS AGGRO,cold 4bettor,cold_4bet,open + 3bet,aggressive 3bettor,T5o,4bet,0,,0,,0,100,Live Poker PREFLOP BIBLE,2024-04-30,19:30,"SUPERSEDED by 2026 'COLD 4B vs WIDE 3B' (same coach, newer video wins).",no
COLD 4B VS AGGRO,cold 4bettor,cold_4bet,open + 3bet,aggressive 3bettor,95o,4bet,0,,0,,0,100,Live Poker PREFLOP BIBLE,2024-04-30,19:30,"SUPERSEDED by 2026 'COLD 4B vs WIDE 3B' (same coach, newer video wins).",no
COLD 4B VS AGGRO,cold 4bettor,cold_4bet,open + 3bet,aggressive 3bettor,85o,4bet,0,,0,,0,100,Live Poker PREFLOP BIBLE,2024-04-30,19:30,"SUPERSEDED by 2026 'COLD 4B vs WIDE 3B' (same coach, newer video wins).",no
COLD 4B VS AGGRO,cold 4bettor,cold_4bet,open + 3bet,aggressive 3bettor,75o,4bet,0,,0,,0,100,Live Poker PREFLOP BIBLE,2024-04-30,19:30,"SUPERSEDED by 2026 'COLD 4B vs WIDE 3B' (same coach, newer video wins).",no
COLD 4B VS AGGRO,cold 4bettor,cold_4bet,open + 3bet,aggressive 3bettor,65o,4bet,0,,0,,0,100,Live Poker PREFLOP BIBLE,2024-04-30,19:30,"SUPERSEDED by 2026 'COLD 4B vs WIDE 3B' (same coach, newer video wins).",no
COLD 4B VS AGGRO,cold 4bettor,cold_4bet,open + 3bet,aggressive 3bettor,55,4bet,0,,0,,0,100,Live Poker PREFLOP BIBLE,2024-04-30,19:30,"SUPERSEDED by 2026 'COLD 4B vs WIDE 3B' (same coach, newer video wins).",no
COLD 4B VS AGGRO,cold 4bettor,cold_4bet,open + 3bet,aggressive 3bettor,54s,4bet,0,,0,,0,100,Live Poker PREFLOP BIBLE,2024-04-30,19:30,"SUPERSEDED by 2026 'COLD 4B vs WIDE 3B' (same coach, newer video wins).",no
COLD 4B VS AGGRO,cold 4bettor,cold_4bet,open + 3bet,aggressive 3bettor,53s,4bet,0,,0,,0,100,Live Poker PREFLOP BIBLE,2024-04-30,19:30,"SUPERSEDED by 2026 'COLD 4B vs WIDE 3B' (same coach, newer video wins).",no
COLD 4B VS AGGRO,cold 4bettor,cold_4bet,open + 3bet,aggressive 3bettor,52s,4bet,0,,0,,0,100,Live Poker PREFLOP BIBLE,2024-04-30,19:30,"SUPERSEDED by 2026 'COLD 4B vs WIDE 3B' (same coach, newer video wins).",no
COLD 4B VS AGGRO,cold 4bettor,cold_4bet,open + 3bet,aggressive 3bettor,A4o,4bet,0,,0,,0,100,Live Poker PREFLOP BIBLE,2024-04-30,19:30,"SUPERSEDED by 2026 'COLD 4B vs WIDE 3B' (same coach, newer video wins).",no
COLD 4B VS AGGRO,cold 4bettor,cold_4bet,open + 3bet,aggressive 3bettor,K4o,4bet,0,,0,,0,100,Live Poker PREFLOP BIBLE,2024-04-30,19:30,"SUPERSEDED by 2026 'COLD 4B vs WIDE 3B' (same coach, newer video wins).",no
COLD 4B VS AGGRO,cold 4bettor,cold_4bet,open + 3bet,aggressive 3bettor,Q4o,4bet,0,,0,,0,100,Live Poker PREFLOP BIBLE,2024-04-30,19:30,"SUPERSEDED by 2026 'COLD 4B vs WIDE 3B' (same coach, newer video wins).",no
COLD 4B VS AGGRO,cold 4bettor,cold_4bet,open + 3bet,aggressive 3bettor,J4o,4bet,0,,0,,0,100,Live Poker PREFLOP BIBLE,2024-04-30,19:30,"SUPERSEDED by 2026 'COLD 4B vs WIDE 3B' (same coach, newer video wins).",no
COLD 4B VS AGGRO,cold 4bettor,cold_4bet,open + 3bet,aggressive 3bettor,T4o,4bet,0,,0,,0,100,Live Poker PREFLOP BIBLE,2024-04-30,19:30,"SUPERSEDED by 2026 'COLD 4B vs WIDE 3B' (same coach, newer video wins).",no
COLD 4B VS AGGRO,cold 4bettor,cold_4bet,open + 3bet,aggressive 3bettor,94o,4bet,0,,0,,0,100,Live Poker PREFLOP BIBLE,2024-04-30,19:30,"SUPERSEDED by 2026 'COLD 4B vs WIDE 3B' (same coach, newer video wins).",no
COLD 4B VS AGGRO,cold 4bettor,cold_4bet,open + 3bet,aggressive 3bettor,84o,4bet,0,,0,,0,100,Live Poker PREFLOP BIBLE,2024-04-30,19:30,"SUPERSEDED by 2026 'COLD 4B vs WIDE 3B' (same coach, newer video wins).",no
COLD 4B VS AGGRO,cold 4bettor,cold_4bet,open + 3bet,aggressive 3bettor,74o,4bet,0,,0,,0,100,Live Poker PREFLOP BIBLE,2024-04-30,19:30,"SUPERSEDED by 2026 'COLD 4B vs WIDE 3B' (same coach, newer video wins).",no
COLD 4B VS AGGRO,cold 4bettor,cold_4bet,open + 3bet,aggressive 3bettor,64o,4bet,0,,0,,0,100,Live Poker PREFLOP BIBLE,2024-04-30,19:30,"SUPERSEDED by 2026 'COLD 4B vs WIDE 3B' (same coach, newer video wins).",no
COLD 4B VS AGGRO,cold 4bettor,cold_4bet,open + 3bet,aggressive 3bettor,54o,4bet,0,,0,,0,100,Live Poker PREFLOP BIBLE,2024-04-30,19:30,"SUPERSEDED by 2026 'COLD 4B vs WIDE 3B' (same coach, newer video wins).",no
COLD 4B VS AGGRO,cold 4bettor,cold_4bet,open + 3bet,aggressive 3bettor,44,4bet,0,,0,,0,100,Live Poker PREFLOP BIBLE,2024-04-30,19:30,"SUPERSEDED by 2026 'COLD 4B vs WIDE 3B' (same coach, newer video wins).",no
COLD 4B VS AGGRO,cold 4bettor,cold_4bet,open + 3bet,aggressive 3bettor,43s,4bet,0,,0,,0,100,Live Poker PREFLOP BIBLE,2024-04-30,19:30,"SUPERSEDED by 2026 'COLD 4B vs WIDE 3B' (same coach, newer video wins).",no
COLD 4B VS AGGRO,cold 4bettor,cold_4bet,open + 3bet,aggressive 3bettor,42s,4bet,0,,0,,0,100,Live Poker PREFLOP BIBLE,2024-04-30,19:30,"SUPERSEDED by 2026 'COLD 4B vs WIDE 3B' (same coach, newer video wins).",no
COLD 4B VS AGGRO,cold 4bettor,cold_4bet,open + 3bet,aggressive 3bettor,A3o,4bet,0,,0,,0,100,Live Poker PREFLOP BIBLE,2024-04-30,19:30,"SUPERSEDED by 2026 'COLD 4B vs WIDE 3B' (same coach, newer video wins).",no
COLD 4B VS AGGRO,cold 4bettor,cold_4bet,open + 3bet,aggressive 3bettor,K3o,4bet,0,,0,,0,100,Live Poker PREFLOP BIBLE,2024-04-30,19:30,"SUPERSEDED by 2026 'COLD 4B vs WIDE 3B' (same coach, newer video wins).",no
COLD 4B VS AGGRO,cold 4bettor,cold_4bet,open + 3bet,aggressive 3bettor,Q3o,4bet,0,,0,,0,100,Live Poker PREFLOP BIBLE,2024-04-30,19:30,"SUPERSEDED by 2026 'COLD 4B vs WIDE 3B' (same coach, newer video wins).",no
COLD 4B VS AGGRO,cold 4bettor,cold_4bet,open + 3bet,aggressive 3bettor,J3o,4bet,0,,0,,0,100,Live Poker PREFLOP BIBLE,2024-04-30,19:30,"SUPERSEDED by 2026 'COLD 4B vs WIDE 3B' (same coach, newer video wins).",no
COLD 4B VS AGGRO,cold 4bettor,cold_4bet,open + 3bet,aggressive 3bettor,T3o,4bet,0,,0,,0,100,Live Poker PREFLOP BIBLE,2024-04-30,19:30,"SUPERSEDED by 2026 'COLD 4B vs WIDE 3B' (same coach, newer video wins).",no
COLD 4B VS AGGRO,cold 4bettor,cold_4bet,open + 3bet,aggressive 3bettor,93o,4bet,0,,0,,0,100,Live Poker PREFLOP BIBLE,2024-04-30,19:30,"SUPERSEDED by 2026 'COLD 4B vs WIDE 3B' (same coach, newer video wins).",no
COLD 4B VS AGGRO,cold 4bettor,cold_4bet,open + 3bet,aggressive 3bettor,83o,4bet,0,,0,,0,100,Live Poker PREFLOP BIBLE,2024-04-30,19:30,"SUPERSEDED by 2026 'COLD 4B vs WIDE 3B' (same coach, newer video wins).",no
COLD 4B VS AGGRO,cold 4bettor,cold_4bet,open + 3bet,aggressive 3bettor,73o,4bet,0,,0,,0,100,Live Poker PREFLOP BIBLE,2024-04-30,19:30,"SUPERSEDED by 2026 'COLD 4B vs WIDE 3B' (same coach, newer video wins).",no
COLD 4B VS AGGRO,cold 4bettor,cold_4bet,open + 3bet,aggressive 3bettor,63o,4bet,0,,0,,0,100,Live Poker PREFLOP BIBLE,2024-04-30,19:30,"SUPERSEDED by 2026 'COLD 4B vs WIDE 3B' (same coach, newer video wins).",no
COLD 4B VS AGGRO,cold 4bettor,cold_4bet,open + 3bet,aggressive 3bettor,53o,4bet,0,,0,,0,100,Live Poker PREFLOP BIBLE,2024-04-30,19:30,"SUPERSEDED by 2026 'COLD 4B vs WIDE 3B' (same coach, newer video wins).",no
COLD 4B VS AGGRO,cold 4bettor,cold_4bet,open + 3bet,aggressive 3bettor,43o,4bet,0,,0,,0,100,Live Poker PREFLOP BIBLE,2024-04-30,19:30,"SUPERSEDED by 2026 'COLD 4B vs WIDE 3B' (same coach, newer video wins).",no
COLD 4B VS AGGRO,cold 4bettor,cold_4bet,open + 3bet,aggressive 3bettor,33,4bet,0,,0,,0,100,Live Poker PREFLOP BIBLE,2024-04-30,19:30,"SUPERSEDED by 2026 'COLD 4B vs WIDE 3B' (same coach, newer video wins).",no
COLD 4B VS AGGRO,cold 4bettor,cold_4bet,open + 3bet,aggressive 3bettor,32s,4bet,0,,0,,0,100,Live Poker PREFLOP BIBLE,2024-04-30,19:30,"SUPERSEDED by 2026 'COLD 4B vs WIDE 3B' (same coach, newer video wins).",no
COLD 4B VS AGGRO,cold 4bettor,cold_4bet,open + 3bet,aggressive 3bettor,A2o,4bet,0,,0,,0,100,Live Poker PREFLOP BIBLE,2024-04-30,19:30,"SUPERSEDED by 2026 'COLD 4B vs WIDE 3B' (same coach, newer video wins).",no
COLD 4B VS AGGRO,cold 4bettor,cold_4bet,open + 3bet,aggressive 3bettor,K2o,4bet,0,,0,,0,100,Live Poker PREFLOP BIBLE,2024-04-30,19:30,"SUPERSEDED by 2026 'COLD 4B vs WIDE 3B' (same coach, newer video wins).",no
COLD 4B VS AGGRO,cold 4bettor,cold_4bet,open + 3bet,aggressive 3bettor,Q2o,4bet,0,,0,,0,100,Live Poker PREFLOP BIBLE,2024-04-30,19:30,"SUPERSEDED by 2026 'COLD 4B vs WIDE 3B' (same coach, newer video wins).",no
COLD 4B VS AGGRO,cold 4bettor,cold_4bet,open + 3bet,aggressive 3bettor,J2o,4bet,0,,0,,0,100,Live Poker PREFLOP BIBLE,2024-04-30,19:30,"SUPERSEDED by 2026 'COLD 4B vs WIDE 3B' (same coach, newer video wins).",no
COLD 4B VS AGGRO,cold 4bettor,cold_4bet,open + 3bet,aggressive 3bettor,T2o,4bet,0,,0,,0,100,Live Poker PREFLOP BIBLE,2024-04-30,19:30,"SUPERSEDED by 2026 'COLD 4B vs WIDE 3B' (same coach, newer video wins).",no
COLD 4B VS AGGRO,cold 4bettor,cold_4bet,open + 3bet,aggressive 3bettor,92o,4bet,0,,0,,0,100,Live Poker PREFLOP BIBLE,2024-04-30,19:30,"SUPERSEDED by 2026 'COLD 4B vs WIDE 3B' (same coach, newer video wins).",no
COLD 4B VS AGGRO,cold 4bettor,cold_4bet,open + 3bet,aggressive 3bettor,82o,4bet,0,,0,,0,100,Live Poker PREFLOP BIBLE,2024-04-30,19:30,"SUPERSEDED by 2026 'COLD 4B vs WIDE 3B' (same coach, newer video wins).",no
COLD 4B VS AGGRO,cold 4bettor,cold_4bet,open + 3bet,aggressive 3bettor,72o,4bet,0,,0,,0,100,Live Poker PREFLOP BIBLE,2024-04-30,19:30,"SUPERSEDED by 2026 'COLD 4B vs WIDE 3B' (same coach, newer video wins).",no
COLD 4B VS AGGRO,cold 4bettor,cold_4bet,open + 3bet,aggressive 3bettor,62o,4bet,0,,0,,0,100,Live Poker PREFLOP BIBLE,2024-04-30,19:30,"SUPERSEDED by 2026 'COLD 4B vs WIDE 3B' (same coach, newer video wins).",no
COLD 4B VS AGGRO,cold 4bettor,cold_4bet,open + 3bet,aggressive 3bettor,52o,4bet,0,,0,,0,100,Live Poker PREFLOP BIBLE,2024-04-30,19:30,"SUPERSEDED by 2026 'COLD 4B vs WIDE 3B' (same coach, newer video wins).",no
COLD 4B VS AGGRO,cold 4bettor,cold_4bet,open + 3bet,aggressive 3bettor,42o,4bet,0,,0,,0,100,Live Poker PREFLOP BIBLE,2024-04-30,19:30,"SUPERSEDED by 2026 'COLD 4B vs WIDE 3B' (same coach, newer video wins).",no
COLD 4B VS AGGRO,cold 4bettor,cold_4bet,open + 3bet,aggressive 3bettor,32o,4bet,0,,0,,0,100,Live Poker PREFLOP BIBLE,2024-04-30,19:30,"SUPERSEDED by 2026 'COLD 4B vs WIDE 3B' (same coach, newer video wins).",no
COLD 4B VS AGGRO,cold 4bettor,cold_4bet,open + 3bet,aggressive 3bettor,22,4bet,0,,0,,0,100,Live Poker PREFLOP BIBLE,2024-04-30,19:30,"SUPERSEDED by 2026 'COLD 4B vs WIDE 3B' (same coach, newer video wins).",no
EP VS PRO OPEN,EP,vs_open,EP,strong pro opener,AA,3bet,100,call,0,,0,0,Live Poker PREFLOP BIBLE,2024-04-30,22:08,"ACTIVE: no 2026 equivalent chart. The 2026 default facing an open is 3-bet or fold, so check before using.",no
EP VS PRO OPEN,EP,vs_open,EP,strong pro opener,AKs,3bet,100,call,0,,0,0,Live Poker PREFLOP BIBLE,2024-04-30,22:08,"ACTIVE: no 2026 equivalent chart. The 2026 default facing an open is 3-bet or fold, so check before using.",no
EP VS PRO OPEN,EP,vs_open,EP,strong pro opener,AQs,3bet,0,call,100,,0,0,Live Poker PREFLOP BIBLE,2024-04-30,22:08,"ACTIVE: no 2026 equivalent chart. The 2026 default facing an open is 3-bet or fold, so check before using.",no
EP VS PRO OPEN,EP,vs_open,EP,strong pro opener,AJs,3bet,0,call,100,,0,0,Live Poker PREFLOP BIBLE,2024-04-30,22:08,"ACTIVE: no 2026 equivalent chart. The 2026 default facing an open is 3-bet or fold, so check before using.",no
EP VS PRO OPEN,EP,vs_open,EP,strong pro opener,ATs,3bet,0,call,100,,0,0,Live Poker PREFLOP BIBLE,2024-04-30,22:08,"ACTIVE: no 2026 equivalent chart. The 2026 default facing an open is 3-bet or fold, so check before using.",no
EP VS PRO OPEN,EP,vs_open,EP,strong pro opener,A9s,3bet,0,call,0,,0,100,Live Poker PREFLOP BIBLE,2024-04-30,22:08,"ACTIVE: no 2026 equivalent chart. The 2026 default facing an open is 3-bet or fold, so check before using.",no
EP VS PRO OPEN,EP,vs_open,EP,strong pro opener,A8s,3bet,0,call,0,,0,100,Live Poker PREFLOP BIBLE,2024-04-30,22:08,"ACTIVE: no 2026 equivalent chart. The 2026 default facing an open is 3-bet or fold, so check before using.",no
EP VS PRO OPEN,EP,vs_open,EP,strong pro opener,A7s,3bet,0,call,0,,0,100,Live Poker PREFLOP BIBLE,2024-04-30,22:08,"ACTIVE: no 2026 equivalent chart. The 2026 default facing an open is 3-bet or fold, so check before using.",no
EP VS PRO OPEN,EP,vs_open,EP,strong pro opener,A6s,3bet,0,call,0,,0,100,Live Poker PREFLOP BIBLE,2024-04-30,22:08,"ACTIVE: no 2026 equivalent chart. The 2026 default facing an open is 3-bet or fold, so check before using.",no
EP VS PRO OPEN,EP,vs_open,EP,strong pro opener,A5s,3bet,100,call,0,,0,0,Live Poker PREFLOP BIBLE,2024-04-30,22:08,"ACTIVE: no 2026 equivalent chart. The 2026 default facing an open is 3-bet or fold, so check before using.",no
EP VS PRO OPEN,EP,vs_open,EP,strong pro opener,A4s,3bet,0,call,0,,0,100,Live Poker PREFLOP BIBLE,2024-04-30,22:08,"ACTIVE: no 2026 equivalent chart. The 2026 default facing an open is 3-bet or fold, so check before using.",no
EP VS PRO OPEN,EP,vs_open,EP,strong pro opener,A3s,3bet,0,call,0,,0,100,Live Poker PREFLOP BIBLE,2024-04-30,22:08,"ACTIVE: no 2026 equivalent chart. The 2026 default facing an open is 3-bet or fold, so check before using.",no
EP VS PRO OPEN,EP,vs_open,EP,strong pro opener,A2s,3bet,0,call,0,,0,100,Live Poker PREFLOP BIBLE,2024-04-30,22:08,"ACTIVE: no 2026 equivalent chart. The 2026 default facing an open is 3-bet or fold, so check before using.",no
EP VS PRO OPEN,EP,vs_open,EP,strong pro opener,AKo,3bet,0,call,100,,0,0,Live Poker PREFLOP BIBLE,2024-04-30,22:08,"ACTIVE: no 2026 equivalent chart. The 2026 default facing an open is 3-bet or fold, so check before using.",no
EP VS PRO OPEN,EP,vs_open,EP,strong pro opener,KK,3bet,100,call,0,,0,0,Live Poker PREFLOP BIBLE,2024-04-30,22:08,"ACTIVE: no 2026 equivalent chart. The 2026 default facing an open is 3-bet or fold, so check before using.",no
EP VS PRO OPEN,EP,vs_open,EP,strong pro opener,KQs,3bet,0,call,100,,0,0,Live Poker PREFLOP BIBLE,2024-04-30,22:08,"ACTIVE: no 2026 equivalent chart. The 2026 default facing an open is 3-bet or fold, so check before using.",no
EP VS PRO OPEN,EP,vs_open,EP,strong pro opener,KJs,3bet,100,call,0,,0,0,Live Poker PREFLOP BIBLE,2024-04-30,22:08,"ACTIVE: no 2026 equivalent chart. The 2026 default facing an open is 3-bet or fold, so check before using.",no
EP VS PRO OPEN,EP,vs_open,EP,strong pro opener,KTs,3bet,0,call,0,,0,100,Live Poker PREFLOP BIBLE,2024-04-30,22:08,"ACTIVE: no 2026 equivalent chart. The 2026 default facing an open is 3-bet or fold, so check before using.",no
EP VS PRO OPEN,EP,vs_open,EP,strong pro opener,K9s,3bet,0,call,0,,0,100,Live Poker PREFLOP BIBLE,2024-04-30,22:08,"ACTIVE: no 2026 equivalent chart. The 2026 default facing an open is 3-bet or fold, so check before using.",no
EP VS PRO OPEN,EP,vs_open,EP,strong pro opener,K8s,3bet,0,call,0,,0,100,Live Poker PREFLOP BIBLE,2024-04-30,22:08,"ACTIVE: no 2026 equivalent chart. The 2026 default facing an open is 3-bet or fold, so check before using.",no
EP VS PRO OPEN,EP,vs_open,EP,strong pro opener,K7s,3bet,0,call,0,,0,100,Live Poker PREFLOP BIBLE,2024-04-30,22:08,"ACTIVE: no 2026 equivalent chart. The 2026 default facing an open is 3-bet or fold, so check before using.",no
EP VS PRO OPEN,EP,vs_open,EP,strong pro opener,K6s,3bet,0,call,0,,0,100,Live Poker PREFLOP BIBLE,2024-04-30,22:08,"ACTIVE: no 2026 equivalent chart. The 2026 default facing an open is 3-bet or fold, so check before using.",no
EP VS PRO OPEN,EP,vs_open,EP,strong pro opener,K5s,3bet,0,call,0,,0,100,Live Poker PREFLOP BIBLE,2024-04-30,22:08,"ACTIVE: no 2026 equivalent chart. The 2026 default facing an open is 3-bet or fold, so check before using.",no
EP VS PRO OPEN,EP,vs_open,EP,strong pro opener,K4s,3bet,0,call,0,,0,100,Live Poker PREFLOP BIBLE,2024-04-30,22:08,"ACTIVE: no 2026 equivalent chart. The 2026 default facing an open is 3-bet or fold, so check before using.",no
EP VS PRO OPEN,EP,vs_open,EP,strong pro opener,K3s,3bet,0,call,0,,0,100,Live Poker PREFLOP BIBLE,2024-04-30,22:08,"ACTIVE: no 2026 equivalent chart. The 2026 default facing an open is 3-bet or fold, so check before using.",no
EP VS PRO OPEN,EP,vs_open,EP,strong pro opener,K2s,3bet,0,call,0,,0,100,Live Poker PREFLOP BIBLE,2024-04-30,22:08,"ACTIVE: no 2026 equivalent chart. The 2026 default facing an open is 3-bet or fold, so check before using.",no
EP VS PRO OPEN,EP,vs_open,EP,strong pro opener,AQo,3bet,0,call,0,,0,100,Live Poker PREFLOP BIBLE,2024-04-30,22:08,"ACTIVE: no 2026 equivalent chart. The 2026 default facing an open is 3-bet or fold, so check before using.",no
EP VS PRO OPEN,EP,vs_open,EP,strong pro opener,KQo,3bet,0,call,0,,0,100,Live Poker PREFLOP BIBLE,2024-04-30,22:08,"ACTIVE: no 2026 equivalent chart. The 2026 default facing an open is 3-bet or fold, so check before using.",no
EP VS PRO OPEN,EP,vs_open,EP,strong pro opener,QQ,3bet,0,call,100,,0,0,Live Poker PREFLOP BIBLE,2024-04-30,22:08,"ACTIVE: no 2026 equivalent chart. The 2026 default facing an open is 3-bet or fold, so check before using.",no
EP VS PRO OPEN,EP,vs_open,EP,strong pro opener,QJs,3bet,100,call,0,,0,0,Live Poker PREFLOP BIBLE,2024-04-30,22:08,"ACTIVE: no 2026 equivalent chart. The 2026 default facing an open is 3-bet or fold, so check before using.",no
EP VS PRO OPEN,EP,vs_open,EP,strong pro opener,QTs,3bet,0,call,0,,0,100,Live Poker PREFLOP BIBLE,2024-04-30,22:08,"ACTIVE: no 2026 equivalent chart. The 2026 default facing an open is 3-bet or fold, so check before using.",no
EP VS PRO OPEN,EP,vs_open,EP,strong pro opener,Q9s,3bet,0,call,0,,0,100,Live Poker PREFLOP BIBLE,2024-04-30,22:08,"ACTIVE: no 2026 equivalent chart. The 2026 default facing an open is 3-bet or fold, so check before using.",no
EP VS PRO OPEN,EP,vs_open,EP,strong pro opener,Q8s,3bet,0,call,0,,0,100,Live Poker PREFLOP BIBLE,2024-04-30,22:08,"ACTIVE: no 2026 equivalent chart. The 2026 default facing an open is 3-bet or fold, so check before using.",no
EP VS PRO OPEN,EP,vs_open,EP,strong pro opener,Q7s,3bet,0,call,0,,0,100,Live Poker PREFLOP BIBLE,2024-04-30,22:08,"ACTIVE: no 2026 equivalent chart. The 2026 default facing an open is 3-bet or fold, so check before using.",no
EP VS PRO OPEN,EP,vs_open,EP,strong pro opener,Q6s,3bet,0,call,0,,0,100,Live Poker PREFLOP BIBLE,2024-04-30,22:08,"ACTIVE: no 2026 equivalent chart. The 2026 default facing an open is 3-bet or fold, so check before using.",no
EP VS PRO OPEN,EP,vs_open,EP,strong pro opener,Q5s,3bet,0,call,0,,0,100,Live Poker PREFLOP BIBLE,2024-04-30,22:08,"ACTIVE: no 2026 equivalent chart. The 2026 default facing an open is 3-bet or fold, so check before using.",no
EP VS PRO OPEN,EP,vs_open,EP,strong pro opener,Q4s,3bet,0,call,0,,0,100,Live Poker PREFLOP BIBLE,2024-04-30,22:08,"ACTIVE: no 2026 equivalent chart. The 2026 default facing an open is 3-bet or fold, so check before using.",no
EP VS PRO OPEN,EP,vs_open,EP,strong pro opener,Q3s,3bet,0,call,0,,0,100,Live Poker PREFLOP BIBLE,2024-04-30,22:08,"ACTIVE: no 2026 equivalent chart. The 2026 default facing an open is 3-bet or fold, so check before using.",no
EP VS PRO OPEN,EP,vs_open,EP,strong pro opener,Q2s,3bet,0,call,0,,0,100,Live Poker PREFLOP BIBLE,2024-04-30,22:08,"ACTIVE: no 2026 equivalent chart. The 2026 default facing an open is 3-bet or fold, so check before using.",no
EP VS PRO OPEN,EP,vs_open,EP,strong pro opener,AJo,3bet,0,call,0,,0,100,Live Poker PREFLOP BIBLE,2024-04-30,22:08,"ACTIVE: no 2026 equivalent chart. The 2026 default facing an open is 3-bet or fold, so check before using.",no
EP VS PRO OPEN,EP,vs_open,EP,strong pro opener,KJo,3bet,0,call,0,,0,100,Live Poker PREFLOP BIBLE,2024-04-30,22:08,"ACTIVE: no 2026 equivalent chart. The 2026 default facing an open is 3-bet or fold, so check before using.",no
EP VS PRO OPEN,EP,vs_open,EP,strong pro opener,QJo,3bet,0,call,0,,0,100,Live Poker PREFLOP BIBLE,2024-04-30,22:08,"ACTIVE: no 2026 equivalent chart. The 2026 default facing an open is 3-bet or fold, so check before using.",no
EP VS PRO OPEN,EP,vs_open,EP,strong pro opener,JJ,3bet,0,call,100,,0,0,Live Poker PREFLOP BIBLE,2024-04-30,22:08,"ACTIVE: no 2026 equivalent chart. The 2026 default facing an open is 3-bet or fold, so check before using.",no
EP VS PRO OPEN,EP,vs_open,EP,strong pro opener,JTs,3bet,100,call,0,,0,0,Live Poker PREFLOP BIBLE,2024-04-30,22:08,"ACTIVE: no 2026 equivalent chart. The 2026 default facing an open is 3-bet or fold, so check before using.",no
EP VS PRO OPEN,EP,vs_open,EP,strong pro opener,J9s,3bet,0,call,0,,0,100,Live Poker PREFLOP BIBLE,2024-04-30,22:08,"ACTIVE: no 2026 equivalent chart. The 2026 default facing an open is 3-bet or fold, so check before using.",no
EP VS PRO OPEN,EP,vs_open,EP,strong pro opener,J8s,3bet,0,call,0,,0,100,Live Poker PREFLOP BIBLE,2024-04-30,22:08,"ACTIVE: no 2026 equivalent chart. The 2026 default facing an open is 3-bet or fold, so check before using.",no
EP VS PRO OPEN,EP,vs_open,EP,strong pro opener,J7s,3bet,0,call,0,,0,100,Live Poker PREFLOP BIBLE,2024-04-30,22:08,"ACTIVE: no 2026 equivalent chart. The 2026 default facing an open is 3-bet or fold, so check before using.",no
EP VS PRO OPEN,EP,vs_open,EP,strong pro opener,J6s,3bet,0,call,0,,0,100,Live Poker PREFLOP BIBLE,2024-04-30,22:08,"ACTIVE: no 2026 equivalent chart. The 2026 default facing an open is 3-bet or fold, so check before using.",no
EP VS PRO OPEN,EP,vs_open,EP,strong pro opener,J5s,3bet,0,call,0,,0,100,Live Poker PREFLOP BIBLE,2024-04-30,22:08,"ACTIVE: no 2026 equivalent chart. The 2026 default facing an open is 3-bet or fold, so check before using.",no
EP VS PRO OPEN,EP,vs_open,EP,strong pro opener,J4s,3bet,0,call,0,,0,100,Live Poker PREFLOP BIBLE,2024-04-30,22:08,"ACTIVE: no 2026 equivalent chart. The 2026 default facing an open is 3-bet or fold, so check before using.",no
EP VS PRO OPEN,EP,vs_open,EP,strong pro opener,J3s,3bet,0,call,0,,0,100,Live Poker PREFLOP BIBLE,2024-04-30,22:08,"ACTIVE: no 2026 equivalent chart. The 2026 default facing an open is 3-bet or fold, so check before using.",no
EP VS PRO OPEN,EP,vs_open,EP,strong pro opener,J2s,3bet,0,call,0,,0,100,Live Poker PREFLOP BIBLE,2024-04-30,22:08,"ACTIVE: no 2026 equivalent chart. The 2026 default facing an open is 3-bet or fold, so check before using.",no
EP VS PRO OPEN,EP,vs_open,EP,strong pro opener,ATo,3bet,0,call,0,,0,100,Live Poker PREFLOP BIBLE,2024-04-30,22:08,"ACTIVE: no 2026 equivalent chart. The 2026 default facing an open is 3-bet or fold, so check before using.",no
EP VS PRO OPEN,EP,vs_open,EP,strong pro opener,KTo,3bet,0,call,0,,0,100,Live Poker PREFLOP BIBLE,2024-04-30,22:08,"ACTIVE: no 2026 equivalent chart. The 2026 default facing an open is 3-bet or fold, so check before using.",no
EP VS PRO OPEN,EP,vs_open,EP,strong pro opener,QTo,3bet,0,call,0,,0,100,Live Poker PREFLOP BIBLE,2024-04-30,22:08,"ACTIVE: no 2026 equivalent chart. The 2026 default facing an open is 3-bet or fold, so check before using.",no
EP VS PRO OPEN,EP,vs_open,EP,strong pro opener,JTo,3bet,0,call,0,,0,100,Live Poker PREFLOP BIBLE,2024-04-30,22:08,"ACTIVE: no 2026 equivalent chart. The 2026 default facing an open is 3-bet or fold, so check before using.",no
EP VS PRO OPEN,EP,vs_open,EP,strong pro opener,TT,3bet,0,call,100,,0,0,Live Poker PREFLOP BIBLE,2024-04-30,22:08,"ACTIVE: no 2026 equivalent chart. The 2026 default facing an open is 3-bet or fold, so check before using.",no
EP VS PRO OPEN,EP,vs_open,EP,strong pro opener,T9s,3bet,0,call,0,,0,100,Live Poker PREFLOP BIBLE,2024-04-30,22:08,"ACTIVE: no 2026 equivalent chart. The 2026 default facing an open is 3-bet or fold, so check before using.",no
EP VS PRO OPEN,EP,vs_open,EP,strong pro opener,T8s,3bet,0,call,0,,0,100,Live Poker PREFLOP BIBLE,2024-04-30,22:08,"ACTIVE: no 2026 equivalent chart. The 2026 default facing an open is 3-bet or fold, so check before using.",no
EP VS PRO OPEN,EP,vs_open,EP,strong pro opener,T7s,3bet,0,call,0,,0,100,Live Poker PREFLOP BIBLE,2024-04-30,22:08,"ACTIVE: no 2026 equivalent chart. The 2026 default facing an open is 3-bet or fold, so check before using.",no
EP VS PRO OPEN,EP,vs_open,EP,strong pro opener,T6s,3bet,0,call,0,,0,100,Live Poker PREFLOP BIBLE,2024-04-30,22:08,"ACTIVE: no 2026 equivalent chart. The 2026 default facing an open is 3-bet or fold, so check before using.",no
EP VS PRO OPEN,EP,vs_open,EP,strong pro opener,T5s,3bet,0,call,0,,0,100,Live Poker PREFLOP BIBLE,2024-04-30,22:08,"ACTIVE: no 2026 equivalent chart. The 2026 default facing an open is 3-bet or fold, so check before using.",no
EP VS PRO OPEN,EP,vs_open,EP,strong pro opener,T4s,3bet,0,call,0,,0,100,Live Poker PREFLOP BIBLE,2024-04-30,22:08,"ACTIVE: no 2026 equivalent chart. The 2026 default facing an open is 3-bet or fold, so check before using.",no
EP VS PRO OPEN,EP,vs_open,EP,strong pro opener,T3s,3bet,0,call,0,,0,100,Live Poker PREFLOP BIBLE,2024-04-30,22:08,"ACTIVE: no 2026 equivalent chart. The 2026 default facing an open is 3-bet or fold, so check before using.",no
EP VS PRO OPEN,EP,vs_open,EP,strong pro opener,T2s,3bet,0,call,0,,0,100,Live Poker PREFLOP BIBLE,2024-04-30,22:08,"ACTIVE: no 2026 equivalent chart. The 2026 default facing an open is 3-bet or fold, so check before using.",no
EP VS PRO OPEN,EP,vs_open,EP,strong pro opener,A9o,3bet,0,call,0,,0,100,Live Poker PREFLOP BIBLE,2024-04-30,22:08,"ACTIVE: no 2026 equivalent chart. The 2026 default facing an open is 3-bet or fold, so check before using.",no
EP VS PRO OPEN,EP,vs_open,EP,strong pro opener,K9o,3bet,0,call,0,,0,100,Live Poker PREFLOP BIBLE,2024-04-30,22:08,"ACTIVE: no 2026 equivalent chart. The 2026 default facing an open is 3-bet or fold, so check before using.",no
EP VS PRO OPEN,EP,vs_open,EP,strong pro opener,Q9o,3bet,0,call,0,,0,100,Live Poker PREFLOP BIBLE,2024-04-30,22:08,"ACTIVE: no 2026 equivalent chart. The 2026 default facing an open is 3-bet or fold, so check before using.",no
EP VS PRO OPEN,EP,vs_open,EP,strong pro opener,J9o,3bet,0,call,0,,0,100,Live Poker PREFLOP BIBLE,2024-04-30,22:08,"ACTIVE: no 2026 equivalent chart. The 2026 default facing an open is 3-bet or fold, so check before using.",no
EP VS PRO OPEN,EP,vs_open,EP,strong pro opener,T9o,3bet,0,call,0,,0,100,Live Poker PREFLOP BIBLE,2024-04-30,22:08,"ACTIVE: no 2026 equivalent chart. The 2026 default facing an open is 3-bet or fold, so check before using.",no
EP VS PRO OPEN,EP,vs_open,EP,strong pro opener,99,3bet,0,call,100,,0,0,Live Poker PREFLOP BIBLE,2024-04-30,22:08,"ACTIVE: no 2026 equivalent chart. The 2026 default facing an open is 3-bet or fold, so check before using.",no
EP VS PRO OPEN,EP,vs_open,EP,strong pro opener,98s,3bet,0,call,0,,0,100,Live Poker PREFLOP BIBLE,2024-04-30,22:08,"ACTIVE: no 2026 equivalent chart. The 2026 default facing an open is 3-bet or fold, so check before using.",no
EP VS PRO OPEN,EP,vs_open,EP,strong pro opener,97s,3bet,0,call,0,,0,100,Live Poker PREFLOP BIBLE,2024-04-30,22:08,"ACTIVE: no 2026 equivalent chart. The 2026 default facing an open is 3-bet or fold, so check before using.",no
EP VS PRO OPEN,EP,vs_open,EP,strong pro opener,96s,3bet,0,call,0,,0,100,Live Poker PREFLOP BIBLE,2024-04-30,22:08,"ACTIVE: no 2026 equivalent chart. The 2026 default facing an open is 3-bet or fold, so check before using.",no
EP VS PRO OPEN,EP,vs_open,EP,strong pro opener,95s,3bet,0,call,0,,0,100,Live Poker PREFLOP BIBLE,2024-04-30,22:08,"ACTIVE: no 2026 equivalent chart. The 2026 default facing an open is 3-bet or fold, so check before using.",no
EP VS PRO OPEN,EP,vs_open,EP,strong pro opener,94s,3bet,0,call,0,,0,100,Live Poker PREFLOP BIBLE,2024-04-30,22:08,"ACTIVE: no 2026 equivalent chart. The 2026 default facing an open is 3-bet or fold, so check before using.",no
EP VS PRO OPEN,EP,vs_open,EP,strong pro opener,93s,3bet,0,call,0,,0,100,Live Poker PREFLOP BIBLE,2024-04-30,22:08,"ACTIVE: no 2026 equivalent chart. The 2026 default facing an open is 3-bet or fold, so check before using.",no
EP VS PRO OPEN,EP,vs_open,EP,strong pro opener,92s,3bet,0,call,0,,0,100,Live Poker PREFLOP BIBLE,2024-04-30,22:08,"ACTIVE: no 2026 equivalent chart. The 2026 default facing an open is 3-bet or fold, so check before using.",no
EP VS PRO OPEN,EP,vs_open,EP,strong pro opener,A8o,3bet,0,call,0,,0,100,Live Poker PREFLOP BIBLE,2024-04-30,22:08,"ACTIVE: no 2026 equivalent chart. The 2026 default facing an open is 3-bet or fold, so check before using.",no
EP VS PRO OPEN,EP,vs_open,EP,strong pro opener,K8o,3bet,0,call,0,,0,100,Live Poker PREFLOP BIBLE,2024-04-30,22:08,"ACTIVE: no 2026 equivalent chart. The 2026 default facing an open is 3-bet or fold, so check before using.",no
EP VS PRO OPEN,EP,vs_open,EP,strong pro opener,Q8o,3bet,0,call,0,,0,100,Live Poker PREFLOP BIBLE,2024-04-30,22:08,"ACTIVE: no 2026 equivalent chart. The 2026 default facing an open is 3-bet or fold, so check before using.",no
EP VS PRO OPEN,EP,vs_open,EP,strong pro opener,J8o,3bet,0,call,0,,0,100,Live Poker PREFLOP BIBLE,2024-04-30,22:08,"ACTIVE: no 2026 equivalent chart. The 2026 default facing an open is 3-bet or fold, so check before using.",no
EP VS PRO OPEN,EP,vs_open,EP,strong pro opener,T8o,3bet,0,call,0,,0,100,Live Poker PREFLOP BIBLE,2024-04-30,22:08,"ACTIVE: no 2026 equivalent chart. The 2026 default facing an open is 3-bet or fold, so check before using.",no
EP VS PRO OPEN,EP,vs_open,EP,strong pro opener,98o,3bet,0,call,0,,0,100,Live Poker PREFLOP BIBLE,2024-04-30,22:08,"ACTIVE: no 2026 equivalent chart. The 2026 default facing an open is 3-bet or fold, so check before using.",no
EP VS PRO OPEN,EP,vs_open,EP,strong pro opener,88,3bet,0,call,100,,0,0,Live Poker PREFLOP BIBLE,2024-04-30,22:08,"ACTIVE: no 2026 equivalent chart. The 2026 default facing an open is 3-bet or fold, so check before using.",no
EP VS PRO OPEN,EP,vs_open,EP,strong pro opener,87s,3bet,0,call,0,,0,100,Live Poker PREFLOP BIBLE,2024-04-30,22:08,"ACTIVE: no 2026 equivalent chart. The 2026 default facing an open is 3-bet or fold, so check before using.",no
EP VS PRO OPEN,EP,vs_open,EP,strong pro opener,86s,3bet,0,call,0,,0,100,Live Poker PREFLOP BIBLE,2024-04-30,22:08,"ACTIVE: no 2026 equivalent chart. The 2026 default facing an open is 3-bet or fold, so check before using.",no
EP VS PRO OPEN,EP,vs_open,EP,strong pro opener,85s,3bet,0,call,0,,0,100,Live Poker PREFLOP BIBLE,2024-04-30,22:08,"ACTIVE: no 2026 equivalent chart. The 2026 default facing an open is 3-bet or fold, so check before using.",no
EP VS PRO OPEN,EP,vs_open,EP,strong pro opener,84s,3bet,0,call,0,,0,100,Live Poker PREFLOP BIBLE,2024-04-30,22:08,"ACTIVE: no 2026 equivalent chart. The 2026 default facing an open is 3-bet or fold, so check before using.",no
EP VS PRO OPEN,EP,vs_open,EP,strong pro opener,83s,3bet,0,call,0,,0,100,Live Poker PREFLOP BIBLE,2024-04-30,22:08,"ACTIVE: no 2026 equivalent chart. The 2026 default facing an open is 3-bet or fold, so check before using.",no
EP VS PRO OPEN,EP,vs_open,EP,strong pro opener,82s,3bet,0,call,0,,0,100,Live Poker PREFLOP BIBLE,2024-04-30,22:08,"ACTIVE: no 2026 equivalent chart. The 2026 default facing an open is 3-bet or fold, so check before using.",no
EP VS PRO OPEN,EP,vs_open,EP,strong pro opener,A7o,3bet,0,call,0,,0,100,Live Poker PREFLOP BIBLE,2024-04-30,22:08,"ACTIVE: no 2026 equivalent chart. The 2026 default facing an open is 3-bet or fold, so check before using.",no
EP VS PRO OPEN,EP,vs_open,EP,strong pro opener,K7o,3bet,0,call,0,,0,100,Live Poker PREFLOP BIBLE,2024-04-30,22:08,"ACTIVE: no 2026 equivalent chart. The 2026 default facing an open is 3-bet or fold, so check before using.",no
EP VS PRO OPEN,EP,vs_open,EP,strong pro opener,Q7o,3bet,0,call,0,,0,100,Live Poker PREFLOP BIBLE,2024-04-30,22:08,"ACTIVE: no 2026 equivalent chart. The 2026 default facing an open is 3-bet or fold, so check before using.",no
EP VS PRO OPEN,EP,vs_open,EP,strong pro opener,J7o,3bet,0,call,0,,0,100,Live Poker PREFLOP BIBLE,2024-04-30,22:08,"ACTIVE: no 2026 equivalent chart. The 2026 default facing an open is 3-bet or fold, so check before using.",no
EP VS PRO OPEN,EP,vs_open,EP,strong pro opener,T7o,3bet,0,call,0,,0,100,Live Poker PREFLOP BIBLE,2024-04-30,22:08,"ACTIVE: no 2026 equivalent chart. The 2026 default facing an open is 3-bet or fold, so check before using.",no
EP VS PRO OPEN,EP,vs_open,EP,strong pro opener,97o,3bet,0,call,0,,0,100,Live Poker PREFLOP BIBLE,2024-04-30,22:08,"ACTIVE: no 2026 equivalent chart. The 2026 default facing an open is 3-bet or fold, so check before using.",no
EP VS PRO OPEN,EP,vs_open,EP,strong pro opener,87o,3bet,0,call,0,,0,100,Live Poker PREFLOP BIBLE,2024-04-30,22:08,"ACTIVE: no 2026 equivalent chart. The 2026 default facing an open is 3-bet or fold, so check before using.",no
EP VS PRO OPEN,EP,vs_open,EP,strong pro opener,77,3bet,0,call,100,,0,0,Live Poker PREFLOP BIBLE,2024-04-30,22:08,"ACTIVE: no 2026 equivalent chart. The 2026 default facing an open is 3-bet or fold, so check before using.",no
EP VS PRO OPEN,EP,vs_open,EP,strong pro opener,76s,3bet,0,call,0,,0,100,Live Poker PREFLOP BIBLE,2024-04-30,22:08,"ACTIVE: no 2026 equivalent chart. The 2026 default facing an open is 3-bet or fold, so check before using.",no
EP VS PRO OPEN,EP,vs_open,EP,strong pro opener,75s,3bet,0,call,0,,0,100,Live Poker PREFLOP BIBLE,2024-04-30,22:08,"ACTIVE: no 2026 equivalent chart. The 2026 default facing an open is 3-bet or fold, so check before using.",no
EP VS PRO OPEN,EP,vs_open,EP,strong pro opener,74s,3bet,0,call,0,,0,100,Live Poker PREFLOP BIBLE,2024-04-30,22:08,"ACTIVE: no 2026 equivalent chart. The 2026 default facing an open is 3-bet or fold, so check before using.",no
EP VS PRO OPEN,EP,vs_open,EP,strong pro opener,73s,3bet,0,call,0,,0,100,Live Poker PREFLOP BIBLE,2024-04-30,22:08,"ACTIVE: no 2026 equivalent chart. The 2026 default facing an open is 3-bet or fold, so check before using.",no
EP VS PRO OPEN,EP,vs_open,EP,strong pro opener,72s,3bet,0,call,0,,0,100,Live Poker PREFLOP BIBLE,2024-04-30,22:08,"ACTIVE: no 2026 equivalent chart. The 2026 default facing an open is 3-bet or fold, so check before using.",no
EP VS PRO OPEN,EP,vs_open,EP,strong pro opener,A6o,3bet,0,call,0,,0,100,Live Poker PREFLOP BIBLE,2024-04-30,22:08,"ACTIVE: no 2026 equivalent chart. The 2026 default facing an open is 3-bet or fold, so check before using.",no
EP VS PRO OPEN,EP,vs_open,EP,strong pro opener,K6o,3bet,0,call,0,,0,100,Live Poker PREFLOP BIBLE,2024-04-30,22:08,"ACTIVE: no 2026 equivalent chart. The 2026 default facing an open is 3-bet or fold, so check before using.",no
EP VS PRO OPEN,EP,vs_open,EP,strong pro opener,Q6o,3bet,0,call,0,,0,100,Live Poker PREFLOP BIBLE,2024-04-30,22:08,"ACTIVE: no 2026 equivalent chart. The 2026 default facing an open is 3-bet or fold, so check before using.",no
EP VS PRO OPEN,EP,vs_open,EP,strong pro opener,J6o,3bet,0,call,0,,0,100,Live Poker PREFLOP BIBLE,2024-04-30,22:08,"ACTIVE: no 2026 equivalent chart. The 2026 default facing an open is 3-bet or fold, so check before using.",no
EP VS PRO OPEN,EP,vs_open,EP,strong pro opener,T6o,3bet,0,call,0,,0,100,Live Poker PREFLOP BIBLE,2024-04-30,22:08,"ACTIVE: no 2026 equivalent chart. The 2026 default facing an open is 3-bet or fold, so check before using.",no
EP VS PRO OPEN,EP,vs_open,EP,strong pro opener,96o,3bet,0,call,0,,0,100,Live Poker PREFLOP BIBLE,2024-04-30,22:08,"ACTIVE: no 2026 equivalent chart. The 2026 default facing an open is 3-bet or fold, so check before using.",no
EP VS PRO OPEN,EP,vs_open,EP,strong pro opener,86o,3bet,0,call,0,,0,100,Live Poker PREFLOP BIBLE,2024-04-30,22:08,"ACTIVE: no 2026 equivalent chart. The 2026 default facing an open is 3-bet or fold, so check before using.",no
EP VS PRO OPEN,EP,vs_open,EP,strong pro opener,76o,3bet,0,call,0,,0,100,Live Poker PREFLOP BIBLE,2024-04-30,22:08,"ACTIVE: no 2026 equivalent chart. The 2026 default facing an open is 3-bet or fold, so check before using.",no
EP VS PRO OPEN,EP,vs_open,EP,strong pro opener,66,3bet,0,call,0,,0,100,Live Poker PREFLOP BIBLE,2024-04-30,22:08,"ACTIVE: no 2026 equivalent chart. The 2026 default facing an open is 3-bet or fold, so check before using.",no
EP VS PRO OPEN,EP,vs_open,EP,strong pro opener,65s,3bet,0,call,0,,0,100,Live Poker PREFLOP BIBLE,2024-04-30,22:08,"ACTIVE: no 2026 equivalent chart. The 2026 default facing an open is 3-bet or fold, so check before using.",no
EP VS PRO OPEN,EP,vs_open,EP,strong pro opener,64s,3bet,0,call,0,,0,100,Live Poker PREFLOP BIBLE,2024-04-30,22:08,"ACTIVE: no 2026 equivalent chart. The 2026 default facing an open is 3-bet or fold, so check before using.",no
EP VS PRO OPEN,EP,vs_open,EP,strong pro opener,63s,3bet,0,call,0,,0,100,Live Poker PREFLOP BIBLE,2024-04-30,22:08,"ACTIVE: no 2026 equivalent chart. The 2026 default facing an open is 3-bet or fold, so check before using.",no
EP VS PRO OPEN,EP,vs_open,EP,strong pro opener,62s,3bet,0,call,0,,0,100,Live Poker PREFLOP BIBLE,2024-04-30,22:08,"ACTIVE: no 2026 equivalent chart. The 2026 default facing an open is 3-bet or fold, so check before using.",no
EP VS PRO OPEN,EP,vs_open,EP,strong pro opener,A5o,3bet,0,call,0,,0,100,Live Poker PREFLOP BIBLE,2024-04-30,22:08,"ACTIVE: no 2026 equivalent chart. The 2026 default facing an open is 3-bet or fold, so check before using.",no
EP VS PRO OPEN,EP,vs_open,EP,strong pro opener,K5o,3bet,0,call,0,,0,100,Live Poker PREFLOP BIBLE,2024-04-30,22:08,"ACTIVE: no 2026 equivalent chart. The 2026 default facing an open is 3-bet or fold, so check before using.",no
EP VS PRO OPEN,EP,vs_open,EP,strong pro opener,Q5o,3bet,0,call,0,,0,100,Live Poker PREFLOP BIBLE,2024-04-30,22:08,"ACTIVE: no 2026 equivalent chart. The 2026 default facing an open is 3-bet or fold, so check before using.",no
EP VS PRO OPEN,EP,vs_open,EP,strong pro opener,J5o,3bet,0,call,0,,0,100,Live Poker PREFLOP BIBLE,2024-04-30,22:08,"ACTIVE: no 2026 equivalent chart. The 2026 default facing an open is 3-bet or fold, so check before using.",no
EP VS PRO OPEN,EP,vs_open,EP,strong pro opener,T5o,3bet,0,call,0,,0,100,Live Poker PREFLOP BIBLE,2024-04-30,22:08,"ACTIVE: no 2026 equivalent chart. The 2026 default facing an open is 3-bet or fold, so check before using.",no
EP VS PRO OPEN,EP,vs_open,EP,strong pro opener,95o,3bet,0,call,0,,0,100,Live Poker PREFLOP BIBLE,2024-04-30,22:08,"ACTIVE: no 2026 equivalent chart. The 2026 default facing an open is 3-bet or fold, so check before using.",no
EP VS PRO OPEN,EP,vs_open,EP,strong pro opener,85o,3bet,0,call,0,,0,100,Live Poker PREFLOP BIBLE,2024-04-30,22:08,"ACTIVE: no 2026 equivalent chart. The 2026 default facing an open is 3-bet or fold, so check before using.",no
EP VS PRO OPEN,EP,vs_open,EP,strong pro opener,75o,3bet,0,call,0,,0,100,Live Poker PREFLOP BIBLE,2024-04-30,22:08,"ACTIVE: no 2026 equivalent chart. The 2026 default facing an open is 3-bet or fold, so check before using.",no
EP VS PRO OPEN,EP,vs_open,EP,strong pro opener,65o,3bet,0,call,0,,0,100,Live Poker PREFLOP BIBLE,2024-04-30,22:08,"ACTIVE: no 2026 equivalent chart. The 2026 default facing an open is 3-bet or fold, so check before using.",no
EP VS PRO OPEN,EP,vs_open,EP,strong pro opener,55,3bet,0,call,0,,0,100,Live Poker PREFLOP BIBLE,2024-04-30,22:08,"ACTIVE: no 2026 equivalent chart. The 2026 default facing an open is 3-bet or fold, so check before using.",no
EP VS PRO OPEN,EP,vs_open,EP,strong pro opener,54s,3bet,0,call,0,,0,100,Live Poker PREFLOP BIBLE,2024-04-30,22:08,"ACTIVE: no 2026 equivalent chart. The 2026 default facing an open is 3-bet or fold, so check before using.",no
EP VS PRO OPEN,EP,vs_open,EP,strong pro opener,53s,3bet,0,call,0,,0,100,Live Poker PREFLOP BIBLE,2024-04-30,22:08,"ACTIVE: no 2026 equivalent chart. The 2026 default facing an open is 3-bet or fold, so check before using.",no
EP VS PRO OPEN,EP,vs_open,EP,strong pro opener,52s,3bet,0,call,0,,0,100,Live Poker PREFLOP BIBLE,2024-04-30,22:08,"ACTIVE: no 2026 equivalent chart. The 2026 default facing an open is 3-bet or fold, so check before using.",no
EP VS PRO OPEN,EP,vs_open,EP,strong pro opener,A4o,3bet,0,call,0,,0,100,Live Poker PREFLOP BIBLE,2024-04-30,22:08,"ACTIVE: no 2026 equivalent chart. The 2026 default facing an open is 3-bet or fold, so check before using.",no
EP VS PRO OPEN,EP,vs_open,EP,strong pro opener,K4o,3bet,0,call,0,,0,100,Live Poker PREFLOP BIBLE,2024-04-30,22:08,"ACTIVE: no 2026 equivalent chart. The 2026 default facing an open is 3-bet or fold, so check before using.",no
EP VS PRO OPEN,EP,vs_open,EP,strong pro opener,Q4o,3bet,0,call,0,,0,100,Live Poker PREFLOP BIBLE,2024-04-30,22:08,"ACTIVE: no 2026 equivalent chart. The 2026 default facing an open is 3-bet or fold, so check before using.",no
EP VS PRO OPEN,EP,vs_open,EP,strong pro opener,J4o,3bet,0,call,0,,0,100,Live Poker PREFLOP BIBLE,2024-04-30,22:08,"ACTIVE: no 2026 equivalent chart. The 2026 default facing an open is 3-bet or fold, so check before using.",no
EP VS PRO OPEN,EP,vs_open,EP,strong pro opener,T4o,3bet,0,call,0,,0,100,Live Poker PREFLOP BIBLE,2024-04-30,22:08,"ACTIVE: no 2026 equivalent chart. The 2026 default facing an open is 3-bet or fold, so check before using.",no
EP VS PRO OPEN,EP,vs_open,EP,strong pro opener,94o,3bet,0,call,0,,0,100,Live Poker PREFLOP BIBLE,2024-04-30,22:08,"ACTIVE: no 2026 equivalent chart. The 2026 default facing an open is 3-bet or fold, so check before using.",no
EP VS PRO OPEN,EP,vs_open,EP,strong pro opener,84o,3bet,0,call,0,,0,100,Live Poker PREFLOP BIBLE,2024-04-30,22:08,"ACTIVE: no 2026 equivalent chart. The 2026 default facing an open is 3-bet or fold, so check before using.",no
EP VS PRO OPEN,EP,vs_open,EP,strong pro opener,74o,3bet,0,call,0,,0,100,Live Poker PREFLOP BIBLE,2024-04-30,22:08,"ACTIVE: no 2026 equivalent chart. The 2026 default facing an open is 3-bet or fold, so check before using.",no
EP VS PRO OPEN,EP,vs_open,EP,strong pro opener,64o,3bet,0,call,0,,0,100,Live Poker PREFLOP BIBLE,2024-04-30,22:08,"ACTIVE: no 2026 equivalent chart. The 2026 default facing an open is 3-bet or fold, so check before using.",no
EP VS PRO OPEN,EP,vs_open,EP,strong pro opener,54o,3bet,0,call,0,,0,100,Live Poker PREFLOP BIBLE,2024-04-30,22:08,"ACTIVE: no 2026 equivalent chart. The 2026 default facing an open is 3-bet or fold, so check before using.",no
EP VS PRO OPEN,EP,vs_open,EP,strong pro opener,44,3bet,0,call,0,,0,100,Live Poker PREFLOP BIBLE,2024-04-30,22:08,"ACTIVE: no 2026 equivalent chart. The 2026 default facing an open is 3-bet or fold, so check before using.",no
EP VS PRO OPEN,EP,vs_open,EP,strong pro opener,43s,3bet,0,call,0,,0,100,Live Poker PREFLOP BIBLE,2024-04-30,22:08,"ACTIVE: no 2026 equivalent chart. The 2026 default facing an open is 3-bet or fold, so check before using.",no
EP VS PRO OPEN,EP,vs_open,EP,strong pro opener,42s,3bet,0,call,0,,0,100,Live Poker PREFLOP BIBLE,2024-04-30,22:08,"ACTIVE: no 2026 equivalent chart. The 2026 default facing an open is 3-bet or fold, so check before using.",no
EP VS PRO OPEN,EP,vs_open,EP,strong pro opener,A3o,3bet,0,call,0,,0,100,Live Poker PREFLOP BIBLE,2024-04-30,22:08,"ACTIVE: no 2026 equivalent chart. The 2026 default facing an open is 3-bet or fold, so check before using.",no
EP VS PRO OPEN,EP,vs_open,EP,strong pro opener,K3o,3bet,0,call,0,,0,100,Live Poker PREFLOP BIBLE,2024-04-30,22:08,"ACTIVE: no 2026 equivalent chart. The 2026 default facing an open is 3-bet or fold, so check before using.",no
EP VS PRO OPEN,EP,vs_open,EP,strong pro opener,Q3o,3bet,0,call,0,,0,100,Live Poker PREFLOP BIBLE,2024-04-30,22:08,"ACTIVE: no 2026 equivalent chart. The 2026 default facing an open is 3-bet or fold, so check before using.",no
EP VS PRO OPEN,EP,vs_open,EP,strong pro opener,J3o,3bet,0,call,0,,0,100,Live Poker PREFLOP BIBLE,2024-04-30,22:08,"ACTIVE: no 2026 equivalent chart. The 2026 default facing an open is 3-bet or fold, so check before using.",no
EP VS PRO OPEN,EP,vs_open,EP,strong pro opener,T3o,3bet,0,call,0,,0,100,Live Poker PREFLOP BIBLE,2024-04-30,22:08,"ACTIVE: no 2026 equivalent chart. The 2026 default facing an open is 3-bet or fold, so check before using.",no
EP VS PRO OPEN,EP,vs_open,EP,strong pro opener,93o,3bet,0,call,0,,0,100,Live Poker PREFLOP BIBLE,2024-04-30,22:08,"ACTIVE: no 2026 equivalent chart. The 2026 default facing an open is 3-bet or fold, so check before using.",no
EP VS PRO OPEN,EP,vs_open,EP,strong pro opener,83o,3bet,0,call,0,,0,100,Live Poker PREFLOP BIBLE,2024-04-30,22:08,"ACTIVE: no 2026 equivalent chart. The 2026 default facing an open is 3-bet or fold, so check before using.",no
EP VS PRO OPEN,EP,vs_open,EP,strong pro opener,73o,3bet,0,call,0,,0,100,Live Poker PREFLOP BIBLE,2024-04-30,22:08,"ACTIVE: no 2026 equivalent chart. The 2026 default facing an open is 3-bet or fold, so check before using.",no
EP VS PRO OPEN,EP,vs_open,EP,strong pro opener,63o,3bet,0,call,0,,0,100,Live Poker PREFLOP BIBLE,2024-04-30,22:08,"ACTIVE: no 2026 equivalent chart. The 2026 default facing an open is 3-bet or fold, so check before using.",no
EP VS PRO OPEN,EP,vs_open,EP,strong pro opener,53o,3bet,0,call,0,,0,100,Live Poker PREFLOP BIBLE,2024-04-30,22:08,"ACTIVE: no 2026 equivalent chart. The 2026 default facing an open is 3-bet or fold, so check before using.",no
EP VS PRO OPEN,EP,vs_open,EP,strong pro opener,43o,3bet,0,call,0,,0,100,Live Poker PREFLOP BIBLE,2024-04-30,22:08,"ACTIVE: no 2026 equivalent chart. The 2026 default facing an open is 3-bet or fold, so check before using.",no
EP VS PRO OPEN,EP,vs_open,EP,strong pro opener,33,3bet,0,call,0,,0,100,Live Poker PREFLOP BIBLE,2024-04-30,22:08,"ACTIVE: no 2026 equivalent chart. The 2026 default facing an open is 3-bet or fold, so check before using.",no
EP VS PRO OPEN,EP,vs_open,EP,strong pro opener,32s,3bet,0,call,0,,0,100,Live Poker PREFLOP BIBLE,2024-04-30,22:08,"ACTIVE: no 2026 equivalent chart. The 2026 default facing an open is 3-bet or fold, so check before using.",no
EP VS PRO OPEN,EP,vs_open,EP,strong pro opener,A2o,3bet,0,call,0,,0,100,Live Poker PREFLOP BIBLE,2024-04-30,22:08,"ACTIVE: no 2026 equivalent chart. The 2026 default facing an open is 3-bet or fold, so check before using.",no
EP VS PRO OPEN,EP,vs_open,EP,strong pro opener,K2o,3bet,0,call,0,,0,100,Live Poker PREFLOP BIBLE,2024-04-30,22:08,"ACTIVE: no 2026 equivalent chart. The 2026 default facing an open is 3-bet or fold, so check before using.",no
EP VS PRO OPEN,EP,vs_open,EP,strong pro opener,Q2o,3bet,0,call,0,,0,100,Live Poker PREFLOP BIBLE,2024-04-30,22:08,"ACTIVE: no 2026 equivalent chart. The 2026 default facing an open is 3-bet or fold, so check before using.",no
EP VS PRO OPEN,EP,vs_open,EP,strong pro opener,J2o,3bet,0,call,0,,0,100,Live Poker PREFLOP BIBLE,2024-04-30,22:08,"ACTIVE: no 2026 equivalent chart. The 2026 default facing an open is 3-bet or fold, so check before using.",no
EP VS PRO OPEN,EP,vs_open,EP,strong pro opener,T2o,3bet,0,call,0,,0,100,Live Poker PREFLOP BIBLE,2024-04-30,22:08,"ACTIVE: no 2026 equivalent chart. The 2026 default facing an open is 3-bet or fold, so check before using.",no
EP VS PRO OPEN,EP,vs_open,EP,strong pro opener,92o,3bet,0,call,0,,0,100,Live Poker PREFLOP BIBLE,2024-04-30,22:08,"ACTIVE: no 2026 equivalent chart. The 2026 default facing an open is 3-bet or fold, so check before using.",no
EP VS PRO OPEN,EP,vs_open,EP,strong pro opener,82o,3bet,0,call,0,,0,100,Live Poker PREFLOP BIBLE,2024-04-30,22:08,"ACTIVE: no 2026 equivalent chart. The 2026 default facing an open is 3-bet or fold, so check before using.",no
EP VS PRO OPEN,EP,vs_open,EP,strong pro opener,72o,3bet,0,call,0,,0,100,Live Poker PREFLOP BIBLE,2024-04-30,22:08,"ACTIVE: no 2026 equivalent chart. The 2026 default facing an open is 3-bet or fold, so check before using.",no
EP VS PRO OPEN,EP,vs_open,EP,strong pro opener,62o,3bet,0,call,0,,0,100,Live Poker PREFLOP BIBLE,2024-04-30,22:08,"ACTIVE: no 2026 equivalent chart. The 2026 default facing an open is 3-bet or fold, so check before using.",no
EP VS PRO OPEN,EP,vs_open,EP,strong pro opener,52o,3bet,0,call,0,,0,100,Live Poker PREFLOP BIBLE,2024-04-30,22:08,"ACTIVE: no 2026 equivalent chart. The 2026 default facing an open is 3-bet or fold, so check before using.",no
EP VS PRO OPEN,EP,vs_open,EP,strong pro opener,42o,3bet,0,call,0,,0,100,Live Poker PREFLOP BIBLE,2024-04-30,22:08,"ACTIVE: no 2026 equivalent chart. The 2026 default facing an open is 3-bet or fold, so check before using.",no
EP VS PRO OPEN,EP,vs_open,EP,strong pro opener,32o,3bet,0,call,0,,0,100,Live Poker PREFLOP BIBLE,2024-04-30,22:08,"ACTIVE: no 2026 equivalent chart. The 2026 default facing an open is 3-bet or fold, so check before using.",no
EP VS PRO OPEN,EP,vs_open,EP,strong pro opener,22,3bet,0,call,0,,0,100,Live Poker PREFLOP BIBLE,2024-04-30,22:08,"ACTIVE: no 2026 equivalent chart. The 2026 default facing an open is 3-bet or fold, so check before using.",no
BTN VS CO PRO OPEN,BTN,vs_open,CO,strong pro opener,AA,3bet,100,call,0,,0,0,Live Poker PREFLOP BIBLE,2024-04-30,after 22:08,"ACTIVE: no 2026 equivalent chart. The 2026 default facing an open is 3-bet or fold, so check before using.",no
BTN VS CO PRO OPEN,BTN,vs_open,CO,strong pro opener,AKs,3bet,100,call,0,,0,0,Live Poker PREFLOP BIBLE,2024-04-30,after 22:08,"ACTIVE: no 2026 equivalent chart. The 2026 default facing an open is 3-bet or fold, so check before using.",no
BTN VS CO PRO OPEN,BTN,vs_open,CO,strong pro opener,AQs,3bet,100,call,0,,0,0,Live Poker PREFLOP BIBLE,2024-04-30,after 22:08,"ACTIVE: no 2026 equivalent chart. The 2026 default facing an open is 3-bet or fold, so check before using.",no
BTN VS CO PRO OPEN,BTN,vs_open,CO,strong pro opener,AJs,3bet,0,call,100,,0,0,Live Poker PREFLOP BIBLE,2024-04-30,after 22:08,"ACTIVE: no 2026 equivalent chart. The 2026 default facing an open is 3-bet or fold, so check before using.",no
BTN VS CO PRO OPEN,BTN,vs_open,CO,strong pro opener,ATs,3bet,0,call,100,,0,0,Live Poker PREFLOP BIBLE,2024-04-30,after 22:08,"ACTIVE: no 2026 equivalent chart. The 2026 default facing an open is 3-bet or fold, so check before using.",no
BTN VS CO PRO OPEN,BTN,vs_open,CO,strong pro opener,A9s,3bet,0,call,100,,0,0,Live Poker PREFLOP BIBLE,2024-04-30,after 22:08,"ACTIVE: no 2026 equivalent chart. The 2026 default facing an open is 3-bet or fold, so check before using.",no
BTN VS CO PRO OPEN,BTN,vs_open,CO,strong pro opener,A8s,3bet,0,call,100,,0,0,Live Poker PREFLOP BIBLE,2024-04-30,after 22:08,"ACTIVE: no 2026 equivalent chart. The 2026 default facing an open is 3-bet or fold, so check before using.",no
BTN VS CO PRO OPEN,BTN,vs_open,CO,strong pro opener,A7s,3bet,0,call,100,,0,0,Live Poker PREFLOP BIBLE,2024-04-30,after 22:08,"ACTIVE: no 2026 equivalent chart. The 2026 default facing an open is 3-bet or fold, so check before using.",no
BTN VS CO PRO OPEN,BTN,vs_open,CO,strong pro opener,A6s,3bet,100,call,0,,0,0,Live Poker PREFLOP BIBLE,2024-04-30,after 22:08,"ACTIVE: no 2026 equivalent chart. The 2026 default facing an open is 3-bet or fold, so check before using.",no
BTN VS CO PRO OPEN,BTN,vs_open,CO,strong pro opener,A5s,3bet,0,call,100,,0,0,Live Poker PREFLOP BIBLE,2024-04-30,after 22:08,"ACTIVE: no 2026 equivalent chart. The 2026 default facing an open is 3-bet or fold, so check before using.",no
BTN VS CO PRO OPEN,BTN,vs_open,CO,strong pro opener,A4s,3bet,0,call,100,,0,0,Live Poker PREFLOP BIBLE,2024-04-30,after 22:08,"ACTIVE: no 2026 equivalent chart. The 2026 default facing an open is 3-bet or fold, so check before using.",no
BTN VS CO PRO OPEN,BTN,vs_open,CO,strong pro opener,A3s,3bet,0,call,100,,0,0,Live Poker PREFLOP BIBLE,2024-04-30,after 22:08,"ACTIVE: no 2026 equivalent chart. The 2026 default facing an open is 3-bet or fold, so check before using.",no
BTN VS CO PRO OPEN,BTN,vs_open,CO,strong pro opener,A2s,3bet,100,call,0,,0,0,Live Poker PREFLOP BIBLE,2024-04-30,after 22:08,"ACTIVE: no 2026 equivalent chart. The 2026 default facing an open is 3-bet or fold, so check before using.",no
BTN VS CO PRO OPEN,BTN,vs_open,CO,strong pro opener,AKo,3bet,100,call,0,,0,0,Live Poker PREFLOP BIBLE,2024-04-30,after 22:08,"ACTIVE: no 2026 equivalent chart. The 2026 default facing an open is 3-bet or fold, so check before using.",no
BTN VS CO PRO OPEN,BTN,vs_open,CO,strong pro opener,KK,3bet,100,call,0,,0,0,Live Poker PREFLOP BIBLE,2024-04-30,after 22:08,"ACTIVE: no 2026 equivalent chart. The 2026 default facing an open is 3-bet or fold, so check before using.",no
BTN VS CO PRO OPEN,BTN,vs_open,CO,strong pro opener,KQs,3bet,0,call,100,,0,0,Live Poker PREFLOP BIBLE,2024-04-30,after 22:08,"ACTIVE: no 2026 equivalent chart. The 2026 default facing an open is 3-bet or fold, so check before using.",no
BTN VS CO PRO OPEN,BTN,vs_open,CO,strong pro opener,KJs,3bet,0,call,100,,0,0,Live Poker PREFLOP BIBLE,2024-04-30,after 22:08,"ACTIVE: no 2026 equivalent chart. The 2026 default facing an open is 3-bet or fold, so check before using.",no
BTN VS CO PRO OPEN,BTN,vs_open,CO,strong pro opener,KTs,3bet,0,call,100,,0,0,Live Poker PREFLOP BIBLE,2024-04-30,after 22:08,"ACTIVE: no 2026 equivalent chart. The 2026 default facing an open is 3-bet or fold, so check before using.",no
BTN VS CO PRO OPEN,BTN,vs_open,CO,strong pro opener,K9s,3bet,100,call,0,,0,0,Live Poker PREFLOP BIBLE,2024-04-30,after 22:08,"ACTIVE: no 2026 equivalent chart. The 2026 default facing an open is 3-bet or fold, so check before using.",no
BTN VS CO PRO OPEN,BTN,vs_open,CO,strong pro opener,K8s,3bet,0,call,0,,0,100,Live Poker PREFLOP BIBLE,2024-04-30,after 22:08,"ACTIVE: no 2026 equivalent chart. The 2026 default facing an open is 3-bet or fold, so check before using.",no
BTN VS CO PRO OPEN,BTN,vs_open,CO,strong pro opener,K7s,3bet,0,call,0,,0,100,Live Poker PREFLOP BIBLE,2024-04-30,after 22:08,"ACTIVE: no 2026 equivalent chart. The 2026 default facing an open is 3-bet or fold, so check before using.",no
BTN VS CO PRO OPEN,BTN,vs_open,CO,strong pro opener,K6s,3bet,0,call,0,,0,100,Live Poker PREFLOP BIBLE,2024-04-30,after 22:08,"ACTIVE: no 2026 equivalent chart. The 2026 default facing an open is 3-bet or fold, so check before using.",no
BTN VS CO PRO OPEN,BTN,vs_open,CO,strong pro opener,K5s,3bet,0,call,0,,0,100,Live Poker PREFLOP BIBLE,2024-04-30,after 22:08,"ACTIVE: no 2026 equivalent chart. The 2026 default facing an open is 3-bet or fold, so check before using.",no
BTN VS CO PRO OPEN,BTN,vs_open,CO,strong pro opener,K4s,3bet,0,call,0,,0,100,Live Poker PREFLOP BIBLE,2024-04-30,after 22:08,"ACTIVE: no 2026 equivalent chart. The 2026 default facing an open is 3-bet or fold, so check before using.",no
BTN VS CO PRO OPEN,BTN,vs_open,CO,strong pro opener,K3s,3bet,0,call,0,,0,100,Live Poker PREFLOP BIBLE,2024-04-30,after 22:08,"ACTIVE: no 2026 equivalent chart. The 2026 default facing an open is 3-bet or fold, so check before using.",no
BTN VS CO PRO OPEN,BTN,vs_open,CO,strong pro opener,K2s,3bet,0,call,0,,0,100,Live Poker PREFLOP BIBLE,2024-04-30,after 22:08,"ACTIVE: no 2026 equivalent chart. The 2026 default facing an open is 3-bet or fold, so check before using.",no
BTN VS CO PRO OPEN,BTN,vs_open,CO,strong pro opener,AQo,3bet,0,call,100,,0,0,Live Poker PREFLOP BIBLE,2024-04-30,after 22:08,"ACTIVE: no 2026 equivalent chart. The 2026 default facing an open is 3-bet or fold, so check before using.",no
BTN VS CO PRO OPEN,BTN,vs_open,CO,strong pro opener,KQo,3bet,0,call,100,,0,0,Live Poker PREFLOP BIBLE,2024-04-30,after 22:08,"ACTIVE: no 2026 equivalent chart. The 2026 default facing an open is 3-bet or fold, so check before using.",no
BTN VS CO PRO OPEN,BTN,vs_open,CO,strong pro opener,QQ,3bet,100,call,0,,0,0,Live Poker PREFLOP BIBLE,2024-04-30,after 22:08,"ACTIVE: no 2026 equivalent chart. The 2026 default facing an open is 3-bet or fold, so check before using.",no
BTN VS CO PRO OPEN,BTN,vs_open,CO,strong pro opener,QJs,3bet,0,call,100,,0,0,Live Poker PREFLOP BIBLE,2024-04-30,after 22:08,"ACTIVE: no 2026 equivalent chart. The 2026 default facing an open is 3-bet or fold, so check before using.",no
BTN VS CO PRO OPEN,BTN,vs_open,CO,strong pro opener,QTs,3bet,0,call,100,,0,0,Live Poker PREFLOP BIBLE,2024-04-30,after 22:08,"ACTIVE: no 2026 equivalent chart. The 2026 default facing an open is 3-bet or fold, so check before using.",no
BTN VS CO PRO OPEN,BTN,vs_open,CO,strong pro opener,Q9s,3bet,100,call,0,,0,0,Live Poker PREFLOP BIBLE,2024-04-30,after 22:08,"ACTIVE: no 2026 equivalent chart. The 2026 default facing an open is 3-bet or fold, so check before using.",no
BTN VS CO PRO OPEN,BTN,vs_open,CO,strong pro opener,Q8s,3bet,0,call,0,,0,100,Live Poker PREFLOP BIBLE,2024-04-30,after 22:08,"ACTIVE: no 2026 equivalent chart. The 2026 default facing an open is 3-bet or fold, so check before using.",no
BTN VS CO PRO OPEN,BTN,vs_open,CO,strong pro opener,Q7s,3bet,0,call,0,,0,100,Live Poker PREFLOP BIBLE,2024-04-30,after 22:08,"ACTIVE: no 2026 equivalent chart. The 2026 default facing an open is 3-bet or fold, so check before using.",no
BTN VS CO PRO OPEN,BTN,vs_open,CO,strong pro opener,Q6s,3bet,0,call,0,,0,100,Live Poker PREFLOP BIBLE,2024-04-30,after 22:08,"ACTIVE: no 2026 equivalent chart. The 2026 default facing an open is 3-bet or fold, so check before using.",no
BTN VS CO PRO OPEN,BTN,vs_open,CO,strong pro opener,Q5s,3bet,0,call,0,,0,100,Live Poker PREFLOP BIBLE,2024-04-30,after 22:08,"ACTIVE: no 2026 equivalent chart. The 2026 default facing an open is 3-bet or fold, so check before using.",no
BTN VS CO PRO OPEN,BTN,vs_open,CO,strong pro opener,Q4s,3bet,0,call,0,,0,100,Live Poker PREFLOP BIBLE,2024-04-30,after 22:08,"ACTIVE: no 2026 equivalent chart. The 2026 default facing an open is 3-bet or fold, so check before using.",no
BTN VS CO PRO OPEN,BTN,vs_open,CO,strong pro opener,Q3s,3bet,0,call,0,,0,100,Live Poker PREFLOP BIBLE,2024-04-30,after 22:08,"ACTIVE: no 2026 equivalent chart. The 2026 default facing an open is 3-bet or fold, so check before using.",no
BTN VS CO PRO OPEN,BTN,vs_open,CO,strong pro opener,Q2s,3bet,0,call,0,,0,100,Live Poker PREFLOP BIBLE,2024-04-30,after 22:08,"ACTIVE: no 2026 equivalent chart. The 2026 default facing an open is 3-bet or fold, so check before using.",no
BTN VS CO PRO OPEN,BTN,vs_open,CO,strong pro opener,AJo,3bet,0,call,100,,0,0,Live Poker PREFLOP BIBLE,2024-04-30,after 22:08,"ACTIVE: no 2026 equivalent chart. The 2026 default facing an open is 3-bet or fold, so check before using.",no
BTN VS CO PRO OPEN,BTN,vs_open,CO,strong pro opener,KJo,3bet,0,call,0,,0,100,Live Poker PREFLOP BIBLE,2024-04-30,after 22:08,"ACTIVE: no 2026 equivalent chart. The 2026 default facing an open is 3-bet or fold, so check before using.",no
BTN VS CO PRO OPEN,BTN,vs_open,CO,strong pro opener,QJo,3bet,0,call,0,,0,100,Live Poker PREFLOP BIBLE,2024-04-30,after 22:08,"ACTIVE: no 2026 equivalent chart. The 2026 default facing an open is 3-bet or fold, so check before using.",no
BTN VS CO PRO OPEN,BTN,vs_open,CO,strong pro opener,JJ,3bet,100,call,0,,0,0,Live Poker PREFLOP BIBLE,2024-04-30,after 22:08,"ACTIVE: no 2026 equivalent chart. The 2026 default facing an open is 3-bet or fold, so check before using.",no
BTN VS CO PRO OPEN,BTN,vs_open,CO,strong pro opener,JTs,3bet,0,call,100,,0,0,Live Poker PREFLOP BIBLE,2024-04-30,after 22:08,"ACTIVE: no 2026 equivalent chart. The 2026 default facing an open is 3-bet or fold, so check before using.",no
BTN VS CO PRO OPEN,BTN,vs_open,CO,strong pro opener,J9s,3bet,100,call,0,,0,0,Live Poker PREFLOP BIBLE,2024-04-30,after 22:08,"ACTIVE: no 2026 equivalent chart. The 2026 default facing an open is 3-bet or fold, so check before using.",no
BTN VS CO PRO OPEN,BTN,vs_open,CO,strong pro opener,J8s,3bet,0,call,0,,0,100,Live Poker PREFLOP BIBLE,2024-04-30,after 22:08,"ACTIVE: no 2026 equivalent chart. The 2026 default facing an open is 3-bet or fold, so check before using.",no
BTN VS CO PRO OPEN,BTN,vs_open,CO,strong pro opener,J7s,3bet,0,call,0,,0,100,Live Poker PREFLOP BIBLE,2024-04-30,after 22:08,"ACTIVE: no 2026 equivalent chart. The 2026 default facing an open is 3-bet or fold, so check before using.",no
BTN VS CO PRO OPEN,BTN,vs_open,CO,strong pro opener,J6s,3bet,0,call,0,,0,100,Live Poker PREFLOP BIBLE,2024-04-30,after 22:08,"ACTIVE: no 2026 equivalent chart. The 2026 default facing an open is 3-bet or fold, so check before using.",no
BTN VS CO PRO OPEN,BTN,vs_open,CO,strong pro opener,J5s,3bet,0,call,0,,0,100,Live Poker PREFLOP BIBLE,2024-04-30,after 22:08,"ACTIVE: no 2026 equivalent chart. The 2026 default facing an open is 3-bet or fold, so check before using.",no
BTN VS CO PRO OPEN,BTN,vs_open,CO,strong pro opener,J4s,3bet,0,call,0,,0,100,Live Poker PREFLOP BIBLE,2024-04-30,after 22:08,"ACTIVE: no 2026 equivalent chart. The 2026 default facing an open is 3-bet or fold, so check before using.",no
BTN VS CO PRO OPEN,BTN,vs_open,CO,strong pro opener,J3s,3bet,0,call,0,,0,100,Live Poker PREFLOP BIBLE,2024-04-30,after 22:08,"ACTIVE: no 2026 equivalent chart. The 2026 default facing an open is 3-bet or fold, so check before using.",no
BTN VS CO PRO OPEN,BTN,vs_open,CO,strong pro opener,J2s,3bet,0,call,0,,0,100,Live Poker PREFLOP BIBLE,2024-04-30,after 22:08,"ACTIVE: no 2026 equivalent chart. The 2026 default facing an open is 3-bet or fold, so check before using.",no
BTN VS CO PRO OPEN,BTN,vs_open,CO,strong pro opener,ATo,3bet,0,call,0,,0,100,Live Poker PREFLOP BIBLE,2024-04-30,after 22:08,"ACTIVE: no 2026 equivalent chart. The 2026 default facing an open is 3-bet or fold, so check before using.",no
BTN VS CO PRO OPEN,BTN,vs_open,CO,strong pro opener,KTo,3bet,0,call,0,,0,100,Live Poker PREFLOP BIBLE,2024-04-30,after 22:08,"ACTIVE: no 2026 equivalent chart. The 2026 default facing an open is 3-bet or fold, so check before using.",no
BTN VS CO PRO OPEN,BTN,vs_open,CO,strong pro opener,QTo,3bet,0,call,0,,0,100,Live Poker PREFLOP BIBLE,2024-04-30,after 22:08,"ACTIVE: no 2026 equivalent chart. The 2026 default facing an open is 3-bet or fold, so check before using.",no
BTN VS CO PRO OPEN,BTN,vs_open,CO,strong pro opener,JTo,3bet,0,call,0,,0,100,Live Poker PREFLOP BIBLE,2024-04-30,after 22:08,"ACTIVE: no 2026 equivalent chart. The 2026 default facing an open is 3-bet or fold, so check before using.",no
BTN VS CO PRO OPEN,BTN,vs_open,CO,strong pro opener,TT,3bet,0,call,100,,0,0,Live Poker PREFLOP BIBLE,2024-04-30,after 22:08,"ACTIVE: no 2026 equivalent chart. The 2026 default facing an open is 3-bet or fold, so check before using.",no
BTN VS CO PRO OPEN,BTN,vs_open,CO,strong pro opener,T9s,3bet,100,call,0,,0,0,Live Poker PREFLOP BIBLE,2024-04-30,after 22:08,"ACTIVE: no 2026 equivalent chart. The 2026 default facing an open is 3-bet or fold, so check before using.",no
BTN VS CO PRO OPEN,BTN,vs_open,CO,strong pro opener,T8s,3bet,0,call,0,,0,100,Live Poker PREFLOP BIBLE,2024-04-30,after 22:08,"ACTIVE: no 2026 equivalent chart. The 2026 default facing an open is 3-bet or fold, so check before using.",no
BTN VS CO PRO OPEN,BTN,vs_open,CO,strong pro opener,T7s,3bet,0,call,0,,0,100,Live Poker PREFLOP BIBLE,2024-04-30,after 22:08,"ACTIVE: no 2026 equivalent chart. The 2026 default facing an open is 3-bet or fold, so check before using.",no
BTN VS CO PRO OPEN,BTN,vs_open,CO,strong pro opener,T6s,3bet,0,call,0,,0,100,Live Poker PREFLOP BIBLE,2024-04-30,after 22:08,"ACTIVE: no 2026 equivalent chart. The 2026 default facing an open is 3-bet or fold, so check before using.",no
BTN VS CO PRO OPEN,BTN,vs_open,CO,strong pro opener,T5s,3bet,0,call,0,,0,100,Live Poker PREFLOP BIBLE,2024-04-30,after 22:08,"ACTIVE: no 2026 equivalent chart. The 2026 default facing an open is 3-bet or fold, so check before using.",no
BTN VS CO PRO OPEN,BTN,vs_open,CO,strong pro opener,T4s,3bet,0,call,0,,0,100,Live Poker PREFLOP BIBLE,2024-04-30,after 22:08,"ACTIVE: no 2026 equivalent chart. The 2026 default facing an open is 3-bet or fold, so check before using.",no
BTN VS CO PRO OPEN,BTN,vs_open,CO,strong pro opener,T3s,3bet,0,call,0,,0,100,Live Poker PREFLOP BIBLE,2024-04-30,after 22:08,"ACTIVE: no 2026 equivalent chart. The 2026 default facing an open is 3-bet or fold, so check before using.",no
BTN VS CO PRO OPEN,BTN,vs_open,CO,strong pro opener,T2s,3bet,0,call,0,,0,100,Live Poker PREFLOP BIBLE,2024-04-30,after 22:08,"ACTIVE: no 2026 equivalent chart. The 2026 default facing an open is 3-bet or fold, so check before using.",no
BTN VS CO PRO OPEN,BTN,vs_open,CO,strong pro opener,A9o,3bet,0,call,0,,0,100,Live Poker PREFLOP BIBLE,2024-04-30,after 22:08,"ACTIVE: no 2026 equivalent chart. The 2026 default facing an open is 3-bet or fold, so check before using.",no
BTN VS CO PRO OPEN,BTN,vs_open,CO,strong pro opener,K9o,3bet,0,call,0,,0,100,Live Poker PREFLOP BIBLE,2024-04-30,after 22:08,"ACTIVE: no 2026 equivalent chart. The 2026 default facing an open is 3-bet or fold, so check before using.",no
BTN VS CO PRO OPEN,BTN,vs_open,CO,strong pro opener,Q9o,3bet,0,call,0,,0,100,Live Poker PREFLOP BIBLE,2024-04-30,after 22:08,"ACTIVE: no 2026 equivalent chart. The 2026 default facing an open is 3-bet or fold, so check before using.",no
BTN VS CO PRO OPEN,BTN,vs_open,CO,strong pro opener,J9o,3bet,0,call,0,,0,100,Live Poker PREFLOP BIBLE,2024-04-30,after 22:08,"ACTIVE: no 2026 equivalent chart. The 2026 default facing an open is 3-bet or fold, so check before using.",no
BTN VS CO PRO OPEN,BTN,vs_open,CO,strong pro opener,T9o,3bet,0,call,0,,0,100,Live Poker PREFLOP BIBLE,2024-04-30,after 22:08,"ACTIVE: no 2026 equivalent chart. The 2026 default facing an open is 3-bet or fold, so check before using.",no
BTN VS CO PRO OPEN,BTN,vs_open,CO,strong pro opener,99,3bet,0,call,100,,0,0,Live Poker PREFLOP BIBLE,2024-04-30,after 22:08,"ACTIVE: no 2026 equivalent chart. The 2026 default facing an open is 3-bet or fold, so check before using.",no
BTN VS CO PRO OPEN,BTN,vs_open,CO,strong pro opener,98s,3bet,100,call,0,,0,0,Live Poker PREFLOP BIBLE,2024-04-30,after 22:08,"ACTIVE: no 2026 equivalent chart. The 2026 default facing an open is 3-bet or fold, so check before using.",no
BTN VS CO PRO OPEN,BTN,vs_open,CO,strong pro opener,97s,3bet,0,call,0,,0,100,Live Poker PREFLOP BIBLE,2024-04-30,after 22:08,"ACTIVE: no 2026 equivalent chart. The 2026 default facing an open is 3-bet or fold, so check before using.",no
BTN VS CO PRO OPEN,BTN,vs_open,CO,strong pro opener,96s,3bet,0,call,0,,0,100,Live Poker PREFLOP BIBLE,2024-04-30,after 22:08,"ACTIVE: no 2026 equivalent chart. The 2026 default facing an open is 3-bet or fold, so check before using.",no
BTN VS CO PRO OPEN,BTN,vs_open,CO,strong pro opener,95s,3bet,0,call,0,,0,100,Live Poker PREFLOP BIBLE,2024-04-30,after 22:08,"ACTIVE: no 2026 equivalent chart. The 2026 default facing an open is 3-bet or fold, so check before using.",no
BTN VS CO PRO OPEN,BTN,vs_open,CO,strong pro opener,94s,3bet,0,call,0,,0,100,Live Poker PREFLOP BIBLE,2024-04-30,after 22:08,"ACTIVE: no 2026 equivalent chart. The 2026 default facing an open is 3-bet or fold, so check before using.",no
BTN VS CO PRO OPEN,BTN,vs_open,CO,strong pro opener,93s,3bet,0,call,0,,0,100,Live Poker PREFLOP BIBLE,2024-04-30,after 22:08,"ACTIVE: no 2026 equivalent chart. The 2026 default facing an open is 3-bet or fold, so check before using.",no
BTN VS CO PRO OPEN,BTN,vs_open,CO,strong pro opener,92s,3bet,0,call,0,,0,100,Live Poker PREFLOP BIBLE,2024-04-30,after 22:08,"ACTIVE: no 2026 equivalent chart. The 2026 default facing an open is 3-bet or fold, so check before using.",no
BTN VS CO PRO OPEN,BTN,vs_open,CO,strong pro opener,A8o,3bet,0,call,0,,0,100,Live Poker PREFLOP BIBLE,2024-04-30,after 22:08,"ACTIVE: no 2026 equivalent chart. The 2026 default facing an open is 3-bet or fold, so check before using.",no
BTN VS CO PRO OPEN,BTN,vs_open,CO,strong pro opener,K8o,3bet,0,call,0,,0,100,Live Poker PREFLOP BIBLE,2024-04-30,after 22:08,"ACTIVE: no 2026 equivalent chart. The 2026 default facing an open is 3-bet or fold, so check before using.",no
BTN VS CO PRO OPEN,BTN,vs_open,CO,strong pro opener,Q8o,3bet,0,call,0,,0,100,Live Poker PREFLOP BIBLE,2024-04-30,after 22:08,"ACTIVE: no 2026 equivalent chart. The 2026 default facing an open is 3-bet or fold, so check before using.",no
BTN VS CO PRO OPEN,BTN,vs_open,CO,strong pro opener,J8o,3bet,0,call,0,,0,100,Live Poker PREFLOP BIBLE,2024-04-30,after 22:08,"ACTIVE: no 2026 equivalent chart. The 2026 default facing an open is 3-bet or fold, so check before using.",no
BTN VS CO PRO OPEN,BTN,vs_open,CO,strong pro opener,T8o,3bet,0,call,0,,0,100,Live Poker PREFLOP BIBLE,2024-04-30,after 22:08,"ACTIVE: no 2026 equivalent chart. The 2026 default facing an open is 3-bet or fold, so check before using.",no
BTN VS CO PRO OPEN,BTN,vs_open,CO,strong pro opener,98o,3bet,0,call,0,,0,100,Live Poker PREFLOP BIBLE,2024-04-30,after 22:08,"ACTIVE: no 2026 equivalent chart. The 2026 default facing an open is 3-bet or fold, so check before using.",no
BTN VS CO PRO OPEN,BTN,vs_open,CO,strong pro opener,88,3bet,0,call,100,,0,0,Live Poker PREFLOP BIBLE,2024-04-30,after 22:08,"ACTIVE: no 2026 equivalent chart. The 2026 default facing an open is 3-bet or fold, so check before using.",no
BTN VS CO PRO OPEN,BTN,vs_open,CO,strong pro opener,87s,3bet,100,call,0,,0,0,Live Poker PREFLOP BIBLE,2024-04-30,after 22:08,"ACTIVE: no 2026 equivalent chart. The 2026 default facing an open is 3-bet or fold, so check before using.",no
BTN VS CO PRO OPEN,BTN,vs_open,CO,strong pro opener,86s,3bet,0,call,0,,0,100,Live Poker PREFLOP BIBLE,2024-04-30,after 22:08,"ACTIVE: no 2026 equivalent chart. The 2026 default facing an open is 3-bet or fold, so check before using.",no
BTN VS CO PRO OPEN,BTN,vs_open,CO,strong pro opener,85s,3bet,0,call,0,,0,100,Live Poker PREFLOP BIBLE,2024-04-30,after 22:08,"ACTIVE: no 2026 equivalent chart. The 2026 default facing an open is 3-bet or fold, so check before using.",no
BTN VS CO PRO OPEN,BTN,vs_open,CO,strong pro opener,84s,3bet,0,call,0,,0,100,Live Poker PREFLOP BIBLE,2024-04-30,after 22:08,"ACTIVE: no 2026 equivalent chart. The 2026 default facing an open is 3-bet or fold, so check before using.",no
BTN VS CO PRO OPEN,BTN,vs_open,CO,strong pro opener,83s,3bet,0,call,0,,0,100,Live Poker PREFLOP BIBLE,2024-04-30,after 22:08,"ACTIVE: no 2026 equivalent chart. The 2026 default facing an open is 3-bet or fold, so check before using.",no
BTN VS CO PRO OPEN,BTN,vs_open,CO,strong pro opener,82s,3bet,0,call,0,,0,100,Live Poker PREFLOP BIBLE,2024-04-30,after 22:08,"ACTIVE: no 2026 equivalent chart. The 2026 default facing an open is 3-bet or fold, so check before using.",no
BTN VS CO PRO OPEN,BTN,vs_open,CO,strong pro opener,A7o,3bet,0,call,0,,0,100,Live Poker PREFLOP BIBLE,2024-04-30,after 22:08,"ACTIVE: no 2026 equivalent chart. The 2026 default facing an open is 3-bet or fold, so check before using.",no
BTN VS CO PRO OPEN,BTN,vs_open,CO,strong pro opener,K7o,3bet,0,call,0,,0,100,Live Poker PREFLOP BIBLE,2024-04-30,after 22:08,"ACTIVE: no 2026 equivalent chart. The 2026 default facing an open is 3-bet or fold, so check before using.",no
BTN VS CO PRO OPEN,BTN,vs_open,CO,strong pro opener,Q7o,3bet,0,call,0,,0,100,Live Poker PREFLOP BIBLE,2024-04-30,after 22:08,"ACTIVE: no 2026 equivalent chart. The 2026 default facing an open is 3-bet or fold, so check before using.",no
BTN VS CO PRO OPEN,BTN,vs_open,CO,strong pro opener,J7o,3bet,0,call,0,,0,100,Live Poker PREFLOP BIBLE,2024-04-30,after 22:08,"ACTIVE: no 2026 equivalent chart. The 2026 default facing an open is 3-bet or fold, so check before using.",no
BTN VS CO PRO OPEN,BTN,vs_open,CO,strong pro opener,T7o,3bet,0,call,0,,0,100,Live Poker PREFLOP BIBLE,2024-04-30,after 22:08,"ACTIVE: no 2026 equivalent chart. The 2026 default facing an open is 3-bet or fold, so check before using.",no
BTN VS CO PRO OPEN,BTN,vs_open,CO,strong pro opener,97o,3bet,0,call,0,,0,100,Live Poker PREFLOP BIBLE,2024-04-30,after 22:08,"ACTIVE: no 2026 equivalent chart. The 2026 default facing an open is 3-bet or fold, so check before using.",no
BTN VS CO PRO OPEN,BTN,vs_open,CO,strong pro opener,87o,3bet,0,call,0,,0,100,Live Poker PREFLOP BIBLE,2024-04-30,after 22:08,"ACTIVE: no 2026 equivalent chart. The 2026 default facing an open is 3-bet or fold, so check before using.",no
BTN VS CO PRO OPEN,BTN,vs_open,CO,strong pro opener,77,3bet,0,call,100,,0,0,Live Poker PREFLOP BIBLE,2024-04-30,after 22:08,"ACTIVE: no 2026 equivalent chart. The 2026 default facing an open is 3-bet or fold, so check before using.",no
BTN VS CO PRO OPEN,BTN,vs_open,CO,strong pro opener,76s,3bet,100,call,0,,0,0,Live Poker PREFLOP BIBLE,2024-04-30,after 22:08,"ACTIVE: no 2026 equivalent chart. The 2026 default facing an open is 3-bet or fold, so check before using.",no
BTN VS CO PRO OPEN,BTN,vs_open,CO,strong pro opener,75s,3bet,0,call,0,,0,100,Live Poker PREFLOP BIBLE,2024-04-30,after 22:08,"ACTIVE: no 2026 equivalent chart. The 2026 default facing an open is 3-bet or fold, so check before using.",no
BTN VS CO PRO OPEN,BTN,vs_open,CO,strong pro opener,74s,3bet,0,call,0,,0,100,Live Poker PREFLOP BIBLE,2024-04-30,after 22:08,"ACTIVE: no 2026 equivalent chart. The 2026 default facing an open is 3-bet or fold, so check before using.",no
BTN VS CO PRO OPEN,BTN,vs_open,CO,strong pro opener,73s,3bet,0,call,0,,0,100,Live Poker PREFLOP BIBLE,2024-04-30,after 22:08,"ACTIVE: no 2026 equivalent chart. The 2026 default facing an open is 3-bet or fold, so check before using.",no
BTN VS CO PRO OPEN,BTN,vs_open,CO,strong pro opener,72s,3bet,0,call,0,,0,100,Live Poker PREFLOP BIBLE,2024-04-30,after 22:08,"ACTIVE: no 2026 equivalent chart. The 2026 default facing an open is 3-bet or fold, so check before using.",no
BTN VS CO PRO OPEN,BTN,vs_open,CO,strong pro opener,A6o,3bet,0,call,0,,0,100,Live Poker PREFLOP BIBLE,2024-04-30,after 22:08,"ACTIVE: no 2026 equivalent chart. The 2026 default facing an open is 3-bet or fold, so check before using.",no
BTN VS CO PRO OPEN,BTN,vs_open,CO,strong pro opener,K6o,3bet,0,call,0,,0,100,Live Poker PREFLOP BIBLE,2024-04-30,after 22:08,"ACTIVE: no 2026 equivalent chart. The 2026 default facing an open is 3-bet or fold, so check before using.",no
BTN VS CO PRO OPEN,BTN,vs_open,CO,strong pro opener,Q6o,3bet,0,call,0,,0,100,Live Poker PREFLOP BIBLE,2024-04-30,after 22:08,"ACTIVE: no 2026 equivalent chart. The 2026 default facing an open is 3-bet or fold, so check before using.",no
BTN VS CO PRO OPEN,BTN,vs_open,CO,strong pro opener,J6o,3bet,0,call,0,,0,100,Live Poker PREFLOP BIBLE,2024-04-30,after 22:08,"ACTIVE: no 2026 equivalent chart. The 2026 default facing an open is 3-bet or fold, so check before using.",no
BTN VS CO PRO OPEN,BTN,vs_open,CO,strong pro opener,T6o,3bet,0,call,0,,0,100,Live Poker PREFLOP BIBLE,2024-04-30,after 22:08,"ACTIVE: no 2026 equivalent chart. The 2026 default facing an open is 3-bet or fold, so check before using.",no
BTN VS CO PRO OPEN,BTN,vs_open,CO,strong pro opener,96o,3bet,0,call,0,,0,100,Live Poker PREFLOP BIBLE,2024-04-30,after 22:08,"ACTIVE: no 2026 equivalent chart. The 2026 default facing an open is 3-bet or fold, so check before using.",no
BTN VS CO PRO OPEN,BTN,vs_open,CO,strong pro opener,86o,3bet,0,call,0,,0,100,Live Poker PREFLOP BIBLE,2024-04-30,after 22:08,"ACTIVE: no 2026 equivalent chart. The 2026 default facing an open is 3-bet or fold, so check before using.",no
BTN VS CO PRO OPEN,BTN,vs_open,CO,strong pro opener,76o,3bet,0,call,0,,0,100,Live Poker PREFLOP BIBLE,2024-04-30,after 22:08,"ACTIVE: no 2026 equivalent chart. The 2026 default facing an open is 3-bet or fold, so check before using.",no
BTN VS CO PRO OPEN,BTN,vs_open,CO,strong pro opener,66,3bet,0,call,100,,0,0,Live Poker PREFLOP BIBLE,2024-04-30,after 22:08,"ACTIVE: no 2026 equivalent chart. The 2026 default facing an open is 3-bet or fold, so check before using.",no
BTN VS CO PRO OPEN,BTN,vs_open,CO,strong pro opener,65s,3bet,100,call,0,,0,0,Live Poker PREFLOP BIBLE,2024-04-30,after 22:08,"ACTIVE: no 2026 equivalent chart. The 2026 default facing an open is 3-bet or fold, so check before using.",no
BTN VS CO PRO OPEN,BTN,vs_open,CO,strong pro opener,64s,3bet,0,call,0,,0,100,Live Poker PREFLOP BIBLE,2024-04-30,after 22:08,"ACTIVE: no 2026 equivalent chart. The 2026 default facing an open is 3-bet or fold, so check before using.",no
BTN VS CO PRO OPEN,BTN,vs_open,CO,strong pro opener,63s,3bet,0,call,0,,0,100,Live Poker PREFLOP BIBLE,2024-04-30,after 22:08,"ACTIVE: no 2026 equivalent chart. The 2026 default facing an open is 3-bet or fold, so check before using.",no
BTN VS CO PRO OPEN,BTN,vs_open,CO,strong pro opener,62s,3bet,0,call,0,,0,100,Live Poker PREFLOP BIBLE,2024-04-30,after 22:08,"ACTIVE: no 2026 equivalent chart. The 2026 default facing an open is 3-bet or fold, so check before using.",no
BTN VS CO PRO OPEN,BTN,vs_open,CO,strong pro opener,A5o,3bet,0,call,0,,0,100,Live Poker PREFLOP BIBLE,2024-04-30,after 22:08,"ACTIVE: no 2026 equivalent chart. The 2026 default facing an open is 3-bet or fold, so check before using.",no
BTN VS CO PRO OPEN,BTN,vs_open,CO,strong pro opener,K5o,3bet,0,call,0,,0,100,Live Poker PREFLOP BIBLE,2024-04-30,after 22:08,"ACTIVE: no 2026 equivalent chart. The 2026 default facing an open is 3-bet or fold, so check before using.",no
BTN VS CO PRO OPEN,BTN,vs_open,CO,strong pro opener,Q5o,3bet,0,call,0,,0,100,Live Poker PREFLOP BIBLE,2024-04-30,after 22:08,"ACTIVE: no 2026 equivalent chart. The 2026 default facing an open is 3-bet or fold, so check before using.",no
BTN VS CO PRO OPEN,BTN,vs_open,CO,strong pro opener,J5o,3bet,0,call,0,,0,100,Live Poker PREFLOP BIBLE,2024-04-30,after 22:08,"ACTIVE: no 2026 equivalent chart. The 2026 default facing an open is 3-bet or fold, so check before using.",no
BTN VS CO PRO OPEN,BTN,vs_open,CO,strong pro opener,T5o,3bet,0,call,0,,0,100,Live Poker PREFLOP BIBLE,2024-04-30,after 22:08,"ACTIVE: no 2026 equivalent chart. The 2026 default facing an open is 3-bet or fold, so check before using.",no
BTN VS CO PRO OPEN,BTN,vs_open,CO,strong pro opener,95o,3bet,0,call,0,,0,100,Live Poker PREFLOP BIBLE,2024-04-30,after 22:08,"ACTIVE: no 2026 equivalent chart. The 2026 default facing an open is 3-bet or fold, so check before using.",no
BTN VS CO PRO OPEN,BTN,vs_open,CO,strong pro opener,85o,3bet,0,call,0,,0,100,Live Poker PREFLOP BIBLE,2024-04-30,after 22:08,"ACTIVE: no 2026 equivalent chart. The 2026 default facing an open is 3-bet or fold, so check before using.",no
BTN VS CO PRO OPEN,BTN,vs_open,CO,strong pro opener,75o,3bet,0,call,0,,0,100,Live Poker PREFLOP BIBLE,2024-04-30,after 22:08,"ACTIVE: no 2026 equivalent chart. The 2026 default facing an open is 3-bet or fold, so check before using.",no
BTN VS CO PRO OPEN,BTN,vs_open,CO,strong pro opener,65o,3bet,0,call,0,,0,100,Live Poker PREFLOP BIBLE,2024-04-30,after 22:08,"ACTIVE: no 2026 equivalent chart. The 2026 default facing an open is 3-bet or fold, so check before using.",no
BTN VS CO PRO OPEN,BTN,vs_open,CO,strong pro opener,55,3bet,0,call,100,,0,0,Live Poker PREFLOP BIBLE,2024-04-30,after 22:08,"ACTIVE: no 2026 equivalent chart. The 2026 default facing an open is 3-bet or fold, so check before using.",no
BTN VS CO PRO OPEN,BTN,vs_open,CO,strong pro opener,54s,3bet,0,call,0,,0,100,Live Poker PREFLOP BIBLE,2024-04-30,after 22:08,"ACTIVE: no 2026 equivalent chart. The 2026 default facing an open is 3-bet or fold, so check before using.",no
BTN VS CO PRO OPEN,BTN,vs_open,CO,strong pro opener,53s,3bet,0,call,0,,0,100,Live Poker PREFLOP BIBLE,2024-04-30,after 22:08,"ACTIVE: no 2026 equivalent chart. The 2026 default facing an open is 3-bet or fold, so check before using.",no
BTN VS CO PRO OPEN,BTN,vs_open,CO,strong pro opener,52s,3bet,0,call,0,,0,100,Live Poker PREFLOP BIBLE,2024-04-30,after 22:08,"ACTIVE: no 2026 equivalent chart. The 2026 default facing an open is 3-bet or fold, so check before using.",no
BTN VS CO PRO OPEN,BTN,vs_open,CO,strong pro opener,A4o,3bet,0,call,0,,0,100,Live Poker PREFLOP BIBLE,2024-04-30,after 22:08,"ACTIVE: no 2026 equivalent chart. The 2026 default facing an open is 3-bet or fold, so check before using.",no
BTN VS CO PRO OPEN,BTN,vs_open,CO,strong pro opener,K4o,3bet,0,call,0,,0,100,Live Poker PREFLOP BIBLE,2024-04-30,after 22:08,"ACTIVE: no 2026 equivalent chart. The 2026 default facing an open is 3-bet or fold, so check before using.",no
BTN VS CO PRO OPEN,BTN,vs_open,CO,strong pro opener,Q4o,3bet,0,call,0,,0,100,Live Poker PREFLOP BIBLE,2024-04-30,after 22:08,"ACTIVE: no 2026 equivalent chart. The 2026 default facing an open is 3-bet or fold, so check before using.",no
BTN VS CO PRO OPEN,BTN,vs_open,CO,strong pro opener,J4o,3bet,0,call,0,,0,100,Live Poker PREFLOP BIBLE,2024-04-30,after 22:08,"ACTIVE: no 2026 equivalent chart. The 2026 default facing an open is 3-bet or fold, so check before using.",no
BTN VS CO PRO OPEN,BTN,vs_open,CO,strong pro opener,T4o,3bet,0,call,0,,0,100,Live Poker PREFLOP BIBLE,2024-04-30,after 22:08,"ACTIVE: no 2026 equivalent chart. The 2026 default facing an open is 3-bet or fold, so check before using.",no
BTN VS CO PRO OPEN,BTN,vs_open,CO,strong pro opener,94o,3bet,0,call,0,,0,100,Live Poker PREFLOP BIBLE,2024-04-30,after 22:08,"ACTIVE: no 2026 equivalent chart. The 2026 default facing an open is 3-bet or fold, so check before using.",no
BTN VS CO PRO OPEN,BTN,vs_open,CO,strong pro opener,84o,3bet,0,call,0,,0,100,Live Poker PREFLOP BIBLE,2024-04-30,after 22:08,"ACTIVE: no 2026 equivalent chart. The 2026 default facing an open is 3-bet or fold, so check before using.",no
BTN VS CO PRO OPEN,BTN,vs_open,CO,strong pro opener,74o,3bet,0,call,0,,0,100,Live Poker PREFLOP BIBLE,2024-04-30,after 22:08,"ACTIVE: no 2026 equivalent chart. The 2026 default facing an open is 3-bet or fold, so check before using.",no
BTN VS CO PRO OPEN,BTN,vs_open,CO,strong pro opener,64o,3bet,0,call,0,,0,100,Live Poker PREFLOP BIBLE,2024-04-30,after 22:08,"ACTIVE: no 2026 equivalent chart. The 2026 default facing an open is 3-bet or fold, so check before using.",no
BTN VS CO PRO OPEN,BTN,vs_open,CO,strong pro opener,54o,3bet,0,call,0,,0,100,Live Poker PREFLOP BIBLE,2024-04-30,after 22:08,"ACTIVE: no 2026 equivalent chart. The 2026 default facing an open is 3-bet or fold, so check before using.",no
BTN VS CO PRO OPEN,BTN,vs_open,CO,strong pro opener,44,3bet,0,call,100,,0,0,Live Poker PREFLOP BIBLE,2024-04-30,after 22:08,"ACTIVE: no 2026 equivalent chart. The 2026 default facing an open is 3-bet or fold, so check before using.",no
BTN VS CO PRO OPEN,BTN,vs_open,CO,strong pro opener,43s,3bet,0,call,0,,0,100,Live Poker PREFLOP BIBLE,2024-04-30,after 22:08,"ACTIVE: no 2026 equivalent chart. The 2026 default facing an open is 3-bet or fold, so check before using.",no
BTN VS CO PRO OPEN,BTN,vs_open,CO,strong pro opener,42s,3bet,0,call,0,,0,100,Live Poker PREFLOP BIBLE,2024-04-30,after 22:08,"ACTIVE: no 2026 equivalent chart. The 2026 default facing an open is 3-bet or fold, so check before using.",no
BTN VS CO PRO OPEN,BTN,vs_open,CO,strong pro opener,A3o,3bet,0,call,0,,0,100,Live Poker PREFLOP BIBLE,2024-04-30,after 22:08,"ACTIVE: no 2026 equivalent chart. The 2026 default facing an open is 3-bet or fold, so check before using.",no
BTN VS CO PRO OPEN,BTN,vs_open,CO,strong pro opener,K3o,3bet,0,call,0,,0,100,Live Poker PREFLOP BIBLE,2024-04-30,after 22:08,"ACTIVE: no 2026 equivalent chart. The 2026 default facing an open is 3-bet or fold, so check before using.",no
BTN VS CO PRO OPEN,BTN,vs_open,CO,strong pro opener,Q3o,3bet,0,call,0,,0,100,Live Poker PREFLOP BIBLE,2024-04-30,after 22:08,"ACTIVE: no 2026 equivalent chart. The 2026 default facing an open is 3-bet or fold, so check before using.",no
BTN VS CO PRO OPEN,BTN,vs_open,CO,strong pro opener,J3o,3bet,0,call,0,,0,100,Live Poker PREFLOP BIBLE,2024-04-30,after 22:08,"ACTIVE: no 2026 equivalent chart. The 2026 default facing an open is 3-bet or fold, so check before using.",no
BTN VS CO PRO OPEN,BTN,vs_open,CO,strong pro opener,T3o,3bet,0,call,0,,0,100,Live Poker PREFLOP BIBLE,2024-04-30,after 22:08,"ACTIVE: no 2026 equivalent chart. The 2026 default facing an open is 3-bet or fold, so check before using.",no
BTN VS CO PRO OPEN,BTN,vs_open,CO,strong pro opener,93o,3bet,0,call,0,,0,100,Live Poker PREFLOP BIBLE,2024-04-30,after 22:08,"ACTIVE: no 2026 equivalent chart. The 2026 default facing an open is 3-bet or fold, so check before using.",no
BTN VS CO PRO OPEN,BTN,vs_open,CO,strong pro opener,83o,3bet,0,call,0,,0,100,Live Poker PREFLOP BIBLE,2024-04-30,after 22:08,"ACTIVE: no 2026 equivalent chart. The 2026 default facing an open is 3-bet or fold, so check before using.",no
BTN VS CO PRO OPEN,BTN,vs_open,CO,strong pro opener,73o,3bet,0,call,0,,0,100,Live Poker PREFLOP BIBLE,2024-04-30,after 22:08,"ACTIVE: no 2026 equivalent chart. The 2026 default facing an open is 3-bet or fold, so check before using.",no
BTN VS CO PRO OPEN,BTN,vs_open,CO,strong pro opener,63o,3bet,0,call,0,,0,100,Live Poker PREFLOP BIBLE,2024-04-30,after 22:08,"ACTIVE: no 2026 equivalent chart. The 2026 default facing an open is 3-bet or fold, so check before using.",no
BTN VS CO PRO OPEN,BTN,vs_open,CO,strong pro opener,53o,3bet,0,call,0,,0,100,Live Poker PREFLOP BIBLE,2024-04-30,after 22:08,"ACTIVE: no 2026 equivalent chart. The 2026 default facing an open is 3-bet or fold, so check before using.",no
BTN VS CO PRO OPEN,BTN,vs_open,CO,strong pro opener,43o,3bet,0,call,0,,0,100,Live Poker PREFLOP BIBLE,2024-04-30,after 22:08,"ACTIVE: no 2026 equivalent chart. The 2026 default facing an open is 3-bet or fold, so check before using.",no
BTN VS CO PRO OPEN,BTN,vs_open,CO,strong pro opener,33,3bet,0,call,100,,0,0,Live Poker PREFLOP BIBLE,2024-04-30,after 22:08,"ACTIVE: no 2026 equivalent chart. The 2026 default facing an open is 3-bet or fold, so check before using.",no
BTN VS CO PRO OPEN,BTN,vs_open,CO,strong pro opener,32s,3bet,0,call,0,,0,100,Live Poker PREFLOP BIBLE,2024-04-30,after 22:08,"ACTIVE: no 2026 equivalent chart. The 2026 default facing an open is 3-bet or fold, so check before using.",no
BTN VS CO PRO OPEN,BTN,vs_open,CO,strong pro opener,A2o,3bet,0,call,0,,0,100,Live Poker PREFLOP BIBLE,2024-04-30,after 22:08,"ACTIVE: no 2026 equivalent chart. The 2026 default facing an open is 3-bet or fold, so check before using.",no
BTN VS CO PRO OPEN,BTN,vs_open,CO,strong pro opener,K2o,3bet,0,call,0,,0,100,Live Poker PREFLOP BIBLE,2024-04-30,after 22:08,"ACTIVE: no 2026 equivalent chart. The 2026 default facing an open is 3-bet or fold, so check before using.",no
BTN VS CO PRO OPEN,BTN,vs_open,CO,strong pro opener,Q2o,3bet,0,call,0,,0,100,Live Poker PREFLOP BIBLE,2024-04-30,after 22:08,"ACTIVE: no 2026 equivalent chart. The 2026 default facing an open is 3-bet or fold, so check before using.",no
BTN VS CO PRO OPEN,BTN,vs_open,CO,strong pro opener,J2o,3bet,0,call,0,,0,100,Live Poker PREFLOP BIBLE,2024-04-30,after 22:08,"ACTIVE: no 2026 equivalent chart. The 2026 default facing an open is 3-bet or fold, so check before using.",no
BTN VS CO PRO OPEN,BTN,vs_open,CO,strong pro opener,T2o,3bet,0,call,0,,0,100,Live Poker PREFLOP BIBLE,2024-04-30,after 22:08,"ACTIVE: no 2026 equivalent chart. The 2026 default facing an open is 3-bet or fold, so check before using.",no
BTN VS CO PRO OPEN,BTN,vs_open,CO,strong pro opener,92o,3bet,0,call,0,,0,100,Live Poker PREFLOP BIBLE,2024-04-30,after 22:08,"ACTIVE: no 2026 equivalent chart. The 2026 default facing an open is 3-bet or fold, so check before using.",no
BTN VS CO PRO OPEN,BTN,vs_open,CO,strong pro opener,82o,3bet,0,call,0,,0,100,Live Poker PREFLOP BIBLE,2024-04-30,after 22:08,"ACTIVE: no 2026 equivalent chart. The 2026 default facing an open is 3-bet or fold, so check before using.",no
BTN VS CO PRO OPEN,BTN,vs_open,CO,strong pro opener,72o,3bet,0,call,0,,0,100,Live Poker PREFLOP BIBLE,2024-04-30,after 22:08,"ACTIVE: no 2026 equivalent chart. The 2026 default facing an open is 3-bet or fold, so check before using.",no
BTN VS CO PRO OPEN,BTN,vs_open,CO,strong pro opener,62o,3bet,0,call,0,,0,100,Live Poker PREFLOP BIBLE,2024-04-30,after 22:08,"ACTIVE: no 2026 equivalent chart. The 2026 default facing an open is 3-bet or fold, so check before using.",no
BTN VS CO PRO OPEN,BTN,vs_open,CO,strong pro opener,52o,3bet,0,call,0,,0,100,Live Poker PREFLOP BIBLE,2024-04-30,after 22:08,"ACTIVE: no 2026 equivalent chart. The 2026 default facing an open is 3-bet or fold, so check before using.",no
BTN VS CO PRO OPEN,BTN,vs_open,CO,strong pro opener,42o,3bet,0,call,0,,0,100,Live Poker PREFLOP BIBLE,2024-04-30,after 22:08,"ACTIVE: no 2026 equivalent chart. The 2026 default facing an open is 3-bet or fold, so check before using.",no
BTN VS CO PRO OPEN,BTN,vs_open,CO,strong pro opener,32o,3bet,0,call,0,,0,100,Live Poker PREFLOP BIBLE,2024-04-30,after 22:08,"ACTIVE: no 2026 equivalent chart. The 2026 default facing an open is 3-bet or fold, so check before using.",no
BTN VS CO PRO OPEN,BTN,vs_open,CO,strong pro opener,22,3bet,0,call,100,,0,0,Live Poker PREFLOP BIBLE,2024-04-30,after 22:08,"ACTIVE: no 2026 equivalent chart. The 2026 default facing an open is 3-bet or fold, so check before using.",no
